--- top
key                          reference    four_point   eight_point  square_plate     six_point         spike  hooked_cross
bright_share                    0.0909        0.1251        0.0972        0.0483        0.1026        0.1552        0.0626
facet_share                     0.1032        0.3579        0.2302        0.0873        0.1975        0.0401         0.203
edge_bright_band_mm              0.578         0.578         0.578         0.433         0.578         0.433           0.0
edge_peak_p50                    0.918         0.961         0.958         0.875         0.954         0.836         0.589
edge_peak_p90                    0.956         0.969         0.969         0.939         0.966         0.926         0.947
hole_ring_range                 0.0177        0.0323        0.0342        0.0073        0.0328          None          None
large_scale_var                 0.0077        0.0073        0.0058         0.005        0.0062        0.0094        0.0058
hub_large_scale_var             0.0079        0.0085        0.0064        0.0049        0.0064        0.0054        0.0065
fine_dark                       0.0029        0.0027        0.0033        0.0031        0.0031         0.025        0.0027
fine_bright                     0.0005        0.0006        0.0001           0.0        0.0003        0.0345        0.0002
fine_dark_to_bright               5.75          4.21         48.71         192.0         11.04          0.72         14.75
object_mean                     0.4706        0.4795        0.4718        0.4461         0.475        0.4859        0.4566
object_p50                      0.4434        0.4319        0.4319        0.4319        0.4319        0.4319        0.4319
reference_top profile p50: [0.71, 0.88, 0.918, 0.664, 0.451, 0.443, 0.443, 0.443, 0.443, 0.444, 0.444, 0.446, 0.447, 0.447, 0.447, 0.447, 0.447, 0.447]
reference_top hole ring: [0.3978, 0.4188, 0.4307, 0.4365, 0.4338, 0.4334, 0.4324, 0.428, 0.4272, 0.4283, 0.4308]
four_point_top profile p50: [0.957, 0.961, 0.958, 0.86, 0.47, 0.441, 0.434, 0.434, 0.434, 0.431, 0.427, 0.421, 0.425, 0.429, 0.432, 0.432, 0.432, 0.429]
four_point_top hole ring: [0.379, 0.395, 0.4084, 0.4222, 0.423, 0.412, 0.4141, 0.418, 0.4224, 0.4252, 0.4273]
eight_point_top profile p50: [0.957, 0.958, 0.954, 0.79, 0.45, 0.434, 0.433, 0.434, 0.434, 0.429, 0.429, 0.432, 0.432, 0.432, 0.432, 0.432, 0.432, 0.432]
eight_point_top hole ring: [0.3784, 0.3931, 0.4118, 0.4211, 0.423, 0.4199, 0.4188, 0.422, 0.4259, 0.4273, 0.4268]
square_plate_top profile p50: [0.872, 0.875, 0.852, 0.578, 0.427, 0.431, 0.433, 0.432, 0.432, 0.432, 0.432, 0.432, 0.432, 0.432, 0.432, 0.432, 0.432, 0.432]
square_plate_top hole ring: [0.4227, 0.4207, 0.4208, 0.4226, 0.4248, 0.427, 0.4275, 0.4275, 0.4275, 0.428, 0.4279]
six_point_top profile p50: [0.953, 0.954, 0.949, 0.789, 0.445, 0.433, 0.434, 0.433, 0.432, 0.432, 0.432, 0.432, 0.432, 0.432, 0.432, 0.432, 0.432, 0.432]
six_point_top hole ring: [0.3827, 0.3944, 0.4119, 0.4233, 0.4247, 0.4221, 0.4201, 0.4208, 0.424, 0.4254, 0.4272]
spike_top profile p50: [0.792, 0.836, 0.672, 0.583, 0.432, 0.421, 0.421, 0.424, 0.424, 0.424, 0.424, 0.424, 0.424, 0.425, 0.428, 0.428, 0.428, 0.431]
spike_top hole ring: None
hooked_cross_top profile p50: [0.587, 0.589, 0.534, 0.45, 0.432, 0.428, 0.425, 0.427, 0.428, 0.432, 0.432, 0.432, 0.432, 0.432, 0.432, 0.432, 0.429, 0.432]
hooked_cross_top hole ring: None
--- hero
key                          reference    four_point   eight_point  square_plate     six_point         spike  hooked_cross
bright_share                    0.2478        0.0382        0.0333        0.0183        0.0322        0.0807        0.0223
bright_facet_share              0.0242        0.0254        0.0225        0.0095        0.0203        0.0121        0.0112
facet_share                      0.121        0.3706        0.2494        0.1002        0.2154        0.0302        0.1945
near_facet_p50                  0.3303        0.2084        0.1824        0.2975        0.1888        0.6183         0.202
near_facet_bright_share         0.1853        0.0746        0.0827        0.0841        0.1209        0.5386        0.0414
fine_dark                       0.0055        0.0049        0.0043        0.0037        0.0046        0.0223        0.0045
fine_bright                     0.0008         0.001        0.0004        0.0002        0.0006        0.0254        0.0005
fine_dark_to_bright               6.87          5.15         10.05         18.22          7.74          0.88          10.0
object_mean                     0.4941         0.443        0.4799        0.5302        0.4954        0.3951        0.4536
object_p50                      0.5255        0.5308        0.5493        0.5543        0.5504         0.312        0.5344
reference_hero halo: [0.298, 0.352, 0.408, 0.435, 0.475, 0.526, 0.564, 0.585, 0.597, 0.609]
four_point_hero halo: [0.373, 0.416, 0.459, 0.486, 0.518, 0.538, 0.553, 0.55, 0.539, 0.538]
eight_point_hero halo: [0.376, 0.431, 0.487, 0.522, 0.549, 0.561, 0.561, 0.562, 0.561, 0.558]
square_plate_hero halo: [0.569, 0.574, 0.57, 0.569, 0.569, 0.569, 0.573, 0.573, 0.573, 0.574]
six_point_hero halo: [0.38, 0.424, 0.467, 0.518, 0.538, 0.55, 0.565, 0.573, 0.57, 0.57]
spike_hero halo: None
hooked_cross_hero halo: None
