EVENTS,Exclusive/AllWorkers/RenderPrePass,Exclusive/AllWorkers/RenderVelocities,DrawCall/SlateUI,DrawCall/Basepass,DrawCall/CustomDepth,DrawCall/Prepass,DrawCall/Distortion,DrawCall/Fog,DrawCall/FrontLayerTranslucencyGBuffer,DrawCall/Lights,DrawCall/BeginOcclusionTests,DrawCall/ScreenSpaceReflections,DrawCall/ShadowDepths,DrawCall/DistanceFieldShadows,DrawCall/SingleLayerWaterDepthPrepass,DrawCall/SingleLayerWater,DrawCall/Translucency,DrawCall/RenderVelocities,DrawCall/WaterInfoTexture,DrawCall/FXSystemPreInitViews,DrawCall/FXSystemPreRender,DrawCall/FXSystemPostRenderOpaque,SceneCulling/AllWorkers/PostSceneUpdate,Scheduler/AllWorkers/SignalStandbyThread,Exclusive/AllWorkers/RenderShadows,Exclusive/AllWorkers/UpdateGPUScene,Exclusive/AllWorkers/PrepareDistanceFieldScene,Exclusive/AllWorkers/FXSystem,Exclusive/AllWorkers/RenderLighting,Exclusive/AllWorkers/Physics,Exclusive/AllWorkers/RenderTranslucency,Exclusive/AllWorkers/RenderPostProcessing,Exclusive/AllWorkers/Material_UpdateDeferredCachedUniformExpressions,Exclusive/AllWorkers/RenderBasePass,Scheduler/RHIThread/SignalStandbyThread,TransientResourceCreateCount,TransientMemoryUsedMB,TransientMemoryAliasedMB,GPUMem/LocalBudgetMB,GPUMem/LocalUsedMB,GPUMem/SystemBudgetMB,GPUMem/SystemUsedMB,SceneCulling/AllWorkers/PreSceneUpdate,Scheduler/Oversubscription,Exclusive/AllWorkers/PrepareForwardLightData,Exclusive/AllWorkers/ComputeLightGrid,Exclusive/AllWorkers/LightFunctionAtlasGeneration,Exclusive/AllWorkers/SkyAtmosphere,Exclusive/AllWorkers/ShadowInitDynamic,ShadowCacheUsageMB,LightCount/UpdatedShadowMaps,Exclusive/AllWorkers/Slate,Exclusive/RenderThread/RenderThreadOther,Exclusive/RenderThread/RenderOther,Exclusive/RenderThread/STAT_SkinningSceneExtension,Exclusive/RenderThread/RemovePrimitiveSceneInfos,Exclusive/RenderThread/UpdatePrimitiveInstances,Exclusive/RenderThread/ConsolidateInstanceDataAllocations,Exclusive/RenderThread/AddPrimitiveSceneInfos,Exclusive/RenderThread/UpdatePrimitiveTransform,Exclusive/RenderThread/PreRender,Exclusive/RenderThread/UpdateGPUScene,Exclusive/RenderThread/VirtualTextureSystem_Update,Exclusive/RenderThread/PrepareDistanceFieldScene,Exclusive/RenderThread/InitViews_Scene,Exclusive/RenderThread/Niagara,Exclusive/RenderThread/InitViews_Shadows,Exclusive/RenderThread/EventWait/Visibility,Exclusive/RenderThread/FXSystem,Exclusive/RenderThread/GPUSort,Exclusive/RenderThread/RayTracing_FinishGatherInstances,Exclusive/RenderThread/RenderPrePass,Exclusive/RenderThread/RenderVelocities,Exclusive/RenderThread/ShadowInitDynamic,Exclusive/RenderThread/PrepareForwardLightData,Exclusive/RenderThread/ComputeLightGrid,Exclusive/RenderThread/LightFunctionAtlasGeneration,Exclusive/RenderThread/SkyAtmosphere,Exclusive/RenderThread/DeferredShadingSceneRenderer_DBuffer,Exclusive/RenderThread/RenderBasePass,Exclusive/RenderThread/RenderShadows,Exclusive/RenderThread/AfterBasePass,Exclusive/RenderThread/RenderLighting,Exclusive/RenderThread/RenderIndirectCapsuleShadows,Exclusive/RenderThread/RenderTranslucency,Exclusive/RenderThread/RenderFog,Exclusive/RenderThread/RenderLocalFogVolume,Exclusive/RenderThread/RenderOpaqueFX,Exclusive/RenderThread/RenderPostProcessing,Exclusive/RenderThread/RDG,Exclusive/RenderThread/STAT_RDG_FlushResourcesRHI,Exclusive/RenderThread/RDG_CollectResources,Exclusive/RenderThread/RDG_Execute,Exclusive/RenderThread/PostRenderCleanUp,Exclusive/RenderThread/RayTracingGeometryManager_Tick,Exclusive/RenderThread/Material_UpdateDeferredCachedUniformExpressions,Exclusive/RenderThread/Slate,Exclusive/RenderThread/EventWait,DrawSceneCommand_StartDelay,RayTracingGeometry/ReferencedSizeMB,RayTracingGeometry/RequestedSizeMB,GPUSceneInstanceCount,DistanceField/AtlasMB,DistanceField/IndirectionTableMB,DistanceField/IndirectionAtlasMB,NaniteStreaming/RootAllocationMB,NaniteStreaming/RootDataSizeMB,SceneCulling/NumUpdatedInstances,SceneCulling/NumAddedInstances,SceneCulling/NumRemovedInstances,SceneCulling/NumStaticInstances,SceneCulling/NumDynamicInstances,RayTracing/DynamicGeometrySharedVertexBufferMB,LightCount/All,LightCount/Batched,LightCount/Unbatched,PSO/PSOMisses,PSO/PSOMissesOnHitch,PSO/PSOPrevFrameMissesOnHitch,PSO/PSOComputeMisses,PSO/PSOComputeMissesOnHitch,PSO/PSOComputePrevFrameMissesOnHitch,RayTracingGeometry/TotalResidentSizeMB,RayTracingGeometry/TotalAlwaysResidentSizeMB,RenderTargetPool/UnusedMB,RenderTargetPool/PeakUsedMB,RenderTargetPoolSize,RenderTargetPoolUsed,RenderTargetPoolCount,RDGCount/Passes,RDGCount/Buffers,RDGCount/Textures,RenderThreadIdle/Total,RenderThreadIdle/CriticalPath,RenderThreadIdle/SwapBuffer,RenderThreadIdle/NonCriticalPath,RenderThreadIdle/GPUQuery,Exclusive/GameThread/Input,Exclusive/GameThread/EngineTickMisc,FileIO/GameThread/AsyncLoadingTime,Exclusive/GameThread/AsyncLoading,Exclusive/GameThread/WorldTickMisc,Exclusive/GameThread/Effects,Exclusive/GameThread/NetworkIncoming,NavigationBuildDetailed/GameThread/Navigation_RebuildDirtyAreas,NavigationBuildDetailed/GameThread/Navigation_TickAsyncBuild,NavigationBuildDetailed/GameThread/Navigation_CrowdManager,Exclusive/GameThread/NavigationBuild,Exclusive/GameThread/ResetAsyncTraceTickTime,Exclusive/GameThread/WorldPreActorTick,Exclusive/GameThread/QueueTicks,Exclusive/GameThread/TickActors,Exclusive/GameThread/PlayerControllerTick,Exclusive/GameThread/CharacterMovement,Exclusive/GameThread/Animation,Exclusive/GameThread/Physics,Exclusive/GameThread/EventWait/EndPhysics,Exclusive/GameThread/SyncBodies,Exclusive/GameThread/EventWait/PostPhysics,Exclusive/GameThread/FlushLatentActions,Exclusive/GameThread/TimerManager,Exclusive/GameThread/Tickables,Exclusive/GameThread/Landscape,Exclusive/GameThread/AIPerception,Exclusive/GameThread/EnvQueryManager,Exclusive/GameThread/Camera,Exclusive/GameThread/UpdateStreamingState,Exclusive/GameThread/RecordTickCountsToCSV,Exclusive/GameThread/RecordActorCountsToCSV,Exclusive/GameThread/ViewportMisc,Exclusive/GameThread/PostProcessSettings,Exclusive/GameThread/EndOfFrameUpdates,Exclusive/GameThread/UI,Exclusive/GameThread/DebugHUD,Exclusive/GameThread/UpdateLevelStreaming,Exclusive/GameThread/RenderAssetStreaming,Exclusive/GameThread/EventWait/RenderAssetStreaming,Slate/GameThread/TickPlatform,Slate/GameThread/DrawPrePass,Slate/GameThread/DrawWindows_Private,Exclusive/GameThread/EventWait,Exclusive/GameThread/DeferredTickTime,Exclusive/GameThread/CsvProfiler,Exclusive/GameThread/LLM,Scheduler/GameThread/SignalStandbyThread,FrameTime,FileIO/QueuedPackagesQueueDepth,FileIO/ExistingQueuedPackagesQueueDepth,StreamableManager/JITLoadersActive,StreamableManager/StreamablesInFlight,StreamableManager/TotalStreamablesQueued,StreamableManager/TotalStreamablesCancelled,StreamableManager/AvgStreamableProcessingTime,Basic/TicksQueued,ChaosPhysics/AABBTreeDirtyElementCount,ChaosPhysics/AABBTreeDirtyGridOverflowCount,ChaosPhysics/AABBTreeDirtyElementTooLargeCount,ChaosPhysics/AABBTreeDirtyElementNonEmptyCellCount,Ticks/ChaosDebugDrawComponent,Ticks/AbstractNavData,Ticks/CineCameraActor,Ticks/CineCameraComponent,Ticks/CameraComponent,Ticks/Character,Ticks/CharacterMovementComponent,Ticks/LineBatchComponent,Ticks/SkeletalMeshComponent,Ticks/SpringArmComponent,Ticks/HUD,Ticks/PhysicsFieldComponent,Ticks/PlayerController,Ticks/ArmoryViewToggleComponent,Ticks/FNiagaraWorldManagerTickFunction,Ticks/ParticleSystemManager,Ticks/StartPhysicsTick,Ticks/EndPhysicsTick,Ticks/Total,ActorCount/CineCameraActor,ActorCount/PointLight,ActorCount/RectLight,ActorCount/SpotLight,ActorCount/StaticMeshActor,ActorCount/TotalActorCount,LevelStreaming/NumLevelsLoading,LevelStreaming/NumLevelsMakingVisible,LevelStreaming/NumLevelsMakingInvisible,LevelStreaming/NumLevelsPendingPurge,LevelStreaming/NumActorsPendingPurge,DynamicResolutionVSMNanite,DynamicTranslucencyResolution,DynamicNaniteScalingShadow,DynamicNaniteScalingPrimary,View/PosX,View/PosY,View/PosZ,View/Speed,View/Speed2D,View/ForwardX,View/ForwardY,View/ForwardZ,View/UpX,View/UpY,View/UpZ,LevelStreamingProfiling/NumStreamingLevelsToConsider,TextureStreaming/StreamingPool,TextureStreaming/SafetyPool,TextureStreaming/TemporaryPool,TextureStreaming/CachedMips,TextureStreaming/WantedMips,TextureStreaming/ResidentMeshMem,TextureStreaming/StreamedMeshMem,TextureStreaming/NonStreamingMips,TextureStreaming/PendingStreamInData,TextureStreaming/DesiredDataLoadedPercent,IoDispatcher/PendingIoRequests,HttpManager/RequestsInQueue,HttpManager/MaxRequestsInQueue,HttpManager/RequestsInFlight,HttpManager/MaxRequestsInFlight,HttpManager/MaxTimeToWaitInQueue,HttpManager/DownloadedMB,HttpManager/BandwidthMbps,HttpManager/DurationMsAvg,AnimationParallelEvaluation/TotalTaskTime,AnimationParallelEvaluation/AverageTaskTime,AnimationParallelEvaluation/NumberOfTasks,AnimationParallelEvaluation/MinTaskTime,AnimationParallelEvaluation/MaxTaskTime,CsvProfiler/UpdateLatencyMs,Shaders/ShaderMemoryMB,Shaders/NumShadersLoaded,Shaders/NumShaderMaps,Shaders/NumShadersCreated,Shaders/NumShaderMapsUsedForRendering,MemoryFreeMB,PhysicalUsedMB,VirtualUsedMB,ExtendedUsedMB,SystemMaxMB,RenderThreadTime,GameThreadTime,GPUTime,RenderThreadTime_CriticalPath,GameThreadTime_CriticalPath,RHIThreadTime,MaxFrameTime,CPUUsage_Process,CPUUsage_Idle,GPU/RayTracingGeometry,GPU/DistanceFields,GPU/AllocateRendertargets,GPU/VisibilityCommands,GPU/UpdateLumenSceneBuffers,GPU/GPUSceneUpdate,GPU/NaniteStreaming,GPU/NaniteReadback,GPU/FXSystemPreRender,GPU/BuildRenderingCommandsDeferred,GPU/Prepass,GPU/RenderVelocities,GPU/NaniteVisBuffer,GPU/NaniteBasePass,GPU/HZB,GPU/BeginOcclusionTests,GPU/LightGrid,GPU/LightFunctionAtlasGeneration,GPU/SkyAtmosphereLUTs,GPU/CaptureConvolveSkyEnvMap,GPU/LumenSceneUpdate,GPU/BuildRenderingCommands,GPU/RayTracingDynamicGeometry,GPU/RayTracingScene,GPU/LumenScreenProbeGather,GPU/Basepass,GPU/RenderDeferredLighting,GPU/ShadowDepths,GPU/LumenReflections,GPU/TranslucentLighting,GPU/Lights,GPU/ShadowProjection,GPU/DistanceFieldShadows,GPU/FrontLayerTranslucencyGBuffer,GPU/TemporalSuperResolution,GPU/SkyAtmosphere,GPU/PostRenderOpsFX,GPU/FXSystemPostRenderOpaque,GPU/Translucency,GPU/Postprocessing,GPU/MotionBlur,GPU/VirtualTextureUpdate,GPU/Unaccounted,RHI/DrawCalls,RHI/PrimitivesDrawn,TextureStreaming/RenderAssetStreamingUpdate,CsvProfiler/NumTimestampsProcessed,CsvProfiler/NumCustomStatsProcessed,CsvProfiler/NumEventsProcessed,CsvProfiler/ProcessCSVStats,Exclusive/RenderThread/EventWait/Shadows,Scheduler/RenderThread/SignalStandbyThread,Exclusive/GameThread/EventWait/StartPhysics,GPU/SlateUI,Scheduler/BackgroundThreadPool #1/SignalStandbyThread,BandwidthAllocator/EffectiveBandwidthKbps,BandwidthAllocator/NumRegisteredSystems,BandwidthAllocator/Enabled,BandwidthAllocator/Enforcing,BandwidthAllocator/InGameplay,BandwidthAllocator/BandwidthPercentage,BandwidthAllocator/MinGameplayReserveKbps,BandwidthAllocator/DecisionsPerTick,BandwidthAllocator/ReallocationsPerTick,BandwidthAllocator/ErrorsPerTick,BandwidthAllocator/MeasuredBandwidthKbps,BandwidthAllocator/MeasurementAverageKbps,BandwidthAllocator/MeasurementMinKbps,BandwidthAllocator/MeasurementMaxKbps,BandwidthAllocator/MeasurementVariancePct,Scheduler/RHIInterruptThread/SignalStandbyThread
,0.017600,0.014800,0,79,0,77,0,0,14,233,59,0,454,3,0,0,13,2,0,0,0,0,0.009800,0,0.3394,0.005000,0.009200,0.001200,0.8622,0.1796,0.054100,0.1294,0.001300,0.4071,0.004500,1,768,256,11229,3565.7148,15494.9102,239.1602,0.002200,0,0,0.008100,0.002300,0.013500,0,0,0,0,0.2585,3.1317,0.068700,0.000400,0.001500,0.000300,0.000200,0.007600,0.007300,0.048000,0.005700,0.048600,0.1612,0.011000,0.006200,0.9827,0.029400,0.009000,0.048000,0.012700,0.019600,0.087000,0.011300,0.089200,0.002600,0.1139,0.009700,0.072300,0.6272,0.005200,2.3757,0.000200,0.1852,0.000500,0.000500,0.030700,0.3036,1.0125,0.026000,0.9279,0.1746,0.002000,0.010100,0.000500,0.036900,0,5.9537,8.7628,13.0955,634,16,0.2500,0,16,3.8438,1,0,0,629,1,0,115,102,13,0,-1,-1,0,-1,-1,13.9904,4.9185,0,1525.2227,1525.2227,1441.5039,95,878,535,318,0,0,0.001200,0,0,0.015600,0.095400,0.000600,0.013300,0.067900,0.043500,0.000800,0.001900,0.000300,0.002100,0.006900,0.000900,0.003800,0.022000,0.1672,0.054500,0.076700,0.1415,0.044300,0.1884,0.017000,0.047100,0.000100,0.001600,0.063000,0.008400,0.001500,0.000400,0.025900,0.006000,0.011500,0.001000,0.1491,0.015100,0.040100,0.1881,0.065900,0.001100,0.042600,0.002400,0.016700,0.022400,0.020500,5.4667,0.056800,0.006000,0.000100,0,16.1706,0,0,0,0,0,0,0,50,0,0,0,0,1,1,9,9,2,1,1,4,1,1,1,1,1,1,7,7,1,1,50,9,6,42,76,794,950,0,0,0,0,0,-100,-100,-100,-100,600,1440,107.7673,0,0,-0.000000,-1,0,0,0,1,0,13.7344,5,50,75.1289,13.7344,0,0,48.9844,0,100,0,0,0,0,0,0,0,0,0,0.4138,0.4138,1,0.4138,0.4138,45.4224,8.9635,20141,90,568,135,12271.1445,3610.2539,7259.9844,0,15880.4961,11.9375,6.6343,7.2331,11.9375,6.6343,2.9811,33.3333,5.6803,23.7476,0.000300,0.021300,0.000600,0.000700,0.001700,0.007500,0.000500,0.090400,0,0.018500,0.027400,0.037900,0.8189,0.2134,0.022500,0.006200,0.067200,0,0.047400,0.014300,0.085300,0.006100,0.033900,0.1415,0.016100,0.093000,0.4136,0.8777,0.3010,0.055200,2.3268,0.094200,0.031700,0.038400,0.6906,0.084600,0.001900,0.002400,0.061200,0.1965,0.050200,0.000600,0.6177,1058,397720,0,0,0,0,0,0,0,0,0,0,0,0,0,0,0,0,0,0,0,0,0,0,0,0,0,0
,0.017900,0.006500,0,69,0,67,0,0,13,233,27,0,454,3,0,0,12,2,0,0,0,0,0,0.005700,0.3340,0.005200,0.008600,0.001000,0.8667,0.1592,0.056200,0.1331,0.001700,0.033300,0,0,768,256,11229,3565.7148,15494.9102,239.1602,0.001900,5,0.000500,0.013600,0.002100,0.016200,0.2097,0,0,0.059000,0.2195,3.1357,0.064900,0.000200,0.001000,0.000200,0.000300,0.006700,0.008600,0.040100,0.005100,0.030600,0.1387,0.010400,0.006100,1.1963,0.031700,0.010100,0.032800,0.012400,0.020300,0.087700,0.014300,0.090300,0.002600,0.088400,0.009300,0.074800,0.6456,0.005500,2.5742,0.000400,0.2213,0.000700,0.000500,0.034400,0.3196,0.8508,0.026800,0.9854,0.1769,0.002600,0.010600,0.000600,0.040900,0.077100,8.8614,8.7628,13.0955,634,16,0.2500,0,16,3.8438,1,0,0,629,1,0,115,102,13,0,-1,-1,0,-1,-1,13.9904,4.9185,0,1525.2227,1525.2227,1525.0977,95,909,561,322,0,0,0.001000,0,0,0.028600,0.088100,0.000600,0.013200,0.097300,0.052900,0.001100,0.001700,0.000500,0.001700,0.006400,0.001200,0.003900,0.036900,0.1249,0.061900,0.084500,0.1711,0.038200,0.6514,0.014900,0,0.000200,0.001800,0.069600,0.009400,0.001700,0.000500,0.027200,0.006500,0.012700,0.001400,0.1595,0.019600,0.049100,0.2287,0.075700,0.001300,0.043800,0.002400,0.039200,0.024400,0.021700,8.2690,0.059400,0.005700,0.000100,0,7.5939,0,0,0,0,0,0,0,50,0,0,0,0,1,1,9,9,2,1,1,4,1,1,1,1,1,1,7,7,1,1,50,9,6,42,76,794,950,0,0,0,0,0,-100,-100,-100,-100,600,1440,107.7673,0,0,-0.000000,-1,0,0,0,1,0,13.7344,5,50,75.1289,13.7344,0,0,48.9844,0,100,0,0,0,0,0,0,0,0,0,0.4241,0.4241,1,0.4241,0.4241,56.3721,8.9635,20141,90,568,135,12271.1445,3606.7852,7256.6094,0,15877.9297,11.0051,2.5926,7.9917,11.0051,2.5926,3.1707,33.3333,5.3586,23.6035,0.000200,0.022500,0.000600,0.000600,0.001800,0.008800,0.000600,0.072300,0,0.020500,0.031000,0.039900,0.3506,0.1907,0.019400,0.006200,0.067200,0,0.044100,0.014000,0.081400,0.005100,0.031500,0.1287,0.015400,0.091400,0.4293,0.7286,0.3562,0.058300,3.2358,0.095200,0.031800,0.039700,0.6894,0.086900,0.002100,0.002500,0.062200,0.1966,0.050200,0.000700,0.5979,1094,406972,0,0,0,0,0,0,0,0,0.007800,0,0,0,0,0,0,0,0,0,0,0,0,0,0,0,0,0
,0.020800,0.008800,2,75,0,73,0,0,14,233,46,0,454,3,0,0,13,2,0,0,0,0,0.029800,0.011500,0.3457,0.005600,0.009500,0.001000,0.9184,0.1920,0.059600,0.1376,0.001000,0.031900,0.005900,2,768,256,11229,3565.7148,15494.9102,239.1602,0.001500,3,0.000200,0.009600,0.001800,0.015600,0.1848,0,0,0.068000,0.2553,2.5619,0.098100,0.000200,0.001400,0.000200,0.000400,0.007100,0.008000,0.048900,0.005700,0.034400,0.1355,0.011300,0.006000,1.3374,0.030100,0.009400,0.030900,0.012800,0.020700,0.087100,0.011100,0.078300,0.002100,0.074400,0.008300,0.070000,0.6015,0.005200,2.4036,0.000300,0.2085,0.000800,0.000500,0.034100,0.3672,0.6592,0.027400,0.9807,0.1795,0.002300,0.010800,0.000600,0.041400,0.3888,9.7628,8.7628,13.0955,634,16,0.2500,0,16,3.8438,1,0,0,629,1,0,115,102,13,0,-1,-1,0,-1,-1,13.9904,4.9185,0,1525.2227,1525.2227,1525.0977,95,873,561,321,0,0,0.001000,0,0,0.015200,0.081000,0.000700,0.012800,0.070100,0.040400,0.001100,0.001900,0.000300,0.001600,0.006900,0.001000,0.003700,0.025100,0.1593,0.057600,0.078600,0.1507,0.043300,0.1771,0.031800,0.1440,0.000300,0.001900,0.066700,0.009200,0.001200,0.000700,0.026800,0.006600,0.011800,0.001400,0.1392,0.014500,0.039600,0.2143,0.069900,0.001200,0.033000,0.002600,0.035300,0.023900,0.019600,9.1658,0.061900,0.007100,0.000100,0.005700,10.8599,0,0,0,0,0,0,0,50,0,0,0,0,1,1,9,9,2,1,1,4,1,1,1,1,1,1,7,7,1,1,50,9,6,42,76,794,950,0,0,0,0,0,-100,-100,-100,-100,600,1440,107.7673,0,0,-0.000000,-1,0,0,0,1,0,13.7344,5,50,75.1289,13.7344,0,0,48.9844,0,100,0,0,0,0,0,0,0,0,0,0.4460,0.4460,1,0.4460,0.4460,4.3220,8.9635,20141,90,568,135,12269.9570,3606.7891,7256.6094,0,15877.9336,11.3442,2.2077,7.9964,11.3442,2.2077,2.9818,33.3333,5.3409,23.6546,0.000200,0.022700,0.000600,0.000600,0.001700,0.007600,0.000600,0.072300,0,0.019400,0.028200,0.037900,0.3375,0.2865,0.021500,0.006200,0.066400,0,0.048300,0.013200,0.1954,0.006200,0.032600,0.1376,0.016000,0.087400,0.4345,0.7115,0.3872,0.058300,2.0621,0.093200,0.032800,0.039200,0.6879,0.092000,0.002200,0.004800,0.062200,0.1956,0.049200,0.000500,0.6164,1083,401828,0,80981,40535,0,2.3383,0,0,0,0.008600,0,0,0,0,0,0,0,0,0,0,0,0,0,0,0,0,0
,0.078800,0.019500,2,72,0,70,0,0,13,233,44,0,454,3,0,0,12,2,0,0,0,0,0,0.005700,0.3385,0.005300,0.008400,0.001000,0.9540,0.1822,0.061600,0.1434,0.001100,0.031800,0,2,768,256,11229,3565.7148,15494.9102,239.1602,0.001300,3,0.000500,0.009400,0.002100,0.014100,0.1940,0,0,0.059900,0.2484,2.6757,0.064200,0.000300,0.001200,0.000200,0.000300,0.007200,0.007300,0.041400,0.005300,0.032800,0.1713,0.011200,0.005900,0.7062,0.027200,0.008300,0.031500,0.011300,0.018300,0.1143,0.011800,0.083600,0.002500,0.1168,0.008700,0.070900,0.6233,0.005700,2.3502,0.000400,0.1853,0.000600,0.000400,0.029800,0.3593,0.6251,0.023700,0.9330,0.1365,0.002100,0.011200,0.000500,0.035100,0,9.1467,8.7628,13.0955,634,16,0.2500,0,16,3.8438,1,0,0,629,1,0,115,102,13,0,-1,-1,0,-1,-1,13.9904,4.9185,0,1525.2227,1525.2227,1525.0977,95,871,551,321,0,0,0.001100,0,0,0.015400,0.1398,0.000600,0.012600,0.070600,0.041100,0.000900,0.002300,0.000600,0.001700,0.007500,0.000900,0.004400,0.023500,0.1230,0.058000,0.079800,0.1590,0.044300,0.3968,0.014100,0,0.000300,0.002000,0.064000,0.007900,0.001400,0.000600,0.026500,0.006200,0.011600,0.001300,0.1428,0.016500,0.042900,0.5020,0.067400,0.001100,0.036600,0.002700,0.016500,0.024300,0.3224,8.2429,0.063400,0.011200,0.000200,0,11.3983,0,0,0,0,0,0,0,50,0,0,0,0,1,1,9,9,2,1,1,4,1,1,1,1,1,1,7,7,1,1,50,9,6,42,76,794,950,0,0,0,0,0,-100,-100,-100,-100,600,1440,107.7673,0,0,-0.000000,-1,0,0,0,1,0,13.7344,5,50,75.1289,13.7344,0,0,48.9844,0,100,0,0,0,0,0,0,0,0,0,0.4241,0.4241,1,0.4241,0.4241,15.1892,8.9635,20141,90,568,135,12269.9531,3608.0547,7258.2383,0,15878.0117,10.8650,2.3310,7.3461,10.8650,2.3310,2.9223,33.3333,5.4723,23.5943,0.000200,0.024200,0.000600,0.000500,0.001500,0.010000,0.001600,0.073900,0,0.017400,0.022400,0.025900,0.3578,0.1888,0.019400,0.006200,0.061900,0,0.043300,0.016000,0.2123,0.005100,0.032700,0.1350,0.016300,0.094700,0.4386,0.6661,0.3132,0.055400,2.3809,0.095300,0.030700,0.048200,0.7010,0.070200,0.001700,0.002500,0.063400,0.1966,0.050200,0.000600,0.6369,971,394946,0.052300,0,0,0,0,0.2404,0,0,0.008000,0,0,0,0,0,0,0,0,0,0,0,0,0,0,0,0,0
,0.019500,0.005800,2,70,0,68,0,0,14,233,30,0,454,3,0,0,13,2,0,0,0,0,0.008200,0.010400,0.3529,0.006700,0.010300,0.001000,0.8781,0.2001,0.053900,0.1291,0.001400,0.022000,0,0,768,256,11229,3565.7148,15494.9102,239.1602,0.001600,4,0.000400,0.012100,0.002300,0.020400,0.2034,0,0,0.059900,0.2989,2.4249,0.070400,0.000200,0.001100,0.000200,0.000200,0.005900,0.007500,0.046100,0.005300,0.035300,0.1260,0.011100,0.006100,1.4010,0.027900,0.008900,0.034000,0.012500,0.019700,0.083400,0.010800,0.074000,0.001900,0.1082,0.007500,0.065700,0.6269,0.004800,2.4825,0.000300,0.2169,0.000600,0.000300,0.032400,0.3013,0.6250,0.026400,1.0244,0.4928,0.001900,0.012700,0.000400,0.037200,0.3290,8.4654,8.7628,13.0955,634,16,0.2500,0,16,3.8438,1,0,0,629,1,0,115,102,13,0,-1,-1,0,-1,-1,13.9904,4.9185,0,1525.2227,1525.2227,1525.0977,95,871,551,321,0,0,0.001100,0,0,0.015100,0.081500,0.000600,0.011700,0.074400,0.043800,0.000900,0.001400,0.000200,0.001700,0.006200,0.001000,0.003800,0.021600,0.1645,0.055300,0.081700,0.1612,0.1118,0.1855,0.018900,0.022200,0.000200,0.005800,0.067800,0.008900,0.001800,0.000800,0.026600,0.007300,0.013500,0.001100,0.1437,0.014800,0.041700,0.2124,0.077500,0.001200,0.047900,0.002600,0.034900,0.024400,0.016600,7.7950,0.058600,0.006400,0.000100,0,10.9146,0,0,0,0,0,0,0,50,0,0,0,0,1,1,9,9,2,1,1,4,1,1,1,1,1,1,7,7,1,1,50,9,6,42,76,794,950,0,0,0,0,0,-100,-100,-100,-100,600,1440,107.7673,0,0,-0.000000,-1,0,0,0,1,0,13.7344,5,50,75.1289,13.7344,0,0,48.9844,0,100,0,0,0,0,0,0,0,0,0,0.4659,0.4659,1,0.4659,0.4659,25.2525,8.9635,20141,90,568,135,12269.3125,3608.0547,7258.2383,0,15878.0078,10.0755,2.5398,7.4933,10.0755,2.5408,2.9609,33.3333,5.7429,22.9062,0.000300,0.021400,0.000600,0.000700,0.001400,0.008500,0.000700,0.075600,0.001000,0.023500,0.019400,0.031100,0.3415,0.1941,0.019400,0.006200,0.062000,0,0.045700,0.024800,0.2253,0,0.032200,0.1360,0.015800,0.090500,0.4309,0.7812,0.2908,0.056200,3.2438,0.1003,0.032800,0.039100,0.6916,0.085800,0.003100,0.002700,0.062000,0.1955,0.050200,0.000600,0.6059,944,389662,0,0,0,0,0,0,0,0.001100,0.007600,0,0,0,0,0,0,0,0,0,0,0,0,0,0,0,0,0
,0.014100,0.008400,2,60,0,58,0,0,13,233,27,0,454,3,0,0,12,2,0,0,0,0,0.007800,0,0.3456,0.005600,0.008900,0.001300,0.8577,0.1764,0.058500,0.1221,0.001000,0.032700,0,0,768,256,11229,3565.7148,15494.9102,239.1602,0.001800,1,0.000500,0.013100,0.002400,0.019600,0.1757,0,0,0.065000,0.2883,2.7292,0.061400,0.000300,0.001200,0.000300,0.000300,0.007300,0.007000,0.041700,0.005400,0.031800,0.1246,0.009500,0.006200,1.0062,0.027500,0.008300,0.031200,0.011600,0.017900,0.073300,0.010500,0.1258,0.002600,0.1166,0.008600,0.066700,0.6085,0.004700,2.3423,0.000300,0.1851,0.000800,0.000300,0.028200,0.2951,0.7131,0.022500,0.9197,0.1734,0.002000,0.010100,0.000400,0.033600,0,9.6346,8.7628,13.0955,634,16,0.2500,0,16,3.8438,1,0,0,629,1,0,115,102,13,0,-1,-1,0,-1,-1,13.9904,4.9185,0,1525.2227,1525.2227,1525.0977,95,880,535,317,0,0,0.001200,0,0,0.015100,0.082200,0.000700,0.012900,0.069700,0.042700,0.000900,0.001800,0.000400,0.001500,0.006800,0.000900,0.004100,0.022700,0.1329,0.056600,0.079900,0.1587,0.042100,0.2618,0.019100,0.038100,0.000400,0.001600,0.064400,0.008100,0.001300,0.000500,0.026000,0.006000,0.012100,0.001100,0.1325,0.015100,0.039600,0.1995,0.065100,0.001200,0.039900,0.002300,0.032500,0.022800,0.015800,9.0090,0.080800,0.006100,0.000100,0,9.9824,0,0,0,0,0,0,0,50,0,0,0,0,1,1,9,9,2,1,1,4,1,1,1,1,1,1,7,7,1,1,50,9,6,42,76,794,950,0,0,0,0,0,-100,-100,-100,-100,600,1440,107.7673,0,0,-0.000000,-1,0,0,0,1,0,13.7344,5,50,75.1289,13.7344,0,0,48.9844,0,100,0,0,0,0,0,0,0,0,0,0.4498,0.4498,1,0.4498,0.4498,36.4033,8.9635,20141,90,568,135,12268.7500,3608.0547,7258.2383,0,15877.3672,11.1251,2.1591,8.2957,11.1251,2.1601,2.8245,33.3333,5.4932,23.0749,0.000300,0.022200,0.000600,0.000600,0.001700,0.008000,0.000600,0.073700,0.001000,0.020500,0.021700,0.029100,0.3567,0.1954,0.019400,0.005200,0.061300,0,0.048600,0.022200,0.2267,0,0.032700,0.1348,0.015700,0.088300,0.4279,0.7243,0.3649,0.057300,2.4872,0.095200,0.030700,0.038600,0.6938,0.089100,0.001900,0.002700,0.060300,0.1977,0.049100,0.000600,0.6003,952,392722,0,0,0,0,0,0,0,0.001100,0.008500,0,0,0,0,0,0,0,0,0,0,0,0,0,0,0,0,0
,0.019600,0.018000,2,64,0,62,0,0,13,233,27,0,454,3,0,0,12,2,0,0,0,0,0.009300,0,0.3647,0.005200,0.009300,0.001000,0.8776,0.1833,0.048100,0.1270,0.001500,0.026700,0.001200,1,768,256,11229,3565.7148,15494.9102,239.1602,0.001300,3,0.000100,0.007800,0.002000,0.018700,0.1780,0,0,0.056100,0.3661,2.8439,0.070400,0.000400,0.001500,0.000200,0.000400,0.008300,0.008700,0.045600,0.005600,0.034700,0.1004,0.011300,0.006000,1.5586,0.027800,0.008000,0.031300,0.011700,0.018800,0.086000,0.008200,0.066700,0.002200,0.1061,0.008500,0.066900,0.6095,0.005600,2.3601,0.000300,0.1890,0.000600,0.000400,0.030500,0.3072,1.0590,0.024100,1.0259,0.1534,0.001800,0.009900,0.000300,0.036400,0.2624,7.4709,8.7628,13.0955,634,16,0.2500,0,16,3.8438,1,0,0,629,1,0,115,102,13,0,-1,-1,0,-1,-1,13.9904,4.9185,0,1525.2227,1525.2227,1441.5039,95,880,535,317,0,0,0.000900,0,0,0.014600,0.086600,0.000600,0.011600,0.073600,0.041100,0.001000,0.001600,0.000200,0.001600,0.006200,0.001200,0.003800,0.023000,0.1780,0.068500,0.076400,0.1552,0.035500,0.1664,0.019600,1.3149,0.000300,0.001500,0.064500,0.009200,0.001400,0.000500,0.026700,0.006500,0.021800,0.001300,0.1414,0.015300,0.041700,0.1886,0.067300,0.001700,0.040400,0.002500,0.017700,0.022900,0.019200,6.8285,0.058800,0.006700,0.000100,0,11.1039,0,0,0,0,0,0,0,50,0,0,0,0,1,1,9,9,2,1,1,4,1,1,1,1,1,1,7,7,1,1,50,9,6,42,76,794,950,0,0,0,0,0,-100,-100,-100,-100,600,1440,107.7673,0,0,-0.000000,-1,0,0,0,1,0,13.7344,5,50,75.1289,13.7344,0,0,48.9844,0,100,0,0,0,0,0,0,0,0,0,1.6676,1.6676,1,1.6676,1.6676,46.5377,8.9635,20141,90,568,135,12268.4844,3608.0547,7258.2383,0,15876.8047,10.1607,3.3331,7.3919,10.1607,3.3346,2.8166,33.3333,5.2587,23.8414,0.000200,0.022100,0.000600,0.000600,0.001700,0.007300,0.000600,0.074100,0.001000,0.018500,0.027100,0.037200,0.7709,0.2806,0.021500,0.006100,0.065100,0,0.044200,0.021400,0.5173,0.005100,0.037900,0.1865,0.029400,0.1022,0.4306,0.7073,0.3810,0.056300,2.0736,0.094200,0.030700,0.039300,0.6900,0.085200,0.002200,0.002300,0.060700,0.1976,0.050200,0.000700,0.6292,1009,393972,0,0,0,0,0,0,0,0.001700,0.007100,0,0,0,0,0,0,0,0,0,0,0,0,0,0,0,0,0
,0.014700,0.009300,2,57,0,55,0,0,13,233,14,0,454,3,0,0,12,2,0,0,0,0,0.018500,0.010200,0.3252,0.005800,0.009400,0.000800,0.8719,0.1799,0.054400,0.1233,0.001000,0.026100,0.009100,0,768,256,11229,3565.7148,15494.9102,239.1602,0.001500,3,0.000300,0.008300,0.002500,0.018600,0.1985,0,0,0.1066,0.2130,3.0001,0.061600,0.000200,0.001400,0.000200,0.000200,0.006600,0.007700,0.040000,0.005300,0.031200,0.1093,0.010700,0.005300,1.2315,0.028400,0.008400,0.033500,0.012000,0.018800,0.079200,0.016600,0.079300,0.002700,0.1045,0.011800,0.074900,0.6211,0.005100,2.3967,0.000300,0.1982,0.000600,0.000500,0.030900,0.3798,0.7361,0.026900,1.0346,0.1921,0.001700,0.009100,0.000400,0.034400,0,10.0104,8.7628,13.0955,634,16,0.2500,0,16,3.8438,1,0,0,629,1,0,115,102,13,0,-1,-1,0,-1,-1,13.9904,4.9185,0,1525.2227,1525.2227,1525.0977,95,880,535,317,0,0,0.000800,0,0,0.018600,0.086500,0.000700,0.013000,0.069500,0.038300,0.000900,0.001700,0.000200,0.001600,0.006700,0.001100,0.004300,0.025400,0.1260,0.060800,0.082100,0.1747,0.039700,0.3067,0.022300,0,0.000200,0.001700,0.064000,0.008600,0.001600,0.000700,0.037700,0.006700,0.012400,0.001100,0.1392,0.014000,0.040700,0.2058,0.068000,0.001200,0.043000,0.002400,0.034800,0.022500,0.017000,9.4433,0.060700,0.005900,0.000200,0,10.1807,0,0,0,0,0,0,0,50,0,0,0,0,1,1,9,9,2,1,1,4,1,1,1,1,1,1,7,7,1,1,50,9,6,42,76,794,950,0,0,0,0,0,-100,-100,-100,-100,600,1440,107.7673,0,0,-0.000000,-1,0,0,0,1,0,13.7344,5,50,75.1289,13.7344,0,0,48.9844,0,100,0,0,0,0,0,0,0,0,0,0.4203,0.4203,1,0.4203,0.4203,58.1594,8.9635,20141,90,568,135,12267.6953,3608.0625,7258.2383,0,15876.5469,11.5595,2.1559,7.8901,11.5595,2.1572,2.8939,33.3333,5.3033,22.5699,0.000600,0.021900,0.000700,0.000600,0.001800,0.007800,0.001600,0.072100,0,0.023500,0.030600,0.040600,0.3512,0.1961,0.022500,0.005100,0.065400,0,0.047500,0.008600,0.079600,0.006200,0.032700,0.1340,0.015700,0.090300,0.4285,0.7084,0.3525,0.056400,2.4956,0.095300,0.031700,0.039900,1.1138,0.4823,0.001800,0.002700,0.063700,0.2070,0.049100,0.000600,0.6045,1023,390046,0,0,0,0,0,0,0.003300,0.001500,0.007800,0,0,0,0,0,0,0,0,0,0,0,0,0,0,0,0,0
,0.019200,0.007900,2,56,0,54,0,0,13,233,14,0,454,3,0,0,12,2,0,0,0,0,0.008900,0.026600,0.3377,0.005100,0.009200,0.001200,0.8482,0.2025,0.053600,0.1278,0.001200,0.021200,0.002500,1,768,256,11229,3565.7148,15494.9102,239.1602,0.001500,3,0.000200,0.008600,0.001800,0.018800,0.1802,0,0,0.056700,0.2988,2.7945,0.060300,0.000300,0.001200,0.000300,0.000300,0.007000,0.007000,0.045000,0.005700,0.032100,0.1267,0.010800,0.006200,1.2158,0.025300,0.008100,0.028300,0.011400,0.018600,0.077700,0.011100,0.073000,0.002100,0.1050,0.008600,0.073600,0.6124,0.004900,2.3194,0.000300,0.1842,0.000500,0.000300,0.029500,0.3818,0.6986,0.024200,0.9315,0.1488,0.001900,0.010900,0.000400,0.034500,0.071700,8.0837,8.7628,13.0955,634,16,0.2500,0,16,3.8438,1,0,0,629,1,0,115,102,13,0,-1,-1,0,-1,-1,13.9904,4.9185,0,1525.2227,1525.2227,1525.0977,95,880,535,317,0,0,0.000800,0,0,0.016400,0.083300,0.000600,0.012900,0.076000,0.042900,0.000900,0.001500,0.000200,0.001500,0.006100,0.001000,0.003700,0.023200,0.1558,0.056900,0.084100,0.1612,0.039800,0.1947,0.033400,1.3800,0.000300,0.001500,0.082000,0.009100,0.001400,0.000900,0.028800,0.006100,0.023300,0.001400,0.1434,0.015800,0.043800,0.2032,0.068400,0.001300,0.045100,0.002400,0.032000,0.021200,0.021500,7.4262,0.060400,0.006900,0.000200,0.004700,11.5680,0,0,0,0,0,0,0,50,0,0,0,0,1,1,9,9,2,1,1,4,1,1,1,1,1,1,7,7,1,1,50,9,6,42,76,794,950,0,0,0,0,0,-100,-100,-100,-100,600,1440,107.7673,0,0,-0.000000,-1,0,0,0,1,0,13.7344,5,50,75.1289,13.7344,0,0,48.9844,0,100,0,0,0,0,0,0,0,0,0,1.7636,1.7636,1,1.7636,1.7636,7.1475,8.9635,20141,90,568,135,12266.7109,3608.0625,7258.2383,0,15875.7578,10.9215,3.4353,7.6709,10.9215,3.4363,2.9885,33.3333,5.1101,22.5590,0.000600,0.022200,0.000600,0.000600,0.001700,0.007900,0.000600,0.073200,0,0.018400,0.026900,0.037600,0.3365,0.1918,0.018500,0.006100,0.065400,0,0.046800,0.008400,0.078200,0.006100,0.031500,0.1367,0.015400,0.097000,0.4144,0.6997,0.3902,0.055300,2.0489,0.094200,0.030700,0.039200,0.6865,0.087600,0.002200,0.002700,0.062300,0.1977,0.050200,0.000600,0.6050,1020,389222,0,2364,1327,0,0.7558,0,0,0.001200,0.008000,0,0,0,0,0,0,0,0,0,0,0,0,0,0,0,0,0
,0.016100,0.016300,2,55,0,53,0,0,13,233,13,0,454,3,0,0,12,2,0,0,0,0,0,0.003000,0.3310,0.005800,0.009000,0.000800,0.9876,0.1729,0.054500,0.1294,0,0.027900,0.002100,0,768,256,11229,3565.7148,15494.9102,239.1602,0,4,0.000200,0.009700,0.002200,0.017700,0.1714,0,0,0.056700,0.2270,3.1458,0.077500,0.000300,0.001500,0.000200,0.000300,0.008000,0.024700,0.047600,0.005800,0.034700,0.1508,0.012400,0.007200,1.9709,0.030900,0.008800,0.040400,0.012000,0.019900,0.072600,0.010300,0.073900,0.002200,0.082800,0.008500,0.075300,0.6188,0.005600,2.3558,0.000400,0.1917,0.000600,0.000400,0.028500,0.3074,0.7230,0.023500,0.9391,0.1239,0.001900,0.009700,0.000600,0.032700,0.3451,8.9501,8.7628,13.0955,634,16,0.2500,0,16,3.8438,1,0,0,629,1,0,115,102,13,0,-1,-1,0,-1,-1,13.9904,4.9185,0,1525.2227,1525.2227,1525.0977,95,913,561,321,0,0,0.001200,0,0,0.014600,0.077200,0.000600,0.011500,0.070400,0.040200,0.000700,0.001600,0.000400,0.001500,0.006200,0.000800,0.003700,0.020900,0.1548,0.057800,0.082000,0.1578,0.039600,0.1623,0.020500,0.1140,0.000200,0.001500,0.066200,0.008500,0.001600,0.000700,0.028300,0.006900,0.013000,0.001100,0.1373,0.013800,0.041500,0.1910,0.067400,0.001000,0.022600,0.003800,0.017900,0.022900,0.017600,8.4700,0.057200,0.006500,0.000100,0,10.9449,0,0,0,0,0,0,0,50,0,0,0,0,1,1,9,9,2,1,1,4,1,1,1,1,1,1,7,7,1,1,50,9,6,42,76,794,950,0,0,0,0,0,-100,-100,-100,-100,600,1440,107.7673,0,0,-0.000000,-1,0,0,0,1,0,13.7344,5,50,75.1289,13.7344,0,0,48.9844,0,100,0,0,0,0,0,0,0,0,0,0.4178,0.4178,1,0.4178,0.4178,17.7229,8.9635,20141,90,568,135,12266.6328,3608.0625,7258.2383,0,15874.7734,10.5343,2.1502,7.2324,10.5343,2.1512,2.8344,33.3333,5.2928,23.3801,0.000600,0.022200,0.000600,0.000600,0.001600,0.009200,0.000700,0.074800,0.001000,0.023500,0.021100,0.026500,0.3585,0.2202,0.019500,0.005100,0.066800,0,0.045400,0.008700,0.079700,0.006100,0.033200,0.5601,0.018900,0.099800,0.4262,0.6918,0.3477,0.059400,2.4268,0.095200,0.035800,0.038200,0.6846,0.1000,0.002000,0.002300,0.059800,0.1945,0.048100,0.000600,0.6181,1064,400378,0,0,0,0,0,0,0.001900,0.001100,0.008500,0,0,0,0,0,0,0,0,0,0,0,0,0,0,0,0,0
,0.018700,0.006700,2,70,0,68,0,0,14,233,24,0,454,3,0,0,13,2,0,0,0,0,0.018300,0.013200,0.3199,0.006000,0.008800,0.001100,0.8327,0.2049,0.051600,0.1204,0.002600,0.031700,0,1,768,256,11229,3565.7148,15494.9102,239.1602,0.003300,4,0.000100,0.007500,0.001900,0.017100,0.1856,0,0,0.053400,0.2701,2.6171,0.061900,0.000300,0.001300,0.000200,0.000300,0.008200,0.006300,0.040500,0.005700,0.033300,0.1231,0.011800,0.006000,0.7335,0.027600,0.008800,0.027500,0.011100,0.018600,0.082400,0.009500,0.069300,0.002000,0.073800,0.008000,0.068700,0.5925,0.005500,2.3225,0.000200,0.1965,0.000500,0.000400,0.029500,0.3003,0.6122,0.024800,0.8940,0.1785,0.001500,0.009100,0.000700,0.034700,0.083400,10.2926,8.7628,13.0955,634,16,0.2500,0,16,3.8438,1,0,0,629,1,0,115,102,13,0,-1,-1,0,-1,-1,13.9904,4.9185,0,1525.2227,1525.2227,1525.0977,95,879,561,322,0,0,0.000900,0,0,0.014400,0.080900,0.000600,0.011500,0.071600,0.044100,0.000800,0.002000,0.000300,0.001400,0.006900,0.001300,0.004300,0.023600,0.1568,0.058200,0.089500,0.1716,0.046400,0.2040,0.019300,0.049800,0.000300,0.001500,0.068900,0.009600,0.001400,0.000500,0.028300,0.006100,0.012900,0.001300,0.1420,0.016100,0.041600,0.2007,0.066600,0.001200,0.035000,0.002200,0.031400,0.022600,0.020000,9.7290,0.057300,0.006200,0.000100,0.001500,10.5371,0,0,0,0,0,0,0,50,0,0,0,0,1,1,9,9,2,1,1,4,1,1,1,1,1,1,7,7,1,1,50,9,6,42,76,794,950,0,0,0,0,0,-100,-100,-100,-100,600,1440,107.7673,0,0,-0.000000,-1,0,0,0,1,0,13.7344,5,50,75.1289,13.7344,0,0,48.9844,0,100,0,0,0,0,0,0,0,0,0,0.4380,0.4380,1,0.4380,0.4380,29.5618,8.9635,20141,90,568,135,12265.6562,3608.0625,7258.2383,0,15874.6953,11.8855,2.0857,7.5955,11.8855,2.0867,2.9551,33.3333,5.1108,23.7849,0.000200,0.022400,0.000600,0.000600,0.001700,0.008000,0.001600,0.072500,0,0.018500,0.029500,0.041800,0.3389,0.1927,0.019400,0.006200,0.066100,0,0.044300,0.020300,0.2084,0.006200,0.032600,0.1350,0.015200,0.091200,0.9022,0.7382,0.2828,0.057300,2.4029,0.096300,0.030700,0.040100,0.6945,0.4854,0.003600,0.004700,0.063800,0.1986,0.049200,0.000500,0.5956,1071,402390,0.051900,0,0,0,0,0,0.001600,0.001200,0.008600,0.002600,0,0,0,0,0,0,0,0,0,0,0,0,0,0,0,0
,0.013000,0.007900,0,0,0,0,0,0,0,0,0,0,0,0,0,0,0,0,0,0,0,0,0,0.006800,0.3095,0.005800,0.009100,0.000900,0.8369,0.1840,0.049300,0.1213,0,0.030600,0.001200,1,768,256,11229,3565.7148,15494.9102,239.1602,0,4,0.000200,0.011100,0.002400,0.014900,0.1969,0,0,0.055800,0.2534,3.0588,0.061500,0.000300,0.001200,0.000200,0.000300,0.007000,0.006700,0.039500,0.004800,0.030800,0.1368,0.010600,0.005900,1.2566,0.027600,0.008900,0.032800,0.011700,0.019200,0.084000,0.011500,0.077400,0.002000,0.075100,0.008000,0.069200,0.5766,0.005000,2.4703,0.000400,0.2127,0.000600,0.000400,0.031800,0.3200,0.8019,0.024400,0.9825,0.1417,0.002100,0.011000,0.000500,0.036800,0,8.0382,8.7628,13.0955,634,16,0.2500,0,16,3.8438,1,0,0,629,1,0,115,102,13,0,-1,-1,0,-1,-1,13.9904,4.9185,0,1525.2227,1525.2227,1525.0977,95,904,561,322,0,0,0.001000,0,0,0.016200,0.079600,0.000600,0.011500,0.070100,0.039600,0.000900,0.001800,0.000300,0.001500,0.006000,0.001000,0.004100,0.025000,0.1610,0.057900,0.090100,0.1608,0.042300,0.1727,0.024500,0.1132,0.000100,0.001600,0.062000,0.008700,0.001200,0.000400,0.024500,0.006100,0.013000,0.001300,0.1385,0.016500,0.041600,0.2021,0.069500,0.001000,0.044500,0.002800,0.033100,0.022100,0.016400,7.4367,0.057500,0.006500,0.000100,0,11.8973,0,0,0,0,0,0,0,50,0,0,0,0,1,1,9,9,2,1,1,4,1,1,1,1,1,1,7,7,1,1,50,9,6,42,76,794,950,0,0,0,0,0,-100,-100,-100,-100,600,1440,107.7673,0,0,-0.000000,-1,0,0,0,1,0,13.7344,5,50,75.1289,13.7344,0,0,48.9844,0,100,0,0,0,0,0,0,0,0,0,0.4769,0.4769,1,0.4769,0.4769,39.1909,8.9635,20141,90,568,135,12265.6562,3608.0625,7258.2383,0,15873.7188,9.6307,2.1729,7.5955,9.6307,2.1739,2.8793,33.3333,5.9113,23.6352,0.000600,0.021200,0.000600,0.000900,0.001700,0.007400,0.000600,0.072800,0.001100,0.017500,0.021100,0.033100,0.3491,0.3041,0.019500,0.005100,0.070800,0,0.046800,0.012400,0.2010,0.005100,0.032600,0.1443,0.015400,0.088500,0.4310,0.6921,0.3860,0.057300,2.0717,0.094200,0.030700,0.039200,0.6926,0.089000,0.002400,0.004700,0.060500,0.1976,0.050200,0.000600,0.6218,944,386630,0,0,0,0,0,0,0.004700,0.001200,0.007900,0,0,0,0,0,0,0,0,0,0,0,0,0,0,0,0,0
,0.021700,0.005900,4,121,0,117,0,0,26,466,57,0,908,6,0,0,24,4,0,0,0,0,0.1063,0.018300,0.3319,0.006000,0.008200,0.001100,0.8414,0.2157,0.054400,0.1325,0.001600,0.029200,0,1,768,256,11229,3565.7148,15494.9102,239.1602,0.001000,3,0.000200,0.008600,0.002200,0.013600,0.1842,0,0,0.058500,0.2738,2.8754,0.064700,0.000200,0.001300,0.000200,0.000400,0.007600,0.007200,0.045700,0.005000,0.033500,0.1034,0.010700,0.006900,0.8952,0.030100,0.009100,0.031100,0.013500,0.018800,0.099100,0.011200,0.091700,0.002600,0.082600,0.009400,0.070200,0.6086,0.004700,2.3202,0.000300,0.1823,0.000800,0.000400,0.031800,0.3586,0.8158,0.024600,0.9243,0.1511,0.002200,0.010600,0.000500,0.036200,0.2039,9.3819,8.7628,13.0955,634,16,0.2500,0,16,3.8438,1,0,0,629,1,0,115,102,13,0,-1,-1,0,-1,-1,13.9904,4.9185,0,1525.2227,1525.2227,1525.0977,95,879,535,318,0,0,0.000800,0,0,0.024100,0.082000,0.000600,0.012400,0.069700,0.041600,0.000800,0.001600,0.000300,0.001800,0.006800,0.001100,0.003900,0.024200,0.1620,0.055300,0.079400,0.1524,0.047900,0.2018,0.021200,0.039300,0.000300,0.001500,0.068000,0.008700,0.001100,0.000500,0.026700,0.006300,0.011800,0.001200,0.1324,0.014800,0.039100,0.1821,0.066400,0.001000,0.040300,0.002300,0.016000,0.022400,0.016300,8.8805,0.058800,0.006500,0.000200,0,9.6049,0,0,0,0,0,0,0,50,0,0,0,0,1,1,9,9,2,1,1,4,1,1,1,1,1,1,7,7,1,1,50,9,6,42,76,794,950,0,0,0,0,0,-100,-100,-100,-100,600,1440,107.7673,0,0,-0.000000,-1,0,0,0,1,0,13.7344,5,50,75.1289,13.7344,0,0,48.9844,0,100,0,0,0,0,0,0,0,0,0,0.4336,0.4336,1,0.4336,0.4336,50.1664,8.9635,20141,90,568,135,12265.5039,3608.0625,7258.2383,0,15873.7188,10.9292,2.1261,7.3734,10.9292,2.1270,2.8651,33.3333,5.2431,23.5044,0.000300,0.021600,0.000600,0.000600,0.001700,0.009600,0.000500,0.073500,0,0.023600,0.027600,0.034500,0.3707,0.2359,0.020500,0.006100,0.062700,0,0.044300,0.011100,0.2129,0.005100,0.032900,0.1337,0.018600,0.095700,0.8662,0.6981,0.3409,0.055400,2.4235,0.095300,0.031700,0.039500,0.6995,0.076300,0.001800,0.002500,0.064600,0.1987,0.050200,0.000600,0.6251,1036,395790,0,0,0,0,0,0.3220,0,0.001100,0.008000,0,0,0,0,0,0,0,0,0,0,0,0,0,0,0,0,0
,0.028300,0.006300,2,59,0,57,0,0,13,233,27,0,454,3,0,0,12,2,0,0,0,0,0.026900,0.016300,0.3535,0.005300,0.009700,0.001200,0.9402,0.1911,0.053900,0.1371,0.002600,0.032800,0.001400,1,768,256,11229,3565.7148,15494.9102,239.1602,0.004000,6,0.000300,0.010000,0.002800,0.016700,0.1830,0,0,0.059300,0.2532,2.9983,0.071900,0.000200,0.001400,0.000200,0.000300,0.007000,0.007200,0.047000,0.006000,0.035200,0.1277,0.010500,0.006300,1.4469,0.029300,0.009500,0.029000,0.012200,0.019700,0.076800,0.017400,0.077400,0.002400,0.075700,0.008100,0.067300,0.5949,0.004400,2.3176,0.000200,0.1878,0.000600,0.000300,0.029200,0.3059,0.7744,0.024500,0.9354,0.4809,0.002000,0.014600,0.000500,0.038100,0.2153,9.2752,8.7628,13.0955,634,16,0.2500,0,16,3.8438,1,0,0,629,1,0,115,102,13,0,-1,-1,0,-1,-1,13.9904,4.9185,0,1525.2227,1525.2227,1525.0977,95,879,535,318,0,0,0.001900,0,0,0.015900,0.087000,0.000500,0.012700,0.071700,0.043500,0.000800,0.001700,0.000300,0.001700,0.006700,0.001200,0.004000,0.024200,0.1835,0.055700,0.077000,0.1531,0.057400,0.1682,0.028000,0.1117,0.000300,0.006200,0.062800,0.008700,0.001500,0.000500,0.026100,0.006400,0.012000,0.001100,0.1502,0.016100,0.044300,0.2313,0.075900,0.001400,0.042900,0.002300,0.035700,0.024800,0.021000,8.6420,0.063200,0.006000,0.000100,0,10.8525,0,0,0,0,0,0,0,50,0,0,0,0,1,1,9,9,2,1,1,4,1,1,1,1,1,1,7,7,1,1,50,9,6,42,76,794,950,0,0,0,0,0,-100,-100,-100,-100,600,1440,107.7673,0,0,-0.000000,-1,0,0,0,1,0,13.7344,5,50,75.1289,13.7344,0,0,48.9844,0,100,0,0,0,0,0,0,0,0,0,0.5125,0.5125,1,0.5125,0.5125,60.9528,8.9635,20141,90,568,135,12265.5273,3608.0625,7258.2383,0,15873.5664,10.7973,2.0383,7.7962,10.7973,2.0393,3.0251,33.3333,5.5966,21.6291,0.000200,0.021400,0.000700,0.000600,0.001800,0.007700,0.000600,0.073700,0,0.020500,0.028200,0.035900,0.3452,0.1979,0.018400,0.007200,0.067200,0,0.043400,0.012800,0.080400,0.006100,0.032700,0.1301,0.015400,0.095200,0.4261,0.7352,0.3542,0.055200,2.4596,0.095200,0.030800,0.039400,0.7566,0.071800,0.001800,0.002300,0.059700,0.1958,0.050100,0.000700,1.0267,1097,406896,0,0,0,0,0,0,0,0.001200,0.008200,0,0,0,0,0,0,0,0,0,0,0,0,0,0,0,0,0
,0.015600,0.3077,2,79,0,77,0,0,14,233,41,0,454,3,0,0,13,2,0,0,0,0,0.010000,0.012000,0.3301,0.005500,0.008300,0.001400,0.8737,0.3938,0.050300,0.1213,0,0.039500,0,0,768,256,11229,3565.7148,15494.9102,239.1602,0.001900,6,0,0.007900,0.002300,0.013000,0.2227,0,0,0.061300,0.2795,3.0186,0.064000,0.000300,0.001200,0.000300,0.000200,0.006100,0.006400,0.038500,0.005500,0.029800,0.1228,0.010800,0.006400,1.0672,0.029100,0.008800,0.029000,0.012700,0.018400,0.081700,0.010700,0.078700,0.002200,0.077500,0.008700,0.068000,0.6240,0.005300,2.4539,0.000500,0.2006,0.000600,0.000300,0.030100,0.3235,0.7971,0.025100,0.9644,0.1270,0.001900,0.010500,0.000400,0.034400,0,9.8710,8.7628,13.0955,634,16,0.2500,0,16,3.8438,1,0,0,629,1,0,115,102,13,0,-1,-1,0,-1,-1,13.9904,4.9185,0,1525.2227,1525.2227,1525.0977,95,879,535,318,0,0,0.000900,0,0,0.016400,0.080500,0.000600,0.012100,0.070500,0.039100,0.001100,0.001700,0.000200,0.001500,0.006300,0.001100,0.004700,0.021600,0.1345,0.056800,0.079400,0.1739,0.040800,0.3578,0.018300,0,0.000100,0.001800,0.070300,0.009500,0.001200,0.000500,0.026600,0.006800,0.012200,0.001100,0.1399,0.014200,0.042500,0.2028,0.067200,0.001100,0.040800,0.002300,0.031700,0.021400,0.017800,9.2308,0.059200,0.006000,0.000100,0,10.8492,0,0,0,0,0,0,0,50,0,0,0,0,1,1,9,9,2,1,1,4,1,1,1,1,1,1,7,7,1,1,50,9,6,42,76,794,950,0,0,0,0,0,-100,-100,-100,-100,600,1440,107.7673,0,0,-0.000000,-1,0,0,0,1,0,13.7344,5,50,75.1289,13.7344,0,0,48.9844,0,100,0,0,0,0,0,0,0,0,0,0.4306,0.4306,1,0.4306,0.4306,10.1856,8.9635,20141,90,568,135,12265.5234,3608.0625,7258.2383,0,15873.5898,11.3921,2.2271,7.6646,11.3921,2.2279,3.0002,33.3333,5.5991,22.5128,0.000200,0.021000,0.000500,0.000600,0.001800,0.007800,0.000600,0.072100,0,0.017400,0.021000,0.036200,0.3657,0.1872,0.019400,0.006200,0.065500,0,0.044500,0.011000,0.086100,0.005100,0.033300,0.1371,0.015800,0.091300,0.4253,0.7573,0.3369,0.057400,2.4821,0.095200,0.031700,0.038800,0.6918,0.095700,0.002200,0.002600,0.063200,0.1967,0.050200,0.000700,0.6011,1063,394648,0,2382,1327,0,1.7279,0,0,0.001000,0.008500,0,0,0,0,0,0,0,0,0,0,0,0,0,0,0,0,0
,0.020200,0.006600,2,69,0,67,0,0,13,233,30,0,454,3,0,0,12,2,0,0,0,0,0,0.003900,0.3412,0.004800,0.008900,0.001100,0.8558,0.1799,0.050900,0.1236,0.003600,0.029100,0.000800,1,768,256,11229,3565.7148,15494.9102,239.1602,0,3,0.000300,0.011000,0.001900,0.013600,0.1799,0,0,0.056600,0.2949,3.1876,0.084200,0.000200,0.001600,0.000300,0.000400,0.007900,0.007500,0.052400,0.006300,0.035900,0.1484,0.012000,0.007000,1.4945,0.032400,0.010100,0.038100,0.012100,0.020400,0.083400,0.011100,0.089800,0.002200,0.089000,0.009900,0.082300,0.6388,0.005200,2.5809,0.000700,0.2199,0.000700,0.000300,0.033500,0.3617,1.0642,0.028600,0.9882,0.1643,0.002000,0.011600,0.000700,0.036500,0.1679,8.3311,8.7628,13.0955,634,16,0.2500,0,16,3.8438,1,0,0,629,1,0,115,102,13,0,-1,-1,0,-1,-1,13.9904,4.9185,0,1525.2227,1525.2227,1441.5039,95,879,535,318,0,0,0.000900,0,0,0.014900,0.081900,0.000600,0.011200,0.072200,0.040500,0.000800,0.001700,0.000300,0.001500,0.006300,0.001100,0.003900,0.022300,0.1258,0.056800,0.078700,0.1648,0.040900,1.0842,0.015800,0,0.000200,0.001800,0.066500,0.008900,0.001300,0.000400,0.026200,0.006700,0.012500,0.001200,0.1419,0.014800,0.040900,0.1872,0.067100,0.001200,0.042900,0.002300,0.017100,0.023200,0.016500,7.7812,0.058900,0.006500,0.000100,0,11.4689,0,0,0,0,0,0,0,50,0,0,0,0,1,1,9,9,2,1,1,4,1,1,1,1,1,1,7,7,1,1,50,9,6,42,76,794,950,0,0,0,0,0,-100,-100,-100,-100,600,1440,107.7673,0,0,-0.000000,-1,0,0,0,1,0,13.7344,5,50,75.1289,13.7344,0,0,48.9844,0,100,0,0,0,0,0,0,0,0,0,0.4376,0.4376,1,0.4376,0.4376,20.8964,8.9635,20141,90,568,135,12265.6719,3608.0625,7258.2383,0,15873.5859,10.7265,2.9414,7.3121,10.7265,2.9414,2.8273,33.3333,5.4836,22.8862,0.000200,0.022300,0.000500,0.000600,0.001600,0.008800,0.001900,0.072400,0,0.024500,0.030600,0.039000,0.5354,0.3165,0.018400,0.007200,0.066400,0,0.045600,0.015700,0.083300,0.005100,0.033400,0.1373,0.016000,0.1023,0.4388,1.6836,0.3898,0.059400,2.0879,0.094200,0.030700,0.038100,0.6887,0.069700,0.001900,0.002400,0.063400,0.1989,0.049100,0.000600,0.5909,1087,403724,0,0,0,0,0,0,0,0,0.008300,0,0,0,0,0,0,0,0,0,0,0,0,0,0,0,0,0
,0.3874,0.004400,2,74,0,72,0,0,14,233,41,0,454,3,0,0,13,2,0,0,0,0,0.018300,0.005700,0.3525,0.006100,0.009600,0.001100,0.9049,0.2142,0.054700,0.1289,0.002000,0.029100,0,2,768,256,11229,3565.7148,15494.9102,239.1602,0.003800,5,0.000400,0.011900,0.002700,0.014600,0.1962,0,0,0.060500,0.2184,2.9205,0.067400,0.000200,0.001300,0.000300,0.000200,0.007100,0.008000,0.049000,0.005400,0.033200,0.1387,0.011000,0.006200,1.1606,0.040600,0.008900,0.033200,0.011900,0.018900,0.089500,0.009200,0.081200,0.002300,0.083700,0.010800,0.069800,0.6339,0.004800,2.3942,0.000300,0.2013,0.000600,0.000300,0.033600,0.3135,0.7518,0.026900,1.0023,0.1079,0.002800,0.011400,0.000500,0.037200,0,10.6784,8.7628,13.0955,634,16,0.2500,0,16,3.8438,1,0,0,629,1,0,115,102,13,0,-1,-1,0,-1,-1,13.9904,4.9185,0,1525.2227,1525.2227,1525.0977,95,880,535,318,0,0,0.001000,0,0,0.015100,0.082800,0.000700,0.012700,0.079000,0.042800,0.001000,0.002000,0.000300,0.001600,0.006900,0.001300,0.003800,0.024000,0.1412,0.059400,0.080100,0.1696,0.050000,0.1979,0.032800,0.071300,0.000300,0.001400,0.067400,0.008700,0.001000,0.000600,0.028300,0.006700,0.013800,0.001400,0.1503,0.015600,0.046500,0.2169,0.071700,0.001300,0.023900,0.003700,0.034300,0.023900,0.018000,10.2077,0.059000,0.006600,0.000100,0,10.5248,0,0,0,0,0,0,0,50,0,0,0,0,1,1,9,9,2,1,1,4,1,1,1,1,1,1,7,7,1,1,50,9,6,42,76,794,950,0,0,0,0,0,-100,-100,-100,-100,600,1440,107.7673,0,0,-0.000000,-1,0,0,0,1,0,13.7344,5,50,75.1289,13.7344,0,0,48.9844,0,100,0,0,0,0,0,0,0,0,0,0.4487,0.4487,1,0.4487,0.4487,33.1356,8.9635,20141,90,568,135,12265.3438,3608.0625,7258.2383,0,15873.7344,12.1308,1.9923,8.3399,12.1308,1.9923,2.9861,33.3333,6.0774,20.5665,0.000200,0.021800,0.000700,0.000700,0.001800,0.008600,0.001600,0.071400,0,0.027500,0.027600,0.039200,0.3519,0.1885,0.019400,0.007200,0.066300,0,0.046000,0.015700,0.084000,0.005200,0.032000,0.1342,0.015800,0.093000,0.4294,0.7086,0.3642,0.056300,2.5019,0.096200,0.2161,0.038100,1.1413,0.4663,0.001900,0.002600,0.064700,0.1997,0.048100,0.000600,0.6230,1082,402711,0,0,0,0,0,0,0,0,0.008600,0,0,0,0,0,0,0,0,0,0,0,0,0,0,0,0,0
,0.018300,0.011300,2,73,0,71,0,0,13,233,43,0,454,3,0,0,12,2,0,0,0,0,0,0.008300,0.3433,0.005100,0.009000,0.000800,0.8950,0.1772,0.053900,0.1351,0,0.028400,0.002000,1,768,256,11229,3565.7148,15494.9102,239.1602,0,4,0,0.008700,0.002300,0.015700,0.1843,0,0,0.060300,0.2163,3.0522,0.1051,0.000200,0.001900,0.000300,0.000300,0.007100,0.007900,0.050200,0.005300,0.035100,0.1440,0.011700,0.006500,1.4544,0.027300,0.008200,0.037100,0.012600,0.020100,0.076700,0.010200,0.075600,0.002500,0.082500,0.009400,0.072300,0.5864,0.004500,2.3227,0.000200,0.1883,0.000500,0.000400,0.028600,0.3442,0.7440,0.023600,0.9043,0.1262,0.001600,0.010300,0.000600,0.034100,0.1425,8.0127,8.7628,13.0955,634,16,0.2500,0,16,3.8438,1,0,0,629,1,0,115,102,13,0,-1,-1,0,-1,-1,13.9904,4.9185,0,1525.2227,1525.2227,1525.0977,95,908,561,322,0,0,0.001000,0,0,0.015000,0.083500,0.000500,0.013400,0.080600,0.043600,0.001100,0.002200,0.000400,0.001700,0.007200,0.001100,0.004400,0.024400,0.1640,0.061700,0.085300,0.1642,0.037800,0.1637,0.022600,1.1728,0.000200,0.001700,0.067000,0.010100,0.001400,0.000500,0.029500,0.006900,0.013700,0.001200,0.1537,0.014300,0.045400,0.2238,0.070300,0.001300,0.033000,0.002600,0.043400,0.023400,0.022600,7.4239,0.062800,0.006600,0.000300,0,12.2249,0,0,0,0,0,0,0,50,0,0,0,0,1,1,9,9,2,1,1,4,1,1,1,1,1,1,7,7,1,1,50,9,6,42,76,794,950,0,0,0,0,0,-100,-100,-100,-100,600,1440,107.7673,0,0,-0.000000,-1,0,0,0,1,0,13.7344,5,50,75.1289,13.7344,0,0,48.9844,0,100,0,0,0,0,0,0,0,0,0,1.5182,1.5182,1,1.5182,1.5182,43.6720,8.9635,20141,90,568,135,12265.2734,3608.0625,7258.2383,0,15873.4062,10.6335,3.0976,8.3399,10.6335,3.0995,4.0362,33.3333,6.0184,21.0203,0.000600,0.020600,0.000600,0.000700,0.001700,0.008600,0.000500,0.072500,0.001100,0.020500,0.028200,0.037500,0.3358,0.1918,0.020500,0.005100,0.068000,0,0.045300,0.013900,0.082100,0.005100,0.032000,0.1341,0.015000,0.090000,0.4245,0.7469,0.3417,0.057300,2.4821,0.094200,0.031800,0.038500,0.6928,0.087000,0.002000,0.002500,0.063100,0.1965,0.050200,0.000600,0.6001,1008,390019,0.1448,0,0,0,0,0,0,0.002000,0.008100,0,0,0,0,0,0,0,0,0,0,0,0,0,0,0,0,0
,0.027600,0.005400,2,56,0,54,0,0,13,233,15,0,454,3,0,0,12,2,0,0,0,0,0.008300,0.003400,0.3366,0.005400,0.008500,0.001100,0.8536,0.2066,0.052200,0.1238,0.002200,0.030600,0.002000,0,768,256,11229,3565.7148,15494.9102,239.1602,0.001400,5,0.000300,0.009100,0.002100,0.014300,0.3185,0,0,0.054700,0.2944,2.8095,0.073600,0.000500,0.001700,0.000200,0.000200,0.006300,0.006200,0.043500,0.005900,0.033900,0.1414,0.009500,0.006000,1.5147,0.030800,0.009300,0.042800,0.012300,0.019300,0.1010,0.010900,0.081800,0.002400,0.082900,0.009200,0.073000,0.5877,0.004900,2.3544,0.000200,0.1905,0.000600,0.000300,0.032000,0.3048,0.6427,0.025300,0.9742,0.1711,0.001900,0.010000,0.000600,0.034700,0.3128,9.6760,8.7628,13.0955,634,16,0.2500,0,16,3.8438,1,0,0,629,1,0,115,102,13,0,-1,-1,0,-1,-1,13.9904,4.9185,0,1525.2227,1525.2227,1525.0977,95,884,561,321,0,0,0.000800,0,0,0.015500,0.4187,0.000600,0.012600,0.071100,0.041600,0.000800,0.001800,0.000200,0.001600,0.006500,0.001000,0.003800,0.021500,0.1492,0.056300,0.077100,0.1533,0.043500,0.1899,0.032400,0.063300,0.000400,0.001700,0.064100,0.008000,0.001800,0.000600,0.027200,0.006400,0.012400,0.001100,0.1410,0.014800,0.043400,0.2049,0.070900,0.001400,0.044800,0.002300,0.017900,0.023900,0.024500,8.6822,0.057000,0.005900,0.000200,0,10.5718,0,0,0,0,0,0,0,50,0,0,0,0,1,1,9,9,2,1,1,4,1,1,1,1,1,1,7,7,1,1,50,9,6,42,76,794,950,0,0,0,0,0,-100,-100,-100,-100,600,1440,107.7673,0,0,-0.000000,-1,0,0,0,1,0,13.7344,5,50,75.1289,13.7344,0,0,48.9844,0,100,0,0,0,0,0,0,0,0,0,0.4343,0.4343,1,0.4343,0.4343,54.6739,8.9635,20141,90,568,135,12265.2734,3608.0625,7258.2383,0,15873.3359,11.0191,2.0024,7.2559,11.0191,2.0024,2.9394,33.3333,6.1619,23.1232,0.000300,0.022500,0.000600,0.000600,0.001700,0.008900,0.000600,0.072700,0,0.024400,0.029600,0.037700,0.3559,0.2260,0.019500,0.006100,0.064100,0,0.047500,0.013700,0.4123,0.005200,0.031500,0.1406,0.021600,0.099900,0.4391,0.7028,0.3312,0.056300,2.4504,0.095200,0.031800,0.039100,0.6840,0.094600,0.001800,0.002500,0.062100,0.2006,0.049200,0.000600,1.6072,1074,399854,0,0,0,0,0,0,0,0,0.007700,0,0,0,0,0,0,0,0,0,0,0,0,0,0,0,0,0
,0.015500,0.018700,2,73,0,71,0,0,14,233,25,0,454,3,0,0,13,2,0,0,0,0,0.031500,0.004300,0.3240,0.005200,0.009300,0.001100,0.8582,0.1740,0.053100,0.1260,0,0.029000,0.002900,2,768,256,11229,3565.7148,15494.9102,239.1602,0.002400,4,0.000400,0.008600,0.001800,0.013100,0.2059,0,0,0.061300,0.3160,2.9075,0.063400,0.000200,0.001400,0.000300,0.000300,0.007500,0.007200,0.053200,0.006000,0.032400,0.1433,0.011900,0.006400,1.2073,0.025400,0.008400,0.028800,0.011900,0.019600,0.092700,0.015400,0.084600,0.002000,0.1127,0.010600,0.072600,0.6157,0.005400,2.4013,0.000300,0.1962,0.000600,0.000400,0.031100,0.3117,1.3338,0.028500,0.9511,0.1118,0.002100,0.010800,0.000700,0.046700,0.046700,9.5084,8.7628,13.0955,634,16,0.2500,0,16,3.8438,1,0,0,629,1,0,115,102,13,0,-1,-1,0,-1,-1,13.9904,4.9185,0,1525.2227,1525.2227,1441.5039,95,896,561,321,0,0,0.001100,0,0,0.014600,0.083900,0.000600,0.011400,0.072700,0.052100,0.000800,0.001300,0.000200,0.001800,0.006100,0.001400,0.003900,0.024700,0.1439,0.059400,0.076700,0.1626,0.045100,0.2016,0.023700,0.2285,0.000200,0.001500,0.065400,0.008000,0.001500,0.000500,0.027000,0.006800,0.012000,0.001300,0.1486,0.014700,0.045700,0.2108,0.071200,0.001400,0.042900,0.002600,0.036100,0.022900,0.018000,8.4999,0.057800,0.005700,0.000100,0,11.0534,0,0,0,0,0,0,0,50,0,0,0,0,1,1,9,9,2,1,1,4,1,1,1,1,1,1,7,7,1,1,50,9,6,42,76,794,950,0,0,0,0,0,-100,-100,-100,-100,600,1440,107.7673,0,0,-0.000000,-1,0,0,0,1,0,13.7344,5,50,75.1289,13.7344,0,0,48.9844,0,100,0,0,0,0,0,0,0,0,0,0.5994,0.5994,1,0.5994,0.5994,4.3824,8.9635,20141,90,568,135,12265.1914,3608.0625,7258.2383,0,15873.3359,11.0809,2.5625,8.5575,11.0809,2.5625,3.0621,33.3333,6.3720,22.8094,0.000200,0.022300,0.000600,0.000500,0.001600,0.007100,0.000600,0.072700,0.001000,0.018500,0.021200,0.031700,0.3434,0.1914,0.019400,0.006200,0.062400,0,0.043500,0.016000,0.1896,0.005200,0.031800,0.1306,0.016200,0.094100,0.4406,0.7460,0.3330,0.055400,2.4461,0.094200,0.030800,0.049100,0.7012,0.082300,0.001900,0.002600,0.061100,0.1986,0.049200,0.000600,1.0220,1018,399176,0,2002,1130,0,0.3547,0,0.004100,0,0.008300,0,0,0,0,0,0,0,0,0,0,0,0,0,0,0,0,0
,0.016400,0.009100,2,73,0,71,0,0,13,233,41,0,454,3,0,0,12,2,0,0,0,0,0.018000,0.006900,0.3237,0.005400,0.008100,0.001000,0.8676,0.2524,0.052500,0.1226,0.002300,0.025200,0.009800,1,768,256,11229,3565.7148,15494.9102,239.1602,0.002600,5,0.000200,0.008300,0.002000,0.019100,0.1819,0,0,0.064300,0.2162,2.8462,0.068100,0.000300,0.001200,0.000200,0.000300,0.006800,0.007100,0.042700,0.005100,0.031300,0.1951,0.010200,0.006200,1.4179,0.028200,0.007500,0.032000,0.011500,0.018300,0.1434,0.010700,0.082500,0.002300,0.1151,0.008200,0.069100,0.5906,0.004700,2.3501,0.000200,0.1872,0.000500,0.000300,0.028100,0.3025,0.9259,0.023400,0.8757,0.2333,0.001800,0.010200,0.000600,0.034400,0.048600,9.9697,8.7628,13.0955,634,16,0.2500,0,16,3.8438,1,0,0,629,1,0,115,102,13,0,-1,-1,0,-1,-1,13.9904,4.9185,0,1525.2227,1525.2227,1525.0977,95,880,535,317,0,0,0.000800,0,0,0.015200,0.081700,0.000700,0.012400,0.069500,0.039800,0.001000,0.001800,0.000300,0.001500,0.006300,0.000900,0.004100,0.024300,0.1466,0.055800,0.078000,0.1545,0.045900,0.2724,0.018700,0,0.000100,0.001600,0.062600,0.008500,0.001100,0.000500,0.024700,0.006300,0.012500,0.001300,0.1378,0.013700,0.041400,0.2053,0.069400,0.001200,0.040100,0.002900,0.033100,0.022800,0.017200,9.4599,0.059100,0.005800,0.000100,0.006100,11.0297,0,0,0,0,0,0,0,50,0,0,0,0,1,1,9,9,2,1,1,4,1,1,1,1,1,1,7,7,1,1,50,9,6,42,76,794,950,0,0,0,0,0,-100,-100,-100,-100,600,1440,107.7673,0,0,-0.000000,-1,0,0,0,1,0,13.7344,5,50,75.1289,13.7344,0,0,48.9844,0,100,0,0,0,0,0,0,0,0,0,0.4279,0.4279,1,0.4279,0.4279,15.8258,8.9635,20141,90,568,135,12265.0469,3608.0625,7258.2383,0,15873.2539,11.3557,2.3427,7.7545,11.3557,2.3427,2.9915,33.3333,5.9231,23.8337,0.000200,0.021500,0.000800,0.000700,0.001400,0.007900,0.000600,0.072500,0,0.018500,0.028100,0.040800,0.3670,0.1893,0.019500,0.005100,0.063900,0,0.045200,0.026200,0.2016,0.005100,0.031500,0.1328,0.016200,0.087800,0.4269,0.7274,0.3460,0.056300,2.4792,0.095200,0.030700,0.037800,0.6939,0.086100,0.002100,0.002400,0.062900,0.1956,0.050200,0.000500,0.6041,991,389668,0,0,0,0,0,0,0,0,0.008300,0,0,0,0,0,0,0,0,0,0,0,0,0,0,0,0,0
,0.076600,0.020000,2,57,0,55,0,0,13,233,11,0,454,3,0,0,12,2,0,0,0,0,0.009600,0.016100,0.3352,0.005800,0.009500,0.001000,0.8604,0.1705,0.050400,0.1316,0.001500,0.032000,0.001400,1,768,256,11229,3565.7148,15494.9102,239.1602,0.001400,6,0.000300,0.2647,0.002000,0.015800,0.1858,0,0,0.063400,0.3146,2.9394,0.065200,0.000400,0.001400,0.000200,0.000300,0.006800,0.006400,0.043200,0.004900,0.033000,0.099100,0.011400,0.005800,1.5610,0.030000,0.008800,0.030000,0.012800,0.018400,0.087500,0.010600,0.080400,0.002000,0.1140,0.010600,0.070000,0.6071,0.004400,2.3250,0.000200,0.1812,0.000600,0.000400,0.029200,0.3000,0.7380,0.024600,0.9122,0.1696,0.001900,0.010100,0.000400,0.035100,0,9.4945,8.7628,13.0955,634,16,0.2500,0,16,3.8438,1,0,0,629,1,0,115,102,13,0,-1,-1,0,-1,-1,13.9904,4.9185,0,1525.2227,1525.2227,1525.0977,95,880,535,317,0,0,0.000800,0,0,0.013900,0.080000,0.000400,0.015700,0.071500,0.041400,0.001000,0.001800,0.000200,0.001700,0.006900,0.001200,0.004400,0.022500,0.1253,0.058100,0.079300,0.1494,0.048000,0.1545,0.052000,0.1614,0.000300,0.001600,0.066400,0.008500,0.001500,0.000600,0.026400,0.006600,0.012400,0.001200,0.1396,0.015600,0.041000,0.1919,0.073000,0.001100,0.042700,0.003100,0.017500,0.024800,0.017800,9.1591,0.083500,0.005800,0.000100,0.008800,11.5150,0,0,0,0,0,0,0,50,0,0,0,0,1,1,9,9,2,1,1,4,1,1,1,1,1,1,7,7,1,1,50,9,6,42,76,794,950,0,0,0,0,0,-100,-100,-100,-100,600,1440,107.7673,0,0,-0.000000,-1,0,0,0,1,0,13.7344,5,50,75.1289,13.7344,0,0,48.9844,0,100,0,0,0,0,0,0,0,0,0,0.4997,0.4997,1,0.4997,0.4997,27.1213,8.9635,20141,90,568,135,12264.9766,3608.0625,7258.2383,0,15873.1094,11.0269,2.1130,7.3878,11.0269,2.1130,3.1186,33.3333,6.0038,24.1317,0.000300,0.021300,0.000600,0.000600,0.001700,0.008500,0.000600,0.072800,0,0.019500,0.028600,0.037700,0.3425,0.1954,0.020500,0.007200,0.066500,0,0.045900,0.025500,0.091500,0.005200,0.033700,0.1307,0.015000,0.094300,0.4295,1.1369,0.3319,0.055300,2.4773,0.094200,0.030700,0.039500,0.6883,0.089600,0.002100,0.002500,0.060100,0.1923,0.050200,0.000600,0.5952,1117,412120,0,0,0,0,0,0,0,0,0.007600,0,0,0,0,0,0,0,0,0,0,0,0,0,0,0,0,0
,0.015700,0.017100,2,80,0,78,0,0,14,233,57,0,454,3,0,0,13,2,0,0,0,0,0.008300,0.005100,0.3441,0.005600,0.009000,0.001000,0.8817,0.1823,0.055700,0.1270,0.000800,0.040400,0.001400,1,768,256,11229,3565.7148,15494.9102,239.1602,0.001100,3,0.000100,0.008800,0.002200,0.020600,0.1983,0,0,0.058600,0.2771,3.0414,0.075500,0.000300,0.001300,0.000300,0.000300,0.006500,0.008200,0.045700,0.005500,0.033600,0.1280,0.011800,0.006200,1.4958,0.028600,0.009900,0.036300,0.011400,0.019200,0.084000,0.010800,0.072800,0.001900,0.095800,0.007600,0.071100,0.5937,0.005400,2.3670,0.000300,0.2036,0.000600,0.000300,0.030100,0.3063,1.1040,0.025800,0.9673,0.1870,0.001900,0.012200,0.000300,0.035800,0.2768,8.6358,8.7628,13.0955,634,16,0.2500,0,16,3.8438,1,0,0,629,1,0,115,102,13,0,-1,-1,0,-1,-1,13.9904,4.9185,0,1525.2227,1525.2227,1441.5039,95,908,561,321,0,0,0.001100,0,0,0.015100,0.083000,0.000500,0.011900,0.069700,0.041500,0.000800,0.001800,0.000200,0.001500,0.005900,0.000800,0.003500,0.023000,0.1701,0.054500,0.075000,0.1561,0.039900,0.2040,0.033100,0.5128,0.000300,0.006400,0.069100,0.009100,0.001600,0.000600,0.028600,0.007000,0.012600,0.001500,0.1513,0.015100,0.044900,0.2885,0.069300,0.001100,0.045800,0.002500,0.036300,0.024700,0.024800,7.9413,0.056400,0.006900,0.000100,0,11.2816,0,0,0,0,0,0,0,50,0,0,0,0,1,1,9,9,2,1,1,4,1,1,1,1,1,1,7,7,1,1,50,9,6,42,76,794,950,0,0,0,0,0,-100,-100,-100,-100,600,1440,107.7673,0,0,-0.000000,-1,0,0,0,1,0,13.7344,5,50,75.1289,13.7344,0,0,48.9844,0,100,0,0,0,0,0,0,0,0,0,0.4584,0.4584,1,0.4584,0.4584,37.7047,8.9635,20141,90,568,135,12264.7734,3608.0625,7258.2383,0,15873.0391,10.9157,2.5534,8.1234,10.9157,2.5534,2.7964,33.3333,5.7609,23.7324,0.000300,0.022100,0.000600,0.000600,0.001600,0.007100,0.000600,0.072000,0,0.021500,0.019500,0.038200,0.3438,0.1949,0.018500,0.005100,0.065000,0,0.043800,0.019900,0.080600,0.005100,0.030300,0.1368,0.015100,0.090500,0.4297,0.7356,0.2906,0.056400,2.4158,0.095300,0.031700,0.038500,0.6930,0.088300,0.001900,0.002500,0.061800,0.2038,0.050200,0.000700,0.6031,1025,390856,0,0,0,0,0,0,0,0,0.007800,0,0,0,0,0,0,0,0,0,0,0,0,0,0,0,0,0
,0.041900,0.033900,2,57,0,55,0,0,13,233,12,0,454,3,0,0,12,2,0,0,0,0,0.009000,0.004200,0.3307,0.006200,0.008500,0.001100,0.8826,0.1922,0.081800,0.1298,0.001400,0.080400,0,0,768,256,11229,3565.7148,15494.9102,239.1602,0.001300,3,0.000300,0.009400,0.002300,0.020000,0.1924,0,0,0.066800,0.2354,2.9281,0.1050,0.000200,0.001300,0.000200,0.000200,0.005800,0.007000,0.043200,0.005200,0.032200,0.1023,0.010700,0.005800,1.1808,0.025800,0.008100,0.034100,0.011400,0.018200,0.072100,0.012000,0.074300,0.002000,0.2052,0.009000,0.071100,0.5837,0.004800,2.3978,0.000300,0.1937,0.000500,0.000400,0.028200,0.3045,0.7307,0.024100,0.9443,0.4776,0.002000,0.013400,0.000400,0.032800,0.041300,10.1407,8.7628,13.0955,634,16,0.2500,0,16,3.8438,1,0,0,629,1,0,115,102,13,0,-1,-1,0,-1,-1,13.9904,4.9185,0,1525.2227,1525.2227,1525.0977,95,907,561,321,0,0,0.000900,0,0,0.014700,0.081100,0.000800,0.011800,0.068200,0.041400,0.000800,0.001500,0.000200,0.001500,0.006100,0.001000,0.003700,0.021800,0.1398,0.055500,0.076000,0.1481,0.039900,0.1899,0.022900,0.1570,0.000100,0.001400,0.060900,0.007900,0.001800,0.000500,0.025600,0.005600,0.011400,0.001000,0.1302,0.014000,0.037700,0.1968,0.067800,0.001200,0.021600,0.003300,0.031300,0.022300,0.016500,9.5972,0.058300,0.006700,0.000100,0,10.6514,0,0,0,0,0,0,0,50,0,0,0,0,1,1,9,9,2,1,1,4,1,1,1,1,1,1,7,7,1,1,50,9,6,42,76,794,950,0,0,0,0,0,-100,-100,-100,-100,600,1440,107.7673,0,0,-0.000000,-1,0,0,0,1,0,13.7344,5,50,75.1289,13.7344,0,0,48.9844,0,100,0,0,0,0,0,0,0,0,0,0.5096,0.5096,1,0.5096,0.5096,49.4223,8.9635,20141,90,568,135,12264.4297,3608.0625,7258.2383,0,15872.8359,11.7279,2.2650,7.2491,11.7279,2.2650,2.9284,33.3333,5.8537,23.7074,0.000200,0.022400,0.000500,0.000600,0.001700,0.007500,0.000600,0.075700,0,0.017400,0.021300,0.037200,0.3566,0.1918,0.019500,0.006100,0.061400,0.001000,0.046600,0.007800,0.1931,0.006100,0.031800,0.1420,0.015300,0.089900,0.4299,0.6636,0.2970,0.055400,2.2857,0.093200,0.031700,0.039100,0.6854,0.093000,0.004600,0.004700,0.062000,0.1956,0.051200,0.000500,1.0293,1099,404560,0,0,0,0,0,0,0,0,0.008200,0,0,0,0,0,0,0,0,0,0,0,0,0,0,0,0,0
,0.025900,0.007100,2,76,0,74,0,0,14,233,42,0,454,3,0,0,13,2,0,0,0,0,0.009600,0.011700,0.3209,0.005500,0.008300,0.001200,0.8491,0.1962,0.047100,0.1168,0.000700,0.025300,0,1,768,256,11229,3565.7148,15494.9102,239.1602,0.002800,9,0.000500,0.012100,0.002200,0.017700,0.1800,0,0,0.061300,0.2507,3.0177,0.058900,0.000400,0.001200,0.000200,0.000300,0.006400,0.006600,0.042400,0.005200,0.032200,0.1357,0.010700,0.006000,0.4450,0.024500,0.007900,0.027000,0.012400,0.019800,0.096200,0.011200,0.080300,0.002200,0.1057,0.010700,0.074100,0.6300,0.005300,2.3788,0.000200,0.1935,0.000500,0.000300,0.030800,0.3042,0.6570,0.025500,0.9674,0.1018,0.002000,0.009900,0.000500,0.032400,0.082700,9.5547,8.7628,13.0955,634,16,0.2500,0,16,3.8438,1,0,0,629,1,0,115,102,13,0,-1,-1,0,-1,-1,13.9904,4.9185,0,1525.2227,1525.2227,1525.0977,95,894,561,321,0,0,0.000900,0,0,0.015300,0.082000,0.000700,0.012000,0.066700,0.038600,0.000700,0.001400,0.000200,0.001400,0.006000,0.001200,0.003700,0.021500,0.1365,0.057700,0.079900,0.1427,0.035700,0.1811,0.017900,0.049300,0.000200,0.001600,0.067700,0.008400,0.001300,0.000500,0.027000,0.006400,0.012100,0.001100,0.1350,0.014100,0.038400,0.1995,0.065300,0.001000,0.029300,0.003200,0.018100,0.024100,0.024800,9.3875,0.055600,0.006200,0.000200,0,11.7160,0,0,0,0,0,0,0,50,0,0,0,0,1,1,9,9,2,1,1,4,1,1,1,1,1,1,7,7,1,1,50,9,6,42,76,794,950,0,0,0,0,0,-100,-100,-100,-100,600,1440,107.7673,0,0,-0.000000,-1,0,0,0,1,0,13.7344,5,50,75.1289,13.7344,0,0,48.9844,0,100,0,0,0,0,0,0,0,0,0,0.3874,0.3874,1,0.3874,0.3874,60.8109,8.9635,20141,90,568,135,12264.4219,3608.0625,7258.2383,0,15872.4922,11.0121,1.9936,7.7956,11.0121,1.9948,2.9130,33.3333,5.8787,24.2665,0.000200,0.020900,0.000500,0.000600,0.001600,0.009900,0.000600,0.072800,0,0.018400,0.028600,0.035200,0.3489,0.3081,0.019500,0.006100,0.061900,0,0.047200,0.008200,0.2027,0.005100,0.033000,0.1424,0.015100,0.1017,0.4259,0.6783,0.3101,0.056300,2.1424,0.094200,0.031800,0.039400,0.6938,0.086100,0.002000,0.002300,0.061900,0.1977,0.049100,0.000700,0.8114,1054,396962,0.051700,0,0,0,0,0,0.002900,0.001400,0.008000,0,0,0,0,0,0,0,0,0,0,0,0,0,0,0,0,0
,0.014900,0.008900,2,64,0,62,0,0,13,233,27,0,454,3,0,0,12,2,0,0,0,0,0.008800,0,0.3495,0.005700,0.008500,0.000900,0.8633,0.1871,0.051500,0.1250,0.000900,0.022200,0.001200,1,768,256,11229,3565.7148,15494.9102,239.1602,0.001400,0,0.000200,0.008100,0.002100,0.018300,0.1860,0,0,0.056800,0.3041,2.6847,0.069500,0.000200,0.001500,0.000200,0.000200,0.006500,0.006800,0.048400,0.005400,0.033500,0.1355,0.010700,0.006200,1.3682,0.028400,0.009600,0.034200,0.012500,0.018900,0.094600,0.016400,0.072200,0.002300,0.096200,0.009100,0.078600,0.5901,0.005600,2.3518,0.000200,0.2004,0.000600,0.000300,0.030800,0.3259,0.6834,0.025500,0.9150,0.1634,0.002100,0.009200,0.000400,0.036900,0.3586,7.9748,8.7628,13.0955,634,16,0.2500,0,16,3.8438,1,0,0,629,1,0,115,102,13,0,-1,-1,0,-1,-1,13.9904,4.9185,0,1525.2227,1525.2227,1525.0977,95,880,561,321,0,0,0.001000,0,0,0.015900,0.080500,0.000500,0.014800,0.066900,0.037000,0.000900,0.001600,0.000300,0.001300,0.005700,0.001100,0.003500,0.021600,0.1273,0.056500,0.076500,0.1677,0.037700,0.3767,0.015500,0,0.000300,0.001600,0.064900,0.009100,0.001400,0.000400,0.027000,0.006700,0.012600,0.001300,0.1452,0.016700,0.043500,0.2162,0.075000,0.001500,0.048200,0.003100,0.033600,0.023900,0.019100,7.4147,0.057100,0.006100,0.000100,0,11.3954,0,0,0,0,0,0,0,50,0,0,0,0,1,1,9,9,2,1,1,4,1,1,1,1,1,1,7,7,1,1,50,9,6,42,76,794,950,0,0,0,0,0,-100,-100,-100,-100,600,1440,107.7673,0,0,-0.000000,-1,0,0,0,1,0,13.7344,5,50,75.1289,13.7344,0,0,48.9844,0,100,0,0,0,0,0,0,0,0,0,0.4404,0.4404,1,0.4404,0.4404,7.3826,8.9635,20141,90,568,135,12264.0508,3608.0625,7258.2383,0,15872.4844,9.9274,2.1574,8.2995,9.9274,2.1574,2.8620,33.3333,6.3187,22.8640,0.000200,0.022800,0.000500,0.000600,0.001600,0.008500,0.000700,0.072200,0.001000,0.022600,0.028000,0.037900,0.3567,0.1872,0.019500,0.006100,0.067300,0,0.046800,0.008500,0.2131,0.005100,0.032300,0.1365,0.015500,0.088100,0.4273,0.7490,0.3292,0.055300,2.4689,0.094200,0.031800,0.038900,0.6888,0.065500,0.002200,0.002400,0.062600,0.1965,0.049100,0.000800,0.6199,989,388714,0,2371,1332,0,0.4969,0,0,0,0.008800,0,0,0,0,0,0,0,0,0,0,0,0,0,0,0,0,0
,0.084300,0.006200,2,57,0,55,0,0,13,233,13,0,454,3,0,0,12,2,0,0,0,0,0.009300,0.012300,0.3467,0.006000,0.009700,0.000900,0.8860,0.2000,0.052700,0.1303,0.001300,0.027500,0,1,768,256,11229,3565.7148,15494.9102,239.1602,0.002600,4,0.000200,0.008800,0.002100,0.021200,0.1876,0,0,0.060800,0.2252,2.5244,0.066400,0.000200,0.001100,0.000200,0.000200,0.006100,0.006500,0.046500,0.006000,0.034100,0.1224,0.011000,0.006400,1.2722,0.024800,0.008900,0.030100,0.011600,0.019200,0.085900,0.010600,0.073300,0.002000,0.077200,0.007300,0.069400,0.5812,0.004800,2.3175,0.000400,0.1787,0.000500,0.000400,0.027100,0.3630,0.6212,0.024200,0.9329,0.1321,0.001900,0.010700,0.000500,0.034000,0.3970,9.3033,8.7628,13.0955,634,16,0.2500,0,16,3.8438,1,0,0,629,1,0,115,102,13,0,-1,-1,0,-1,-1,13.9904,4.9185,0,1525.2227,1525.2227,1525.0977,95,875,561,322,0,0,0.001100,0,0,0.015500,0.079100,0.000700,0.011700,0.068800,0.040800,0.000800,0.001800,0.000400,0.001400,0.006600,0.001000,0.003800,0.023500,0.1460,0.057600,0.079600,0.1427,0.045700,0.1964,0.018700,0.048200,0.000300,0.001600,0.064100,0.007500,0.001400,0.000500,0.025300,0.006200,0.011300,0.001300,0.1323,0.013400,0.038300,0.1988,0.067700,0.001200,0.043000,0.002600,0.032700,0.022900,0.017300,8.7204,0.060500,0.006600,0.000100,0,9.6377,0,0,0,0,0,0,0,50,0,0,0,0,1,1,9,9,2,1,1,4,1,1,1,1,1,1,7,7,1,1,50,9,6,42,76,794,950,0,0,0,0,0,-100,-100,-100,-100,600,1440,107.7673,0,0,-0.000000,-1,0,0,0,1,0,13.7344,5,50,75.1289,13.7344,0,0,48.9844,0,100,0,0,0,0,0,0,0,0,0,0.4218,0.4218,1,0.4218,0.4218,18.1512,8.9635,20141,90,568,135,12263.9219,3608.0625,7258.2383,0,15872.1133,10.8489,2.1011,7.4178,10.8489,2.1011,2.9852,33.3333,6.2566,23.4924,0.000600,0.022600,0.000700,0.000600,0.001600,0.007300,0.001600,0.071500,0,0.019500,0.032500,0.038800,0.3408,0.1878,0.020400,0.006200,0.066800,0,0.045600,0.019100,0.1790,0.006200,0.032000,0.1357,0.016100,0.091600,0.4250,0.7861,0.3352,0.057400,2.4731,0.095200,0.031700,0.038800,0.6890,0.086500,0.001900,0.002500,0.060900,0.1966,0.050200,0.000700,0.6049,1003,401870,0,0,0,0,0,0,0,0,0.008400,0,0,0,0,0,0,0,0,0,0,0,0,0,0,0,0,0
,0.016100,0.006700,2,76,0,74,0,0,14,233,43,0,454,3,0,0,13,2,0,0,0,0,0.008200,0.006200,0.3140,0.005700,0.009100,0.001200,0.8547,0.1806,0.055400,0.1208,0.000800,0.2862,0.001600,1,768,256,11229,3565.7148,15494.9102,239.1602,0.001600,4,0.000200,0.007700,0.001800,0.014000,0.1801,0,0,0.054300,0.2569,2.6174,0.065200,0.000300,0.001400,0.000200,0.000200,0.006800,0.006800,0.046800,0.005100,0.032800,0.093200,0.010400,0.006100,1.3091,0.027500,0.009500,0.030000,0.012000,0.019200,0.087700,0.008400,0.072800,0.001900,0.095500,0.008700,0.070800,0.6363,0.005900,2.3436,0.000300,0.1936,0.000600,0.000200,0.029800,0.3249,1.2535,0.025100,0.9092,0.1630,0.002000,0.015400,0.000700,0.035400,0.1316,8.7075,8.7628,13.0955,634,16,0.2500,0,16,3.8438,1,0,0,629,1,0,115,102,13,0,-1,-1,0,-1,-1,13.9904,4.9185,0,1525.2227,1525.2227,1441.6289,95,875,561,322,0,0,0.001000,0,0,0.015600,0.084100,0.000600,0.012800,0.069400,0.042200,0.000800,0.001500,0.000200,0.001700,0.006500,0.001400,0.003900,0.023500,0.1712,0.056200,0.078900,0.1562,0.041700,0.1650,0.024700,0.2285,0.000300,0.001700,0.063300,0.008100,0.001400,0.000700,0.025700,0.006400,0.011700,0.001100,0.1394,0.014300,0.040800,0.1943,0.069500,0.001300,0.041500,0.002400,0.017700,0.024100,0.017000,8.5221,0.056800,0.005800,0.000100,0,10.7724,0,0,0,0,0,0,0,50,0,0,0,0,1,1,9,9,2,1,1,4,1,1,1,1,1,1,7,7,1,1,50,9,6,42,76,794,950,0,0,0,0,0,-100,-100,-100,-100,600,1440,107.7673,0,0,-0.000000,-1,0,0,0,1,0,13.7344,5,50,75.1289,13.7344,0,0,48.9844,0,100,0,0,0,0,0,0,0,0,0,0.5777,0.5777,1,0.5777,0.5777,28.9201,8.9635,20141,90,568,135,12263.7344,3608.0625,7258.2383,0,15871.9844,10.4144,2.2451,7.3822,10.4144,2.2451,2.9075,33.3333,6.3013,23.9072,0.000200,0.021300,0.000700,0.000600,0.001500,0.008600,0.000800,0.072500,0,0.016400,0.027700,0.040300,0.3499,0.1952,0.020500,0.006100,0.065900,0.001000,0.046500,0.011700,0.1846,0.006100,0.032200,0.1355,0.014900,0.091600,0.4281,0.5640,0.3599,0.057400,3.4139,0.094200,0.030800,0.040700,0.6928,0.091200,0.002000,0.002500,0.061600,0.1977,0.049200,0.000800,0.5949,966,396322,0,0,0,0,0,0,0,0,0.008300,0,0,0,0,0,0,0,0,0,0,0,0,0,0,0,0,0
,0.028100,0.007800,2,64,0,62,0,0,13,233,28,0,454,3,0,0,12,2,0,0,0,0,0.009900,0.002900,0.3400,0.006200,0.009600,0.001000,0.8443,0.1952,0.055000,0.1360,0.001300,0.035800,0,0,768,256,11229,3565.7148,15494.9102,239.1602,0.002300,3,0.000300,0.011300,0.002200,0.012800,0.1793,0,0,0.062500,0.2359,2.5738,0.058300,0.000200,0.001300,0.000300,0.000200,0.006400,0.007100,0.037300,0.004900,0.030400,0.1167,0.010700,0.005700,0.1963,0.028100,0.009600,0.027900,0.011700,0.019200,0.1002,0.009100,0.070200,0.002400,0.081400,0.009000,0.071900,0.6121,0.005400,2.4176,0.000200,0.1982,0.000600,0.000600,0.032800,0.3084,0.6748,0.025000,0.9622,0.1752,0.002700,0.011200,0.000600,0.039800,0,9.0663,8.7628,13.0955,634,16,0.2500,0,16,3.8438,1,0,0,629,1,0,115,102,13,0,-1,-1,0,-1,-1,13.9904,4.9185,0,1525.2227,1525.2227,1525.0977,95,877,561,322,0,0,0.000700,0,0,0.015500,0.084200,0.000600,0.011600,0.070600,0.040300,0.000700,0.001600,0.000300,0.001300,0.006300,0.001200,0.003600,0.023100,0.1514,0.054300,0.074900,0.1499,0.040000,0.1791,0.018800,0.1367,0.000200,0.001500,0.064900,0.008800,0.001100,0.000800,0.028100,0.007400,0.012200,0.001300,0.1411,0.014700,0.042700,0.2131,0.069000,0.001200,0.041900,0.002300,0.034400,0.023600,0.022400,8.5231,0.070200,0.007100,0.000200,0,10.7503,0,0,0,0,0,0,0,50,0,0,0,0,1,1,9,9,2,1,1,4,1,1,1,1,1,1,7,7,1,1,50,9,6,42,76,794,950,0,0,0,0,0,-100,-100,-100,-100,600,1440,107.7673,0,0,-0.000000,-1,0,0,0,1,0,13.7344,5,50,75.1289,13.7344,0,0,48.9844,0,100,0,0,0,0,0,0,0,0,0,0.4968,0.4968,1,0.4968,0.4968,39.5980,8.9635,20141,90,568,135,12263.5391,3608.0625,7258.2383,0,15871.7969,10.9634,2.1098,8.4401,10.9634,2.1098,2.8536,33.3333,6.2379,23.0977,0.000300,0.021100,0.000600,0.000600,0.001800,0.007100,0.000500,0.073900,0.001100,0.020500,0.027700,0.037700,0.3402,0.1800,0.019400,0.006200,0.061900,0.001000,0.045000,0.011500,0.1917,0.005200,0.031800,0.1409,0.015600,0.090700,0.4288,0.7128,0.3708,0.057400,2.4581,0.095200,0.030700,0.039800,0.6954,0.065000,0.002100,0.002500,0.061500,0.2017,0.049200,0.000600,0.6070,939,388774,0,0,0,0,0,0.4029,0,0,0.008300,0,0,0,0,0,0,0,0,0,0,0,0,0,0,0,0,0
,0.016900,0.017700,2,57,0,55,0,0,13,233,15,0,454,3,0,0,12,2,0,0,0,0,0,0.002500,0.3722,0.006900,0.008800,0.001500,0.9224,0.1900,0.057900,0.1491,0,0.030200,0.001000,1,768,256,11229,3565.7148,15494.9102,239.1602,0.001700,4,0.000200,0.009400,0.002400,0.015600,0.2035,0,0,0.083400,0.2586,2.7738,0.074400,0.000200,0.001400,0.000200,0.000300,0.007200,0.009100,0.053200,0.005500,0.033100,0.1442,0.012600,0.006700,1.7790,0.028500,0.008500,0.040300,0.012100,0.020300,0.083000,0.009900,0.078700,0.002200,0.078400,0.008400,0.074900,0.6542,0.005700,2.3951,0.000400,0.1970,0.000500,0.000400,0.039400,0.3141,0.6722,0.022700,0.9622,0.1457,0.001900,0.010400,0.000400,0.032000,0.1343,7.1375,8.7628,13.0955,634,16,0.2500,0,16,3.8438,1,0,0,629,1,0,115,102,13,0,-1,-1,0,-1,-1,13.9904,4.9185,0,1525.2227,1525.2227,1525.0977,95,874,561,322,0,0,0.000900,0,0,0.015000,0.088000,0.000500,0.011200,0.072700,0.041300,0.000800,0.001300,0.000200,0.001500,0.005800,0.000900,0.004100,0.022100,0.1444,0.056000,0.076900,0.1673,0.039900,0.1804,0.024200,1.0124,0.000300,0.001800,0.063100,0.008900,0.001100,0.000500,0.026700,0.006200,0.013100,0.001100,0.1401,0.014200,0.041800,0.1967,0.065500,0.001500,0.042600,0.002200,0.032200,0.021800,0.020000,6.5342,0.070100,0.008100,0.000100,0,10.6800,0,0,0,0,0,0,0,50,0,0,0,0,1,1,9,9,2,1,1,4,1,1,1,1,1,1,7,7,1,1,50,9,6,42,76,794,950,0,0,0,0,0,-100,-100,-100,-100,600,1440,107.7673,0,0,-0.000000,-1,0,0,0,1,0,13.7344,5,50,75.1289,13.7344,0,0,48.9844,0,100,0,0,0,0,0,0,0,0,0,1.3598,1.3598,1,1.3598,1.3598,49.1659,8.9635,20141,90,568,135,12263.5352,3608.0625,7258.2383,0,15871.6016,9.6243,3.0579,7.3699,9.6243,3.0579,2.9822,33.3333,6.4211,22.4578,0.000600,0.022300,0.000600,0.000600,0.001700,0.011000,0.000500,0.076800,0.001000,0.021500,0.028200,0.036200,0.7833,0.2407,0.020500,0.005100,0.068300,0,0.045000,0.013700,0.1918,0.006100,0.033600,0.1408,0.016300,0.1038,0.4369,0.7617,0.3119,0.057400,2.3988,0.094200,0.031800,0.039500,0.6872,0.087800,0.001900,0.002400,0.061500,0.1986,0.050200,0.000700,0.9211,946,390734,0,0,0,0,0,0,0,0,0.009300,0,0,0,0,0,0,0,0,0,0,0,0,0,0,0,0,0
,0.013200,0.017400,2,56,0,54,0,0,13,233,14,0,454,3,0,0,12,2,0,0,0,0,0.017700,0.016100,0.3280,0.005400,0.009400,0.000900,0.8444,0.2124,0.049400,0.1188,0.002700,0.036100,0,0,768,256,11229,3565.7148,15494.9102,239.1602,0.001300,5,0.000200,0.007900,0.002200,0.013600,0.1832,0,0,0.056900,0.2250,2.6705,0.068800,0.000200,0.001100,0.000200,0.000300,0.006000,0.006800,0.044000,0.004900,0.029300,0.1256,0.011000,0.006200,1.9148,0.029800,0.008000,0.043700,0.012000,0.019500,0.092900,0.009100,0.093000,0.002500,0.083000,0.008600,0.074400,0.6345,0.005700,2.4414,0.000400,0.1977,0.000600,0.000400,0.030700,0.3069,0.6224,0.025400,0.9615,0.1543,0.002000,0.009700,0.000500,0.035300,0.060100,9.7071,8.7628,13.0955,634,16,0.2500,0,16,3.8438,1,0,0,629,1,0,115,102,13,0,-1,-1,0,-1,-1,13.9904,4.9185,0,1525.2227,1525.2227,1525.0977,95,875,561,322,0,0,0.000700,0,0,0.017600,0.082300,0.000600,0.013100,0.070600,0.041600,0.000900,0.001500,0.000100,0.001600,0.006400,0.001000,0.004700,0.023900,0.1376,0.058300,0.083400,0.1474,0.045500,0.2352,0.018900,0.022000,0.000200,0.001800,0.064400,0.007900,0.001200,0.000400,0.025400,0.005900,0.012200,0.001100,0.1382,0.014800,0.039500,0.1979,0.066000,0.001500,0.028000,0.003200,0.018700,0.024900,0.019700,9.2719,0.062200,0.007400,0.000100,0,9.5669,0,0,0,0,0,0,0,50,0,0,0,0,1,1,9,9,2,1,1,4,1,1,1,1,1,1,7,7,1,1,50,9,6,42,76,794,950,0,0,0,0,0,-100,-100,-100,-100,600,1440,107.7673,0,0,-0.000000,-1,0,0,0,1,0,13.7344,5,50,75.1289,13.7344,0,0,48.9844,0,100,0,0,0,0,0,0,0,0,0,0.4289,0.4289,1,0.4289,0.4289,60.4916,8.9635,20141,90,568,135,12263.5352,3608.0625,7258.2383,0,15871.5977,11.2197,2.0783,7.7869,11.2197,2.0783,2.9839,33.3333,5.9958,23.4695,0.000200,0.021000,0.000600,0.000600,0.001700,0.007200,0.000600,0.072900,0,0.018500,0.026800,0.038800,0.3426,0.1871,0.019400,0.006200,0.061700,0,0.045500,0.012800,0.1966,0.005100,0.032500,0.1358,0.015100,0.087700,0.4316,0.7579,0.3204,0.056300,3.3699,0.095200,0.031800,0.039600,0.6880,0.086600,0.001900,0.002600,0.063300,0.1966,0.050200,0.000600,0.6042,929,387122,0,0,0,0,0,0,0,0,0.008300,0,0,0,0,0,0,0,0,0,0,0,0,0,0,0,0,0
,0.015400,0.019300,2,56,0,54,0,0,13,233,12,0,454,3,0,0,12,2,0,0,0,0,0.008400,0.005100,0.3328,0.006200,0.009500,0.001000,0.8485,0.1781,0.049500,0.1306,0.001000,0.022700,0.001200,1,768,256,11229,3565.7148,15494.9102,239.1602,0.001300,4,0.005900,0.012600,0.002000,0.014900,0.1892,0,0,0.064700,0.3426,2.5232,0.069700,0.000200,0.001200,0.000200,0.000200,0.006900,0.006500,0.045400,0.005000,0.033200,0.1025,0.010800,0.005700,1.9670,0.028400,0.008400,0.034100,0.011800,0.019100,0.084500,0.008000,0.075000,0.002300,0.076900,0.008000,0.069700,0.6021,0.005200,2.3569,0.000200,0.1871,0.000600,0.000400,0.031000,0.3079,0.9013,0.025000,0.9402,0.1705,0.002000,0.011100,0.000500,0.094400,0.1978,9.2197,8.7628,13.0955,634,16,0.2500,0,16,3.8438,1,0,0,629,1,0,115,102,13,0,-1,-1,0,-1,-1,13.9904,4.9185,0,1525.2227,1525.2227,1441.5039,95,873,561,322,0,0,0.000900,0,0,0.014700,0.079100,0.000600,0.011500,0.073100,0.043400,0.000700,0.001800,0.000200,0.001600,0.006900,0.001000,0.004400,0.022400,0.3746,0.061400,0.077600,0.1560,0.046800,0.1589,0.026700,0.096800,0.000300,0.006000,0.083400,0.008700,0.001500,0.000600,0.028800,0.007700,0.012000,0.001100,0.1410,0.013800,0.041700,0.2024,0.069100,0.001200,0.031600,0.002400,0.032900,0.022300,0.016400,8.6669,0.060800,0.007300,0.000100,0,11.3637,0,0,0,0,0,0,0,50,0,0,0,0,1,1,9,9,2,1,1,4,1,1,1,1,1,1,7,7,1,1,50,9,6,42,76,794,950,0,0,0,0,0,-100,-100,-100,-100,600,1440,107.7673,0,0,-0.000000,-1,0,0,0,1,0,13.7344,5,50,75.1289,13.7344,0,0,48.9844,0,100,0,0,0,0,0,0,0,0,0,0.6585,0.6585,1,0.6585,0.6585,9.6787,8.9635,20141,90,568,135,12263.4727,3608.0625,7258.2383,0,15871.5977,11.1177,2.3847,8.2870,11.1177,2.3847,2.8731,33.3333,5.9969,22.5684,0.000600,0.021100,0.000600,0.000600,0.001600,0.008400,0.000500,0.074000,0,0.018500,0.027400,0.043100,0.3563,0.1864,0.019500,0.005100,0.062700,0,0.046300,0.016100,0.1988,0.005100,0.033000,0.1378,0.014800,0.089500,0.4257,0.6977,0.3574,0.057300,2.4912,0.095300,0.030700,0.038700,0.6898,0.086000,0.002300,0.002400,0.060300,0.1966,0.050200,0.000500,0.5985,986,398542,0.051000,2334,1323,0,1.9513,0,0,0,0.008600,0,0,0,0,0,0,0,0,0,0,0,0,0,0,0,0,0
,0.019800,0.009000,2,73,0,71,0,0,14,233,27,0,454,3,0,0,13,2,0,0,0,0,0.009300,0.1931,0.3557,0.006100,0.010100,0.001100,0.8798,0.1927,0.054300,0.1287,0.001300,0.033500,0,1,768,256,11229,3565.7148,15494.9102,239.1602,0.002400,4,0.000100,0.010700,0.002000,0.015000,0.1890,0,0,0.069600,0.2298,2.6574,0.070400,0.000300,0.001300,0.000200,0.000300,0.007100,0.007500,0.045100,0.005300,0.033800,0.1376,0.010600,0.006500,2.0559,0.028100,0.009600,0.034400,0.012200,0.018500,0.080400,0.010100,0.072400,0.002300,0.079200,0.007600,0.077000,0.5951,0.004600,2.3330,0.000400,0.1814,0.000600,0.000400,0.030500,0.3118,0.8322,0.023100,0.9042,0.1443,0.002100,0.011000,0.000700,0.037700,0,9.8273,8.7628,13.0955,634,16,0.2500,0,16,3.8438,1,0,0,629,1,0,115,102,13,0,-1,-1,0,-1,-1,13.9904,4.9185,0,1525.2227,1525.2227,1525.0977,95,875,561,322,0,0,0.000800,0,0,0.014400,0.081400,0.000600,0.010600,0.065600,0.038900,0.000900,0.001600,0.000300,0.001700,0.006500,0.001000,0.003900,0.021400,0.1474,0.060400,0.077300,0.1453,0.046900,0.1908,0.018900,0.050000,0.000200,0.001900,0.062200,0.008500,0.001400,0.000500,0.024200,0.006700,0.011300,0.001000,0.1307,0.013900,0.039900,0.1995,0.065900,0.001100,0.045600,0.002200,0.034600,0.022200,0.016900,9.2691,0.061100,0.006300,0.000100,0,11.0590,0,0,0,0,0,0,0,50,0,0,0,0,1,1,9,9,2,1,1,4,1,1,1,1,1,1,7,7,1,1,50,9,6,42,76,794,950,0,0,0,0,0,-100,-100,-100,-100,600,1440,107.7673,0,0,-0.000000,-1,0,0,0,1,0,13.7344,5,50,75.1289,13.7344,0,0,48.9844,0,100,0,0,0,0,0,0,0,0,0,0.4151,0.4151,1,0.4151,0.4151,21.0080,8.9635,20141,90,568,135,12263.4336,3608.0625,7258.2383,0,15871.5352,11.3837,2.0591,7.3490,11.3837,2.0591,2.9641,33.3333,6.0073,22.7720,0.000600,0.022600,0.000600,0.000600,0.001700,0.012100,0.000600,0.072600,0.001100,0.018300,0.028100,0.034800,0.3442,0.1934,0.022500,0.006200,0.065300,0,0.044900,0.015200,0.1952,0.005100,0.031900,0.1343,0.015500,0.090500,0.4285,0.7253,0.3646,0.056200,2.4872,0.095300,0.030700,0.039800,0.6907,0.091200,0.001900,0.002800,0.060200,0.1946,0.050200,0.000600,0.7342,975,398490,0,0,0,0,0,0,0,0,0.007700,0,0,0,0,0,0,0,0,0,0,0,0,0,0,0,0,0
,0.025300,0.006200,2,64,0,62,0,0,13,233,47,0,454,3,0,0,12,2,0,0,0,0,0,0.002100,0.3784,0.006500,0.009200,0.000900,0.9019,0.1810,0.054900,0.1400,0.001400,0.028600,0,0,768,256,11229,3565.7148,15494.9102,239.1602,0.001200,3,0.000200,0.007600,0.001900,0.014200,0.1819,0,0,0.062300,0.3012,2.5635,0.066300,0.000200,0.001200,0.000200,0.000300,0.007000,0.007000,0.042800,0.005900,0.036800,0.1336,0.010600,0.006900,1.3445,0.027700,0.008700,0.030300,0.012100,0.018600,0.084800,0.010600,0.072800,0.002000,0.087600,0.008100,0.068400,0.6016,0.004800,2.3673,0.000300,0.1884,0.000700,0.000300,0.031000,0.3848,0.7232,0.026700,0.9638,0.5479,0.002400,0.010600,0.000600,0.036600,0.099700,9.4787,8.7628,13.0955,634,16,0.2500,0,16,3.8438,1,0,0,629,1,0,115,102,13,0,-1,-1,0,-1,-1,13.9904,4.9185,0,1525.2227,1525.2227,1441.6289,95,879,561,322,0,0,0.001600,0,0,0.015900,0.080800,0.000700,0.012700,0.072500,0.040800,0.001200,0.001500,0.000200,0.001800,0.006700,0.001300,0.004000,0.022900,0.1304,0.057500,0.079400,0.1543,0.047100,0.1628,0.021400,0.2105,0.000200,0.001600,0.061800,0.008100,0.001100,0.000500,0.025000,0.006100,0.012400,0.001200,0.1492,0.013900,0.041400,0.1874,0.065700,0.001000,0.042900,0.002500,0.016700,0.022700,0.017500,8.9163,0.061000,0.006300,0.000100,0,11.3276,0,0,0,0,0,0,0,50,0,0,0,0,1,1,9,9,2,1,1,4,1,1,1,1,1,1,7,7,1,1,50,9,6,42,76,794,950,0,0,0,0,0,-100,-100,-100,-100,600,1440,107.7673,0,0,-0.000000,-1,0,0,0,1,0,13.7344,5,50,75.1289,13.7344,0,0,48.9844,0,100,0,0,0,0,0,0,0,0,0,0.5454,0.5454,1,0.5454,0.5454,32.1240,8.9635,20141,90,568,135,12263.4062,3608.0625,7258.2383,0,15871.4961,11.1359,2.1982,7.3838,11.1359,2.1982,3.0672,33.3333,5.8365,23.5695,0.000200,0.022000,0.000500,0.000600,0.001800,0.007700,0.000500,0.073000,0,0.018500,0.028100,0.039400,0.3498,0.1732,0.019500,0.005100,0.066000,0,0.043200,0.015400,0.1875,0.005100,0.032800,0.1364,0.015400,0.099900,0.4192,0.6502,0.3105,0.057300,3.2264,0.098300,0.031700,0.039800,0.6937,0.086900,0.001900,0.002500,0.062500,0.1955,0.049200,0.000600,0.6115,931,386874,0,0,0,0,0,0,0.005100,0,0.008500,0,0,0,0,0,0,0,0,0,0,0,0,0,0,0,0,0
,0.028100,0.005500,2,57,0,55,0,0,13,233,12,0,454,3,0,0,12,2,0,0,0,0,0.017800,0.011900,0.3219,0.005900,0.009600,0.000900,0.8569,0.2054,0.051900,0.1224,0.002200,0.030000,0,1,768,256,11229,3565.7148,15494.9102,239.1602,0.002000,3,0.000300,0.019500,0.002500,0.016500,0.2633,0,0,0.062900,0.2086,2.5497,0.068200,0.000200,0.008900,0.000200,0.000200,0.006300,0.007000,0.042500,0.005400,0.032600,0.1707,0.011500,0.006300,1.1111,0.027800,0.008700,0.031600,0.011300,0.090300,0.085900,0.010200,0.075000,0.002100,0.090900,0.008800,0.068900,0.5961,0.004700,2.3739,0.000300,0.2023,0.000700,0.000300,0.030400,0.2957,0.6355,0.024400,0.9190,0.1662,0.002100,0.010000,0.000400,0.036200,0,9.4908,8.7628,13.0955,634,16,0.2500,0,16,3.8438,1,0,0,629,1,0,115,102,13,0,-1,-1,0,-1,-1,13.9904,4.9185,0,1525.2227,1525.2227,1525.0977,95,874,561,321,0,0,0.001000,0,0,0.013800,0.080000,0.000600,0.012000,0.069600,0.042300,0.000700,0.001300,0.000300,0.001600,0.005800,0.000800,0.004100,0.022800,0.1574,0.056600,0.078100,0.1730,0.040600,0.1933,0.018000,0.047000,0.000400,0.001800,0.064600,0.008100,0.001600,0.000600,0.024700,0.006100,0.012200,0.001200,0.1374,0.014100,0.040300,0.2087,0.069400,0.001200,0.040100,0.002300,0.033700,0.023100,0.017500,8.9278,0.059400,0.006700,0.000100,0,11.0596,0,0,0,0,0,0,0,50,0,0,0,0,1,1,9,9,2,1,1,4,1,1,1,1,1,1,7,7,1,1,50,9,6,42,76,794,950,0,0,0,0,0,-100,-100,-100,-100,600,1440,107.7673,0,0,-0.000000,-1,0,0,0,1,0,13.7344,5,50,75.1289,13.7344,0,0,48.9844,0,100,0,0,0,0,0,0,0,0,0,0.4258,0.4258,1,0.4258,0.4258,43.1025,8.9635,20141,90,568,135,12263.3203,3608.0625,7258.2383,0,15871.4688,10.9415,2.0425,8.3662,10.9415,2.0425,2.8242,33.3333,6.2327,23.5633,0.000600,0.022400,0.000600,0.000600,0.001800,0.007700,0.001600,0.072700,0,0.018500,0.031100,0.040100,0.3492,0.1906,0.019500,0.006100,0.065300,0,0.045500,0.012600,0.1751,0.005100,0.032400,0.1320,0.015100,0.090300,0.4267,0.6968,0.3873,0.056300,2.0540,0.093200,0.035800,0.039300,0.6857,0.096100,0.002100,0.002500,0.061300,0.1977,0.049100,0.000700,0.6148,1021,406630,0,0,0,0,0,0,0,0,0.008300,0,0,0,0,0,0,0,0,0,0,0,0,0,0,0,0,0
,0.023200,0.006000,2,76,0,74,0,0,14,233,41,0,454,3,0,0,13,2,0,0,0,0,0.009000,0.005000,0.3395,0.005600,0.009800,0.001000,0.8460,0.1745,0.054100,0.1281,0.001400,0.2515,0.001100,1,768,256,11229,3565.7148,15494.9102,239.1602,0.001900,5,0.000100,0.008200,0.002100,0.013900,0.1796,0,0,0.060500,0.3074,2.7670,0.1362,0.000300,0.001300,0.000300,0.000200,0.006600,0.007600,0.052800,0.005600,0.031400,0.1603,0.010300,0.006300,1.5765,0.029300,0.009400,0.038600,0.011600,0.018800,0.081200,0.009400,0.073700,0.002300,0.1114,0.008100,0.076700,0.6086,0.005600,2.3455,0.000300,0.1889,0.000500,0.000400,0.041900,0.4357,0.7378,0.025700,0.9496,0.8749,0.002000,0.011300,0.000700,0.038400,0.1263,8.1513,8.7628,13.0955,634,16,0.2500,0,16,3.8438,1,0,0,629,1,0,115,102,13,0,-1,-1,0,-1,-1,13.9904,4.9185,0,1525.2227,1525.2227,1441.6289,95,876,561,321,0,0,0.001100,0,0,0.015000,0.083000,0.000600,0.011900,0.071500,0.040600,0.000800,0.001600,0.000400,0.001600,0.006600,0.001200,0.003900,0.025100,0.1306,0.064900,0.083400,0.1587,0.042300,0.1761,0.024200,0.4624,0.000200,0.002000,0.066400,0.008800,0.001300,0.000600,0.027700,0.006400,0.012600,0.001100,0.1436,0.015900,0.042800,0.2079,0.070300,0.001200,0.041700,0.002300,0.034400,0.020700,0.018200,7.6267,0.065100,0.009500,0.000200,0,11.0260,0,0,0,0,0,0,0,50,0,0,0,0,1,1,9,9,2,1,1,4,1,1,1,1,1,1,7,7,1,1,50,9,6,42,76,794,950,0,0,0,0,0,-100,-100,-100,-100,600,1440,107.7673,0,0,-0.000000,-1,0,0,0,1,0,13.7344,5,50,75.1289,13.7344,0,0,48.9844,0,100,0,0,0,0,0,0,0,0,0,0.4988,0.4988,1,0.4988,0.4988,53.2385,8.9635,20141,90,568,135,12263.0508,3608.0625,7258.2383,0,15871.3828,10.0876,2.4857,7.2659,10.0876,2.4857,2.9559,33.3333,6.1052,23.4467,0.000200,0.019600,0.000600,0.000600,0.001500,0.007200,0.000500,0.072400,0.001100,0.021500,0.029500,0.038600,0.7726,0.2971,0.021500,0.005100,0.062000,0,0.041900,0.021000,0.2046,0.006200,0.040500,0.1838,0.018500,0.1110,0.4335,0.6976,0.3916,0.057400,2.0675,0.093200,0.031700,0.049000,0.6937,0.086400,0.001600,0.002500,0.063100,0.1966,0.050200,0.000700,0.6272,959,394434,0,0,0,0,0,0,0,0,0.008600,0,0,0,0,0,0,0,0,0,0,0,0,0,0,0,0,0
,0.023900,0.038400,2,64,0,62,0,0,13,233,26,0,454,3,0,0,12,2,0,0,0,0,0.010600,0.012700,0.3385,0.005400,0.009400,0.001000,0.8636,0.1894,0.055200,0.1235,0.000800,0.4039,0.002900,0,768,256,11229,3565.7148,15494.9102,239.1602,0.001400,3,0.000200,0.009200,0.002700,0.2029,0.1773,0,0,0.060800,0.2013,2.5541,0.060400,0.000200,0.001300,0.000200,0.000300,0.006800,0.007300,0.042500,0.005100,0.039600,0.1643,0.010600,0.006000,0.7587,0.026200,0.007800,0.029600,0.011300,0.019100,0.081200,0.007300,0.061800,0.001800,0.1108,0.007900,0.067800,0.5998,0.005000,2.4369,0.000400,0.2014,0.000800,0.000300,0.031000,0.3047,0.6934,0.025000,0.9261,0.1745,0.002000,0.009500,0.000500,0.035500,0,10.2103,8.7628,13.0955,634,16,0.2500,0,16,3.8438,1,0,0,629,1,0,115,102,13,0,-1,-1,0,-1,-1,13.9904,4.9185,0,1525.2227,1525.2227,1525.0977,95,879,561,321,0,0,0.000700,0,0,0.014700,0.079900,0.000600,0.011200,0.073900,0.041700,0.000900,0.001700,0.000600,0.001500,0.006400,0.001000,0.003800,0.023000,0.1862,0.059900,0.078900,0.1557,0.057200,0.1536,0.022500,0.1354,0.000200,0.001700,0.066900,0.009200,0.001200,0.000400,0.026500,0.006900,0.013400,0.001100,0.1485,0.014600,0.044100,0.1963,0.069900,0.001300,0.042100,0.003000,0.017200,0.025300,0.017600,9.6745,0.057900,0.006400,0.000200,0,10.1514,0,0,0,0,0,0,0,50,0,0,0,0,1,1,9,9,2,1,1,4,1,1,1,1,1,1,7,7,1,1,50,9,6,42,76,794,950,0,0,0,0,0,-100,-100,-100,-100,600,1440,107.7673,0,0,-0.000000,-1,0,0,0,1,0,13.7344,5,50,75.1289,13.7344,0,0,48.9844,0,100,0,0,0,0,0,0,0,0,0,0.4977,0.4977,1,0.4977,0.4977,3.4167,8.9635,20141,90,568,135,12262.6953,3608.0625,7258.2383,0,15871.1133,11.9199,2.2270,7.6007,11.9199,2.2280,2.8248,33.3333,6.0774,23.2144,0.000300,0.022000,0.000600,0.000500,0.001900,0.007200,0.000600,0.074100,0,0.021500,0.027300,0.039200,0.3587,0.1927,0.018500,0.006100,0.065400,0,0.046000,0.025000,0.1937,0.005100,0.031700,0.1364,0.015100,0.087300,0.8566,0.6693,0.3565,0.055200,2.0777,0.094200,0.030800,0.039400,1.1118,0.1143,0.002000,0.002800,0.064900,0.2016,0.050200,0.000700,0.6070,938,388072,0,2046,1132,0,0.6294,0,0,0.001200,0.007400,0,0,0,0,0,0,0,0,0,0,0,0,0,0,0,0,0
,0.018500,0.018000,2,57,0,55,0,0,13,233,12,0,454,3,0,0,12,2,0,0,0,0,0.008200,0.003100,0.3397,0.005500,0.008300,0.001000,0.8424,0.1617,0.054200,0.1272,0.001200,0.025400,0.008600,0,768,256,11229,3565.7148,15494.9102,239.1602,0.001900,2,0.000100,0.007900,0.002100,0.020800,0.1706,0,0,0.057800,0.2747,2.5975,0.061100,0.000200,0.001200,0.000200,0.000300,0.006300,0.006900,0.040400,0.005700,0.032900,0.1220,0.012200,0.006100,1.2733,0.025800,0.008500,0.031200,0.011800,0.017600,0.078200,0.013100,0.070000,0.013900,0.1272,0.007900,0.079200,0.6923,0.005000,2.3570,0.000200,0.1901,0.000500,0.000400,0.029300,0.3168,0.6724,0.023500,0.9379,0.7897,0.002000,0.009200,0.000600,0.080100,0.076700,8.0364,8.7628,13.0955,634,16,0.2500,0,16,3.8438,1,0,0,629,1,0,115,102,13,0,-1,-1,0,-1,-1,13.9904,4.9185,0,1525.2227,1525.2227,1441.5039,95,878,561,321,0,0,0.001100,0,0,0.015800,0.080600,0.000900,0.012000,0.071600,0.042700,0.000900,0.001800,0.000300,0.001600,0.006600,0.000900,0.004300,0.022500,0.1287,0.060000,0.083200,0.1537,0.039600,0.1668,0.020700,0.2827,0.000200,0.001700,0.064600,0.008700,0.002000,0.000500,0.026800,0.006700,0.011800,0.001300,0.1376,0.017400,0.041900,0.2092,0.068600,0.001200,0.023100,0.002800,0.033000,0.024600,0.022600,7.7622,0.060800,0.006100,0.000200,0,11.8861,0,0,0,0,0,0,0,50,0,0,0,0,1,1,9,9,2,1,1,4,1,1,1,1,1,1,7,7,1,1,50,9,6,42,76,794,950,0,0,0,0,0,-100,-100,-100,-100,600,1440,107.7673,0,0,-0.000000,-1,0,0,0,1,0,13.7344,5,50,75.1289,13.7344,0,0,48.9844,0,100,0,0,0,0,0,0,0,0,0,0.5813,0.5813,1,0.5813,0.5813,13.4471,8.9635,20141,90,568,135,12262.6875,3608.0625,7258.2383,0,15870.7578,9.7865,2.2946,7.8171,9.7865,2.2946,2.9464,33.3333,6.1258,23.6658,0.000600,0.021900,0.000600,0.000600,0.001600,0.008800,0.000600,0.072300,0,0.017500,0.028200,0.035900,0.3367,0.2932,0.021400,0.005200,0.061700,0,0.047200,0.024600,0.1959,0.005100,0.031600,0.1354,0.015300,0.095000,0.4360,0.6970,0.3841,0.056100,2.0716,0.094200,0.031700,0.038400,0.6885,0.065700,0.002300,0.002700,0.062000,0.1976,0.050200,0.000600,0.5980,1023,406632,0,0,0,0,0,0,0,0,0.008300,0,0,0,0,0,0,0,0,0,0,0,0,0,0,0,0,0
,0.3669,0.017300,2,76,0,74,0,0,14,233,41,0,454,3,0,0,13,2,0,0,0,0,0.009000,0.017500,0.3393,0.006100,0.008900,0.001100,0.8315,0.1956,0.055100,0.1175,0.001600,0.3351,0.001800,0,768,256,11229,3565.7148,15494.9102,239.1602,0.002300,2,0.000300,0.017800,0.002000,0.022100,0.1759,0,0,0.066600,0.2238,2.6368,0.080000,0.000300,0.001100,0.000200,0.000300,0.006300,0.006500,0.042600,0.005600,0.031500,0.1045,0.020800,0.006000,1.0253,0.032600,0.009900,0.039600,0.013500,0.021200,0.092700,0.011900,0.078600,0.002400,0.1037,0.007700,0.081300,0.6055,0.005100,2.4026,0.000200,0.2098,0.000700,0.000400,0.033100,0.3461,0.8133,0.030500,0.9973,0.1058,0.002300,0.010700,0.000500,0.037700,0,9.3172,8.7628,13.0955,634,16,0.2500,0,16,3.8438,1,0,0,629,1,0,115,102,13,0,-1,-1,0,-1,-1,13.9904,4.9185,0,1525.2227,1525.2227,1525.0977,95,882,561,321,0,0,0.001200,0,0,0.014800,0.080300,0.000500,0.011600,0.068700,0.036700,0.000800,0.001900,0.000500,0.001700,0.006900,0.000900,0.004000,0.022800,0.1450,0.052300,0.077300,0.1473,0.040100,0.1851,0.032300,0.069800,0.000300,0.001400,0.063100,0.007900,0.001100,0.000300,0.025800,0.006000,0.012600,0.000900,0.1551,0.013900,0.040100,0.2185,0.069200,0.001200,0.032700,0.002300,0.035500,0.022900,0.024800,8.7333,0.055800,0.005900,0.000100,0,10.0161,0,0,0,0,0,0,0,50,0,0,0,0,1,1,9,9,2,1,1,4,1,1,1,1,1,1,7,7,1,1,50,9,6,42,76,794,950,0,0,0,0,0,-100,-100,-100,-100,600,1440,107.7673,0,0,-0.000000,-1,0,0,0,1,0,13.7344,5,50,75.1289,13.7344,0,0,48.9844,0,100,0,0,0,0,0,0,0,0,0,0.4272,0.4272,1,0.4272,0.4272,24.2693,8.9635,20141,90,568,135,12262.6797,3608.0625,7258.2383,0,15870.7500,11.1181,2.0516,7.3219,11.1181,2.0516,2.8049,33.3333,6.0846,23.6239,0.000300,0.022000,0.000600,0.000500,0.001900,0.009200,0.001500,0.072800,0,0.021500,0.021500,0.027100,0.3581,0.2256,0.019500,0.006100,0.061700,0.001000,0.047300,0.021100,0.2011,0.006200,0.032900,0.1368,0.018400,0.1000,0.8820,0.7046,0.3149,0.056200,2.4640,0.094200,0.030700,0.039600,0.6970,0.065800,0.002300,0.002800,0.062800,0.1946,0.051200,0.000600,0.6100,975,398680,0.058800,0,0,0,0,0,0,0,0.009200,0,0,0,0,0,0,0,0,0,0,0,0,0,0,0,0,0
,0.016700,0.010400,2,64,0,62,0,0,13,233,25,0,454,3,0,0,12,2,0,0,0,0,0,0.004500,0.3411,0.005500,0.009100,0.001100,0.9054,0.2495,0.059200,0.1414,0.001300,0.033900,0,1,768,256,11229,3565.7148,15494.9102,239.1602,0,3,0.000100,0.007600,0.002200,0.019200,0.1878,0,0,0.058900,0.2443,2.8093,0.068300,0.000200,0.001300,0.000300,0.000300,0.007200,0.008500,0.053000,0.004600,0.035500,0.1605,0.012700,0.007200,0.2869,0.027700,0.008900,0.033600,0.011900,0.021000,0.1047,0.009600,0.074800,0.002600,0.1070,0.009300,0.069500,0.6101,0.004900,2.4030,0.000400,0.2166,0.000600,0.000300,0.033600,0.3147,0.7470,0.027700,1.0485,0.1108,0.002300,0.010700,0.000500,0.035200,0.8128,8.2203,8.7628,13.0955,634,16,0.2500,0,16,3.8438,1,0,0,629,1,0,115,102,13,0,-1,-1,0,-1,-1,13.9904,4.9185,0,1525.2227,1525.2227,1525.0977,95,883,561,321,0,0,0.001000,0,0,0.014400,0.083700,0.000400,0.020100,0.075900,0.043500,0.000900,0.001400,0.000400,0.001400,0.005800,0.000900,0.004000,0.024700,0.1515,0.063600,0.082600,0.1725,0.041000,0.2346,0.024000,0.4940,0.000600,0.001900,0.071200,0.010200,0.001300,0.000800,0.031500,0.007100,0.013900,0.001600,0.1545,0.017100,0.046400,0.2076,0.069000,0.001200,0.050500,0.002200,0.017900,0.022500,0.032000,7.6205,0.063000,0.006200,0.000100,0,10.8270,0,0,0,0,0,0,0,50,0,0,0,0,1,1,9,9,2,1,1,4,1,1,1,1,1,1,7,7,1,1,50,9,6,42,76,794,950,0,0,0,0,0,-100,-100,-100,-100,600,1440,107.7673,0,0,-0.000000,-1,0,0,0,1,0,13.7344,5,50,75.1289,13.7344,0,0,48.9844,0,100,0,0,0,0,0,0,0,0,0,0.9067,0.9067,1,0.9067,0.9067,34.5677,8.9635,20141,90,568,135,12262.3750,3608.0625,7258.2383,0,15870.7422,10.2999,2.6548,7.7863,10.2999,2.6548,2.9387,33.3333,6.0752,22.1667,0.000300,0.022500,0.000500,0.000600,0.001700,0.009400,0.000500,0.076700,0.001100,0.018500,0.028300,0.038400,0.3534,0.1912,0.019400,0.005100,0.062100,0,0.046000,0.007500,0.1783,0.005100,0.033200,0.1366,0.015600,0.089600,0.4256,0.6911,0.3434,0.057400,2.4720,0.095200,0.030700,0.039500,1.5498,0.070200,0.001900,0.002400,0.063300,0.2015,0.047100,0.000600,0.6169,966,407730,0,0,0,0,0,0.5506,0,0,0.008000,0,0,0,0,0,0,0,0,0,0,0,0,0,0,0,0,0
,0.014800,0.009200,2,57,0,55,0,0,13,233,13,0,454,3,0,0,12,2,0,0,0,0,0.018200,0.010200,0.3349,0.005800,0.009100,0.001300,0.9179,0.1960,0.057900,0.1374,0.001400,0.027300,0,1,768,256,11229,3565.7148,15494.9102,239.1602,0.004400,4,0.000300,0.008700,0.002100,0.018900,0.2090,0,0,0.060000,0.2895,2.7296,0.071200,0.000400,0.002700,0.000200,0.000200,0.006200,0.007700,0.056100,0.005700,0.039300,0.1627,0.012500,0.006400,1.3202,0.055000,0.008800,0.037100,0.012500,0.020400,0.083500,0.010500,0.079200,0.002200,0.1044,0.008200,0.075400,0.6055,0.004000,2.3371,0.000200,0.1859,0.000500,0.000400,0.031000,0.3781,0.6724,0.025200,0.9556,0.083100,0.002200,0.010600,0.000500,0.035100,0.3696,9.6753,8.7628,13.0955,634,16,0.2500,0,16,3.8438,1,0,0,629,1,0,115,102,13,0,-1,-1,0,-1,-1,13.9904,4.9185,0,1525.2227,1525.2227,1525.0977,95,881,561,321,0,0,0.001100,0,0,0.015600,0.091400,0.000700,0.012200,0.074600,0.043300,0.001000,0.001700,0.000400,0.001700,0.007000,0.001400,0.004000,0.022900,0.1446,0.061000,0.084000,0.1527,0.046600,0.2171,0.019800,0.1026,0.000400,0.001700,0.078600,0.009800,0.001300,0.000400,0.030100,0.007300,0.013500,0.001400,0.1658,0.018300,0.044900,0.2115,0.069000,0.001400,0.048300,0.002100,0.036900,0.025400,0.016400,9.0961,0.060700,0.005900,0.000200,0,10.1805,0,0,0,0,0,0,0,50,0,0,0,0,1,1,9,9,2,1,1,4,1,1,1,1,1,1,7,7,1,1,50,9,6,42,76,794,950,0,0,0,0,0,-100,-100,-100,-100,600,1440,107.7673,0,0,-0.000000,-1,0,0,0,1,0,13.7344,5,50,75.1289,13.7344,0,0,48.9844,0,100,0,0,0,0,0,0,0,0,0,0.4980,0.4980,1,0.4980,0.4980,45.8052,8.9635,20141,90,568,135,12262.0898,3608.0625,7258.2383,0,15870.4375,11.1373,2.1201,7.8166,11.1373,2.1201,2.9248,33.3333,5.9953,21.8094,0.000600,0.021200,0.000600,0.000600,0.001800,0.006900,0.000600,0.073900,0,0.020500,0.021300,0.025800,0.3615,0.1935,0.018400,0.006100,0.067300,0,0.044900,0.009200,0.1908,0.005100,0.032400,0.1368,0.015800,0.090800,0.4270,0.6940,0.3425,0.058400,2.4584,0.095200,0.031700,0.039300,0.6960,0.093300,0.002100,0.002700,0.062200,0.1977,0.050100,0.000600,0.6034,972,408270,0,0,0,0,0,0,0,0,0.007200,0,0,0,0,0,0,0,0,0,0,0,0,0,0,0,0,0
,0.016600,0.006600,2,57,0,55,0,0,13,233,14,0,454,3,0,0,12,2,0,0,0,0,0.007900,0.010400,0.3398,0.007800,0.007800,0.001000,0.9135,0.1982,0.060400,0.1398,0.001300,0.028900,0.004900,1,768,256,11229,3565.7148,15494.9102,239.1602,0.001900,5,0.000200,0.008500,0.002100,0.019800,0.1876,0,0,0.058800,0.2663,2.9361,0.079200,0.000300,0.001400,0.000200,0.000400,0.006800,0.006900,0.047400,0.005300,0.038200,0.1328,0.011200,0.006400,1.2509,0.030600,0.009000,0.031400,0.013200,0.021200,0.086100,0.012500,0.072500,0.002500,0.088500,0.010000,0.076500,0.7224,0.007900,2.5084,0.000300,0.2353,0.000600,0.000300,0.033200,0.3178,0.8779,0.029200,0.9653,0.4122,0.002200,0.011600,0.000500,0.038300,0.1131,9.1957,8.7628,13.0955,634,16,0.2500,0,16,3.8438,1,0,0,629,1,0,115,102,13,0,-1,-1,0,-1,-1,13.9904,4.9185,0,1525.2227,1525.2227,1525.0977,95,885,561,321,0,0,0.001100,0,0,0.015400,0.081700,0.000400,0.012200,0.073400,0.042600,0.000800,0.001600,0.000400,0.001600,0.006600,0.001000,0.004000,0.024800,0.1405,0.057600,0.093600,0.1634,0.045700,0.1816,0.052000,0.1546,0.000300,0.006300,0.069100,0.009400,0.001200,0.000700,0.028800,0.006600,0.013200,0.001100,0.1501,0.013700,0.044200,0.2126,0.072400,0.001300,0.041900,0.002600,0.033100,0.023100,0.017700,8.7543,0.059700,0.006100,0.000100,0,11.2955,0,0,0,0,0,0,0,50,0,0,0,0,1,1,9,9,2,1,1,4,1,1,1,1,1,1,7,7,1,1,50,9,6,42,76,794,950,0,0,0,0,0,-100,-100,-100,-100,600,1440,107.7673,0,0,-0.000000,-1,0,0,0,1,0,13.7344,5,50,75.1289,13.7344,0,0,48.9844,0,100,0,0,0,0,0,0,0,0,0,0.5293,0.5293,1,0.5293,0.5293,57.0233,8.9635,20141,90,568,135,12261.9414,3608.0625,7258.2383,0,15870.1523,10.9276,2.2457,7.3435,10.9276,2.2457,3.0804,33.3333,6.4020,22.2250,0.000300,0.021600,0.000600,0.000700,0.001600,0.007600,0.000600,0.071400,0,0.020500,0.029400,0.039000,0.3418,0.1898,0.019400,0.005100,0.062700,0.001000,0.048300,0.009200,0.1972,0.005200,0.032200,0.1342,0.016000,0.089000,0.4350,1.1985,0.3262,0.056400,2.4596,0.094200,0.032700,0.039100,0.6957,0.068300,0.001900,0.002500,0.062100,0.1944,0.049200,0.000600,0.6096,963,394052,0,0,0,0,0,0,0.008000,0,0.008500,0,0,0,0,0,0,0,0,0,0,0,0,0,0,0,0,0
,0.085800,0.015700,2,57,0,55,0,0,13,233,12,0,454,3,0,0,12,2,0,0,0,0,0,0.027800,0.3435,0.005500,0.009400,0.001000,0.9095,0.1923,0.069100,0.1376,0.001100,0.042000,0,1,768,256,11229,3565.7148,15494.9102,239.1602,0.001700,1,0,0.008000,0.002300,0.020600,0.1897,0,0,0.066100,0.2484,2.8250,0.063300,0.000200,0.001300,0.000200,0.000200,0.006500,0.008000,0.042500,0.004900,0.034000,0.1471,0.011100,0.005500,0.6818,0.029200,0.009800,0.031300,0.012000,0.021100,0.075700,0.009600,0.082500,0.002300,0.090100,0.011300,0.075000,0.6682,0.005600,2.4598,0.000200,0.2303,0.000700,0.000400,0.039500,0.3285,0.8070,0.027900,0.9940,0.1703,0.002500,0.010700,0.000500,0.036800,0,9.6468,8.7628,13.0955,634,16,0.2500,0,16,3.8438,1,0,0,629,1,0,115,102,13,0,-1,-1,0,-1,-1,13.9904,4.9185,0,1525.2227,1525.2227,1525.0977,95,878,561,322,0,0,0.000900,0,0,0.015300,0.1020,0.000500,0.013100,0.093600,0.042700,0.001000,0.002100,0.000400,0.001800,0.006900,0.001400,0.003900,0.022400,0.1472,0.061600,0.077500,0.1603,0.037700,0.2081,0.017600,0.051300,0.000100,0.001800,0.079500,0.009100,0.001800,0.000500,0.029000,0.006900,0.013100,0.001300,0.1494,0.015600,0.040700,0.1988,0.072700,0.001300,0.044900,0.003400,0.017500,0.024900,0.017600,9.0283,0.1048,0.006400,0.000100,0.004200,11.1895,0,0,0,0,0,0,0,50,0,0,0,0,1,1,9,9,2,1,1,4,1,1,1,1,1,1,7,7,1,1,50,9,6,42,76,794,950,0,0,0,0,0,-100,-100,-100,-100,600,1440,107.7673,0,0,-0.000000,-1,0,0,0,1,0,13.7344,5,50,75.1289,13.7344,0,0,48.9844,0,100,0,0,0,0,0,0,0,0,0,0.4045,0.4045,1,0.4045,0.4045,6.1345,8.9635,20141,90,568,135,12260.9609,3608.0625,7258.2383,0,15870.0039,11.5341,2.3500,8.2615,11.5341,2.3500,3.0100,33.3333,6.0606,19.6898,0.000300,0.021800,0.000500,0.000600,0.001700,0.009100,0.001100,0.073500,0.001000,0.019500,0.020100,0.034100,0.3607,0.1942,0.019400,0.006200,0.066000,0.001000,0.047200,0.019300,0.1865,0.005100,0.031000,0.1381,0.015200,0.091900,0.4263,0.7053,0.3521,0.058400,2.5025,0.095300,0.030700,0.039100,1.5948,0.1001,0.002200,0.003200,0.067700,0.2007,0.048100,0.000600,0.6105,955,416518,0,2363,1331,0,0.5134,0,0,0,0.008300,0,300000,0,0,0,0,0.8000,50000,9,0,0,0,0,0,0,0,0
,0.027500,0.006200,0,0,0,0,0,0,0,0,0,0,0,0,0,0,0,0,0,0,0,0,0.009200,0.006100,0.4456,0.006200,0.011500,0.001100,0.9297,0.1965,0.058300,0.1354,0,0.033100,0,2,768,256,11229,3565.7148,15494.9102,239.1602,0,2,0.000300,0.009700,0.002300,0.014800,0.1921,0,0,0.065100,0.2819,2.7342,0.068200,0.000200,0.001700,0.000400,0.000200,0.011700,0.007600,0.050100,0.005900,0.034500,0.1401,0.011800,0.006600,1.1763,0.027800,0.008900,0.031300,0.012900,0.020400,0.088200,0.016000,0.090900,0.002700,0.089400,0.008100,0.070800,0.6289,0.005100,2.4295,0.000300,0.2068,0.000600,0.000400,0.027900,0.3085,0.5795,0.023300,0.9058,0.3849,0.001800,0.012000,0.000500,0.085800,0.1454,8.8501,8.7628,13.0955,634,16,0.2500,0,16,3.8438,1,0,0,629,1,0,115,102,13,0,-1,-1,0,-1,-1,13.9904,4.9185,0,1525.2227,1525.2227,1441.6289,95,873,561,322,0,0,0.000900,0,0,0.016900,0.085300,0.000600,0.016600,0.075700,0.042100,0.001100,0.001900,0.000200,0.001900,0.007100,0.000900,0.004300,0.023900,0.1459,0.059500,0.086000,0.1591,0.040900,0.2016,0.020500,0.060100,0.000300,0.001400,0.067100,0.008400,0.001300,0.000400,0.026000,0.006900,0.012200,0.001400,0.1414,0.014900,0.042900,0.2118,0.084400,0.001100,0.047700,0.002000,0.033900,0.023500,0.018200,8.3183,0.079700,0.006200,0,0,11.1609,0,0,0,0,0,0,0,50,0,0,0,0,1,1,9,9,2,1,1,4,1,1,1,1,1,1,7,7,1,1,50,9,6,42,76,794,950,0,0,0,0,0,-100,-100,-100,-100,600,1440,107.7673,0,0,-0.000000,-1,0,0,0,1,0,13.7344,5,50,75.1289,13.7344,0,0,48.9844,0,100,0,0,0,0,0,0,0,0,0,0.4181,0.4181,1,0.4181,0.4181,16.5244,8.9635,20141,90,568,135,12242.9297,3608.0625,7258.2383,0,15869.0234,10.3277,2.0951,8.2615,10.3277,2.0960,3.2359,33.3333,6.4674,19.9941,0.000600,0.021400,0.000600,0.000600,0.001800,0.007300,0.000600,0.072700,0,0.018500,0.027700,0.037700,0.3459,0.1910,0.022500,0.007200,0.061700,0,0.046900,0.011600,0.1992,0.006200,0.031800,0.1424,0.015900,0.091300,0.4293,0.6947,0.3861,0.057400,2.0704,0.093200,0.031800,0.038900,0.6933,0.076200,0.001900,0.002300,0.063200,0.1966,0.049200,0.000700,0.5911,1039,425560,0,0,0,0,0,0,0,0.001100,0.008700,0,0,0,0,0,0,0,0,0,0,0,0,0,0,0,0,0,0,0
,0.015500,0.018600,4,136,0,132,0,0,27,466,73,0,908,6,0,0,25,4,0,0,0,0,0.016700,0.008300,0.3333,0.005200,0.008600,0.000800,0.8442,0.2103,0.053700,0.1205,0.002500,0.020300,0,0,768,256,11229,3565.7148,15494.9102,239.1602,0.003800,4,0,0.007600,0.001800,0.013000,0.2099,0,0,0.060900,0.3091,2.5307,0.065200,0.000200,0.001300,0.000200,0.000300,0.006800,0.008400,0.039800,0.005300,0.030300,0.1053,0.010600,0.006400,1.3009,0.028500,0.009800,0.041300,0.012400,0.018700,0.1090,0.011800,0.070400,0.001900,0.082100,0.008800,0.072800,0.6351,0.005400,2.4253,0.000500,0.2025,0.000500,0.000300,0.031000,0.3150,0.6430,0.024900,0.9511,0.4181,0.002300,0.011900,0.000500,0.037200,0,9.1539,8.7628,13.0955,634,16,0.2500,0,16,3.8438,1,0,0,629,1,0,115,102,13,0,-1,-1,0,-1,-1,13.9904,4.9185,0,1525.2227,1525.2227,1441.5039,95,875,561,322,0,0,0.001000,0,0,0.015600,0.1071,0.000500,0.012600,0.073000,0.066500,0.001000,0.001400,0.000300,0.001600,0.006400,0.001000,0.004000,0.022600,0.1598,0.053100,0.091300,0.1584,0.046100,0.1920,0.036100,0.068400,0.000200,0.001900,0.067900,0.008800,0.001300,0.000700,0.028200,0.006800,0.012900,0.001200,0.1586,0.016000,0.048700,0.2141,0.076700,0.001500,0.024100,0.003400,0.033100,0.023500,0.017700,8.7102,0.058600,0.006200,0,0,10.3646,0,0,0,0,0,0,0,50,0,0,0,0,1,1,9,9,2,1,1,4,1,1,1,1,1,1,7,7,1,1,50,9,6,42,76,794,950,0,0,0,0,0,-100,-100,-100,-100,600,1440,107.7673,0,0,-0.000000,-1,0,0,0,1,0,13.7344,5,50,75.1289,13.7344,0,0,48.9844,0,100,0,0,0,0,0,0,0,0,0,0.4518,0.4518,1,0.4518,0.4518,27.3215,8.9635,20141,90,568,135,12240.8398,3608.0625,7258.2383,0,15850.9922,10.7449,2.1152,7.2927,10.7449,2.1152,3.1626,33.3333,6.4742,23.6258,0.000300,0.020700,0.000500,0.000600,0.001700,0.009300,0.000700,0.072200,0.001100,0.017500,0.020400,0.032500,0.3480,0.1933,0.019400,0.006200,0.062700,0,0.045500,0.011000,0.2006,0.005100,0.032900,0.1368,0.015500,0.094800,0.4277,0.6900,0.2995,0.057400,3.1938,0.095300,0.031700,0.039300,0.6903,0.087000,0.002000,0.002600,0.062200,0.1996,0.050100,0.000600,0.6942,966,390414,0,0,0,0,0,0,0,0,0.008400,0,0,0,0,0,0,0,0,0,0,0,0,0,0,0,0,0,0,0
,0.1021,0.010200,2,69,0,67,0,0,13,233,28,0,454,3,0,0,12,2,0,0,0,0,0.008700,0.006300,0.3471,0.005100,0.009600,0.001100,0.8821,0.1777,0.049600,0.1310,0.000700,0.033400,0,2,768,256,11229,3565.7148,15494.9102,239.1602,0.001600,3,0.000300,0.009200,0.002100,0.014400,0.1810,0,0,0.071400,0.2331,2.6295,0.066400,0.000200,0.001200,0.000200,0.000300,0.006500,0.009000,0.041800,0.005000,0.031600,0.1602,0.010300,0.006100,1.1161,0.027400,0.009400,0.032900,0.012900,0.017500,0.096700,0.011000,0.083600,0.002300,0.1006,0.008500,0.073700,0.6023,0.004800,2.3298,0.000200,0.1867,0.000600,0.000500,0.030700,0.3043,0.6928,0.026100,1.0590,0.1202,0.002100,0.010600,0.000500,0.034300,0,8.6245,8.7628,13.0955,634,16,0.2500,0,16,3.8438,1,0,0,629,1,0,115,102,13,0,-1,-1,0,-1,-1,13.9904,4.9185,0,1525.2227,1525.2227,1525.0977,95,878,561,322,0,0,0.000800,0,0,0.014100,0.085100,0.000500,0.012000,0.068500,0.037900,0.001000,0.001400,0.000200,0.001800,0.006100,0.000900,0.003700,0.023600,0.1253,0.058700,0.076100,0.1656,0.042600,0.6638,0.015700,0,0.000400,0.001600,0.064500,0.008700,0.001300,0.000500,0.025200,0.006200,0.011900,0.001200,0.1464,0.015100,0.044500,0.1985,0.072600,0.001200,0.041100,0.002400,0.017000,0.022900,0.024800,8.0449,0.059100,0.006100,0.000200,0,10.8788,0,0,0,0,0,0,0,50,0,0,0,0,1,1,9,9,2,1,1,4,1,1,1,1,1,1,7,7,1,1,50,9,6,42,76,794,950,0,0,0,0,0,-100,-100,-100,-100,600,1440,107.7673,0,0,-0.000000,-1,0,0,0,1,0,13.7344,5,50,75.1289,13.7344,0,0,48.9844,0,100,0,0,0,0,0,0,0,0,0,0.4316,0.4316,1,0.4316,0.4316,37.7956,8.9635,20141,90,568,135,12240.7812,3608.0625,7258.2383,0,15848.9023,10.6096,2.4420,8.2080,10.6096,2.4420,2.9787,33.3333,6.3307,22.9300,0.000300,0.022100,0.000600,0.000700,0.001500,0.007700,0.000500,0.073100,0,0.021500,0.028600,0.037700,0.3528,0.1879,0.019400,0.006200,0.062900,0,0.045600,0.013300,0.1903,0.005200,0.033200,0.1330,0.015200,0.089500,0.4255,0.7870,0.3176,0.056300,2.4447,0.095200,0.031700,0.039500,0.6907,0.087000,0.001900,0.002300,0.060400,0.1955,0.050200,0.000800,0.5961,1004,413768,0.052600,0,0,0,0,0,0,0,0.007900,0,0,0,0,0,0,0,0,0,0,0,0,0,0,0,0,0,0,0
,0.016700,0.021900,2,75,0,73,0,0,14,233,44,0,454,3,0,0,13,2,0,0,0,0,0.011600,0.011600,0.3316,0.006000,0.008000,0.001400,0.9046,0.1906,0.059400,0.1363,0,0.079500,0,1,768,256,11229,3565.7148,15494.9102,239.1602,0.001900,6,0.000400,0.008600,0.002200,0.015100,0.1809,0,0,0.057800,0.2442,2.6365,0.076800,0.000300,0.001800,0.000200,0.000200,0.008600,0.009000,0.047800,0.005700,0.034700,0.1681,0.012800,0.007200,1.3578,0.045500,0.010500,0.034100,0.012100,0.019800,0.082700,0.012800,0.070100,0.002300,0.080700,0.007800,0.072700,0.6154,0.004900,2.3101,0.000300,0.1822,0.000500,0.000300,0.031700,0.3562,0.7061,0.025300,0.9022,0.1103,0.002000,0.011300,0.000800,0.035400,0.1574,7.4622,8.7628,13.0955,634,16,0.2500,0,16,3.8438,1,0,0,629,1,0,115,102,13,0,-1,-1,0,-1,-1,13.9904,4.9185,0,1525.2227,1525.2227,1525.0977,95,870,551,322,0,0,0.001100,0,0,0.014600,0.085000,0.000500,0.011400,0.077100,0.042700,0.000900,0.001800,0.000100,0.001400,0.006100,0.000900,0.004200,0.023200,0.1422,0.058600,0.078100,0.1578,0.044800,0.1734,0.034100,1.3209,0.000200,0.001800,0.067500,0.009200,0.001500,0.000800,0.031200,0.006900,0.013900,0.001200,0.1521,0.017200,0.046500,0.2111,0.070300,0.001200,0.051400,0.002600,0.032600,0.022700,0.024900,6.9658,0.066700,0.007600,0.000100,0,10.4874,0,0,0,0,0,0,0,50,0,0,0,0,1,1,9,9,2,1,1,4,1,1,1,1,1,1,7,7,1,1,50,9,6,42,76,794,950,0,0,0,0,0,-100,-100,-100,-100,600,1440,107.7673,0,0,-0.000000,-1,0,0,0,1,0,13.7344,5,50,75.1289,13.7344,0,0,48.9844,0,100,0,0,0,0,0,0,0,0,0,1.6107,1.6107,1,1.6107,1.6107,48.1343,8.9635,20141,90,568,135,12263.2383,3608.0625,7258.2383,0,15848.8438,10.2230,3.3350,7.3797,10.2230,3.3350,2.9463,33.3333,6.2262,22.3675,0.000200,0.022400,0.000700,0.000600,0.001700,0.008800,0.000700,0.073600,0,0.024600,0.029300,0.042100,0.3428,0.1941,0.019400,0.006200,0.061700,0,0.046100,0.011200,0.1842,0.006200,0.032500,0.1370,0.015000,0.090000,0.4254,0.7264,0.3051,0.057200,2.4237,0.094200,0.030800,0.039800,0.6931,0.091300,0.002100,0.002500,0.060700,0.1976,0.050200,0.000600,0.6374,1010,403162,0,0,0,0,0,0,0,0,0.008700,0,0,0,0,0,0,0,0,0,0,0,0,0,0,0,0,0,0,0
,0.015000,0.006500,2,72,0,70,0,0,13,233,41,0,454,3,0,0,12,2,0,0,0,0,0.009000,0.009700,0.3659,0.006000,0.010200,0.001200,0.9108,0.1932,0.059600,0.1349,0.002200,0.034100,0,0,768,256,11229,3565.7148,15494.9102,239.1602,0.001000,4,0.000400,0.013600,0.002300,0.014800,0.1783,0,0,0.060600,0.3465,2.6551,0.069500,0.000200,0.001300,0.000200,0.000200,0.006200,0.007400,0.050200,0.004900,0.035300,0.1373,0.011200,0.005500,1.3104,0.031200,0.009700,0.032400,0.012300,0.020200,0.080800,0.012700,0.076200,0.002500,0.093200,0.007500,0.068900,0.6211,0.005200,2.4862,0.000600,0.2314,0.000600,0.000300,0.032200,0.3150,0.6364,0.027500,0.9604,0.1665,0.002100,0.010400,0.000500,0.038200,0.3456,8.9231,8.7628,13.0955,634,16,0.2500,0,16,3.8438,1,0,0,629,1,0,115,102,13,0,-1,-1,0,-1,-1,13.9904,4.9185,0,1525.2227,1525.2227,1525.0977,95,874,561,322,0,0,0.000900,0,0,0.016500,0.098300,0.000600,0.012800,0.076000,0.041500,0.000800,0.001600,0.000500,0.001400,0.006000,0.001000,0.003700,0.023400,0.1826,0.056000,0.076800,0.1624,0.041600,0.1810,0.022500,0.1297,0.000500,0.001500,0.075600,0.008800,0.001200,0.000700,0.026100,0.006200,0.034600,0.001300,0.1636,0.016700,0.046700,0.2197,0.070700,0.001400,0.041200,0.002900,0.034400,0.023300,0.018600,8.3137,0.060300,0.007300,0.000100,0,10.2678,0,0,0,0,0,0,0,50,0,0,0,0,1,1,9,9,2,1,1,4,1,1,1,1,1,1,7,7,1,1,50,9,6,42,76,794,950,0,0,0,0,0,-100,-100,-100,-100,600,1440,107.7673,0,0,-0.000000,-1,0,0,0,1,0,13.7344,5,50,75.1289,13.7344,0,0,48.9844,0,100,0,0,0,0,0,0,0,0,0,0.4922,0.4922,1,0.4922,0.4922,58.6262,8.9635,20141,90,568,135,12265.8242,3608.0625,7258.2383,0,15871.3008,10.5525,2.1671,7.3463,10.5525,2.1681,2.9168,33.3333,6.2824,22.4060,0.000200,0.020500,0.000600,0.000600,0.001600,0.008600,0.001900,0.073100,0,0.020500,0.026200,0.036700,0.3607,0.1847,0.019500,0.006100,0.067500,0,0.047000,0.015600,0.1741,0,0.032400,0.1373,0.015500,0.091300,0.4298,0.6950,0.3386,0.057400,3.4499,0.096200,0.030700,0.039300,0.6955,0.084900,0.001800,0.002800,0.063500,0.2006,0.049200,0.000600,0.5935,969,394774,0,0,0,0,0,0,0.002400,0.001200,0.008300,0,0,0,0,0,0,0,0,0,0,0,0,0,0,0,0,0,0,0
,0.017200,0.016000,2,70,0,68,0,0,14,233,31,0,454,3,0,0,13,2,0,0,0,0,0,0.011000,0.3476,0.006900,0.008600,0.001100,0.8915,0.2092,0.052400,0.1322,0.001300,0.036100,0.001600,0,768,256,11229,3565.7148,15494.9102,239.1602,0.001300,3,0.000100,0.007800,0.002100,0.014300,0.1795,0,0,0.061600,0.2611,2.6857,0.069800,0.000200,0.001100,0.000200,0.000300,0.006500,0.008900,0.047100,0.005900,0.036900,0.1094,0.011400,0.006100,0.7620,0.034300,0.009700,0.032900,0.012300,0.020300,0.1009,0.008900,0.076400,0.002600,0.080500,0.009200,0.075600,0.6568,0.006400,2.4373,0.000400,0.1984,0.000700,0.000300,0.032700,0.3066,0.6310,0.025800,0.9145,0.1390,0.002200,0.011200,0.000600,0.037600,0.2752,9.4719,8.7628,13.0955,634,16,0.2500,0,16,3.8438,1,0,0,629,1,0,115,102,13,0,-1,-1,0,-1,-1,13.9904,4.9185,0,1525.2227,1525.2227,1525.0977,95,871,551,322,0,0,0.001100,0,0,0.014300,0.081100,0.000600,0.012200,0.070600,0.040100,0.000800,0.002000,0.000700,0.001600,0.007600,0.001100,0.004400,0.024000,0.1444,0.055300,0.077700,0.1502,0.045200,0.1943,0.034600,0.057000,0.000200,0.001900,0.063100,0.008300,0.001600,0.000700,0.026300,0.006800,0.012200,0.001200,0.1418,0.014800,0.040900,0.1949,0.068700,0.001200,0.044300,0.002300,0.019300,0.024400,0.018300,8.8726,0.060200,0.006100,0.000200,0,10.5521,0,0,0,0,0,0,0,50,0,0,0,0,1,1,9,9,2,1,1,4,1,1,1,1,1,1,7,7,1,1,50,9,6,42,76,794,950,0,0,0,0,0,-100,-100,-100,-100,600,1440,107.7673,0,0,-0.000000,-1,0,0,0,1,0,13.7344,5,50,75.1289,13.7344,0,0,48.9844,0,100,0,0,0,0,0,0,0,0,0,0.4492,0.4492,1,0.4492,0.4492,5.2480,8.9635,20141,90,568,135,12264.8047,3608.0625,7258.2383,0,15873.8867,10.9334,2.0960,8.3496,10.9334,2.0972,3.0636,33.3333,6.1472,21.8625,0.000600,0.021100,0.000600,0.000600,0.001600,0.008200,0.000600,0.076700,0,0.018500,0.021000,0.025500,0.3431,0.2823,0.018400,0.006200,0.061300,0,0.045500,0.014200,0.1855,0.005100,0.032300,0.1423,0.015900,0.090700,0.4325,0.6962,0.3857,0.057400,2.0787,0.094200,0.030700,0.038200,0.6924,0.089800,0.002000,0.002400,0.061400,0.1996,0.050200,0.000600,0.6173,951,391646,0,2364,1349,0,0.5618,0.018300,0.004100,0.001300,0.008200,0,0,0,0,0,0,0,0,0,0,0,0,0,0,0,0,0,0,0
,0.015800,0.006000,2,59,0,57,0,0,13,233,28,0,454,3,0,0,12,2,0,0,0,0,0.008800,0.019200,0.3472,0.005000,0.009100,0.001100,0.8995,0.2005,0.055600,0.1382,0.001100,0.033100,0.001100,1,768,256,11229,3565.7148,15494.9102,239.1602,0.001800,6,0.000100,0.008700,0.002000,0.015800,0.2051,0,0,0.060500,0.2837,2.6093,0.080700,0.000200,0.001800,0.000200,0.000200,0.008800,0.009500,0.052300,0.005100,0.035000,0.1107,0.012000,0.006800,1.5357,0.030200,0.008300,0.034600,0.012100,0.019300,0.086100,0.011500,0.082800,0.002400,0.084400,0.007900,0.065800,0.6067,0.004500,2.3208,0.000300,0.1817,0.000800,0.000400,0.030800,0.3787,0.7242,0.026000,1.1122,0.9827,0.001900,0.011100,0.000600,0.036200,0.2834,8.6481,8.7628,13.0955,634,16,0.2500,0,16,3.8438,1,0,0,629,1,0,115,102,13,0,-1,-1,0,-1,-1,13.9904,4.9185,0,1525.2227,1525.2227,1441.5039,95,871,551,322,0,0,0.000800,0,0,0.015900,0.085400,0.000500,0.012800,0.074900,0.041200,0.000800,0.001900,0.000400,0.001600,0.007000,0.001100,0.004200,0.022400,0.1557,0.055400,0.079200,0.1657,0.037000,0.1946,0.020500,0.1274,0.000200,0.001600,0.065700,0.009400,0.001200,0.000500,0.027900,0.006000,0.012700,0.001100,0.1395,0.014100,0.041200,0.2160,0.074500,0.001400,0.039800,0.002200,0.035700,0.024800,0.017900,8.1070,0.061700,0.007400,0.000100,0,10.9167,0,0,0,0,0,0,0,50,0,0,0,0,1,1,9,9,2,1,1,4,1,1,1,1,1,1,7,7,1,1,50,9,6,42,76,794,950,0,0,0,0,0,-100,-100,-100,-100,600,1440,107.7673,0,0,-0.000000,-1,0,0,0,1,0,13.7344,5,50,75.1289,13.7344,0,0,48.9844,0,100,0,0,0,0,0,0,0,0,0,0.4866,0.4866,1,0.4866,0.4866,15.5172,8.9635,20141,90,568,135,12265.7852,3608.0625,7258.2383,0,15872.8672,10.2338,2.1336,7.3129,10.2338,2.1349,3.1047,33.3333,6.5606,21.5523,0.000300,0.022800,0.000600,0.000600,0.001700,0.008700,0.000600,0.076400,0.001000,0.018300,0.034600,0.041700,0.7976,0.2993,0.021500,0.006100,0.066800,0,0.046100,0.013200,0.1808,0,0.043900,0.1869,0.018100,0.1051,0.4342,0.6983,0.3974,0.057200,2.0653,0.093200,0.031700,0.039400,0.7010,0.070100,0.001800,0.002400,0.061000,0.2007,0.050200,0.000700,0.8395,1002,402122,0,0,0,0,0,0,0,0.001500,0.007600,0,0,0,0,0,0,0,0,0,0,0,0,0,0,0,0,0,0,0
,0.018600,0.006000,2,79,0,77,0,0,14,233,46,0,454,3,0,0,13,2,0,0,0,0,0.018500,0.011900,0.3330,0.005400,0.008700,0.000700,0.8851,0.2193,0.067500,0.1311,0.001100,0.4004,0.001900,1,768,256,11229,3565.7148,15494.9102,239.1602,0.001400,3,0.000400,0.013900,0.002600,0.015500,0.2653,0,0,0.057100,0.2038,2.5988,0.067100,0.000200,0.001300,0.000300,0.000200,0.006500,0.007500,0.039700,0.005700,0.033200,0.1521,0.010500,0.005500,0.9450,0.028500,0.007900,0.031200,0.011900,0.019400,0.081500,0.008100,0.072400,0.002100,0.074600,0.008200,0.069900,0.6415,0.005200,2.3756,0.000300,0.1897,0.000500,0.000300,0.031100,0.3916,0.6455,0.027000,0.9534,0.1638,0.002000,0.009900,0.000400,0.031600,0,10.3883,8.7628,13.0955,634,16,0.2500,0,16,3.8438,1,0,0,629,1,0,115,102,13,0,-1,-1,0,-1,-1,13.9904,4.9185,0,1525.2227,1525.2227,1525.0977,95,870,551,321,0,0,0.000800,0,0,0.016400,0.085900,0.000700,0.013600,0.079300,0.044500,0.000900,0.002400,0.000400,0.001700,0.008100,0.001300,0.004400,0.024600,0.1632,0.057800,0.081700,0.1556,0.043900,0.2009,0.022400,0.027400,0.000400,0.006600,0.085600,0.008900,0.001600,0.000600,0.033700,0.007500,0.012200,0.001700,0.1470,0.015000,0.041000,0.2096,0.066100,0.001000,0.045400,0.002300,0.035900,0.022800,0.017700,9.8395,0.057900,0.006300,0.000100,0,10.1825,0,0,0,0,0,0,0,50,0,0,0,0,1,1,9,9,2,1,1,4,1,1,1,1,1,1,7,7,1,1,50,9,6,42,76,794,950,0,0,0,0,0,-100,-100,-100,-100,600,1440,107.7673,0,0,-0.000000,-1,0,0,0,1,0,13.7344,5,50,75.1289,13.7344,0,0,48.9844,0,100,0,0,0,0,0,0,0,0,0,0.4230,0.4230,1,0.4230,0.4230,27.3850,8.9635,20141,90,568,135,12264.3828,3608.0625,7258.2383,0,15873.8477,11.9034,2.0383,7.6135,11.9034,2.0383,3.2488,33.3333,6.2013,22.2606,0.000600,0.021600,0.000600,0.000700,0.001700,0.008300,0.000700,0.073300,0,0.020500,0.028700,0.038800,0.3407,0.1860,0.019500,0.006100,0.067500,0,0.045900,0.013300,0.1902,0,0.032000,0.1353,0.015600,0.093500,1.3480,0.6743,0.3665,0.057200,2.4677,0.096200,0.031800,0.039300,0.6973,0.098500,0.001900,0.002400,0.063100,0.1976,0.050200,0.000600,0.5994,959,389862,0,0,0,0,0,0,0,0,0.008800,0,0,0,0,0,0,0,0,0,0,0,0,0,0,0,0,0,0,0
,0.014800,0.061700,2,69,0,67,0,0,13,233,26,0,454,3,0,0,12,2,0,0,0,0,0,0.002500,0.3279,0.005200,0.010100,0.000800,0.8469,0.1719,0.051400,0.1294,0,0.030400,0.003800,0,768,256,11229,3565.7148,15494.9102,239.1602,0,4,0.000100,0.009100,0.002100,0.014800,0.1812,0,0,0.058600,0.2407,2.4600,0.066300,0.000300,0.001300,0.000200,0.000200,0.014400,0.007300,0.043700,0.004700,0.031500,0.1419,0.010100,0.006400,1.6325,0.026900,0.007900,0.036000,0.012600,0.018300,0.084800,0.007800,0.069800,0.001900,0.1128,0.007900,0.068800,0.5983,0.004400,2.3323,0.000200,0.1821,0.000600,0.000400,0.028400,0.3019,0.6337,0.022500,0.9347,0.1068,0.002000,0.010200,0.000500,0.032900,0.1232,8.1398,8.7628,13.0955,634,16,0.2500,0,16,3.8438,1,0,0,629,1,0,115,102,13,0,-1,-1,0,-1,-1,13.9904,4.9185,0,1525.2227,1525.2227,1525.0977,95,874,561,321,0,0,0.001200,0,0,0.014600,0.082100,0.000700,0.012500,0.068700,0.040100,0.000900,0.001700,0.000200,0.001700,0.006800,0.001200,0.004100,0.033600,0.3975,0.062400,0.084100,0.1491,0.039600,0.2025,0.020000,0.073100,0.000200,0.001600,0.066600,0.008900,0.001300,0.000500,0.024800,0.006400,0.013000,0.001100,0.1488,0.016800,0.044400,0.1968,0.071200,0.001300,0.024000,0.003100,0.017000,0.021700,0.024000,7.5682,0.058000,0.006100,0.000100,0,12.0155,0,0,0,0,0,0,0,50,0,0,0,0,1,1,9,9,2,1,1,4,1,1,1,1,1,1,7,7,1,1,50,9,6,42,76,794,950,0,0,0,0,0,-100,-100,-100,-100,600,1440,107.7673,0,0,-0.000000,-1,0,0,0,1,0,13.7344,5,50,75.1289,13.7344,0,0,48.9844,0,100,0,0,0,0,0,0,0,0,0,0.6835,0.6835,1,0.6835,0.6835,37.3337,8.9635,20141,90,568,135,12264.2500,3608.0625,7258.2383,0,15872.4453,10.0025,2.4053,8.2989,10.0025,2.4053,3.0895,33.3333,5.9491,23.1095,0.000300,0.018900,0.000700,0.000600,0.001700,0.009900,0.000600,0.078700,0,0.018300,0.024900,0.034300,0.3505,0.2750,0.019500,0.006100,0.061700,0,0.042500,0.020000,0.1674,0,0.032800,0.1818,0.030200,0.1072,0.4347,0.6946,0.3129,0.061500,2.1299,0.093100,0.030800,0.048500,0.6916,0.089400,0.002100,0.002400,0.061300,0.1956,0.049100,0.000600,0.6467,924,384518,0,0,0,0,0,0,0,0,0.008300,0,0,0,0,0,0,0,0,0,0,0,0,0,0,0,0,0,0,0
,0.015300,0.006400,2,57,0,55,0,0,13,233,15,0,454,3,0,0,12,2,0,0,0,0,0.008700,0.006300,0.3272,0.006000,0.008300,0.000800,0.8995,0.1908,0.051500,0.1283,0.001300,0.033600,0.001100,0,768,256,11229,3565.7148,15494.9102,239.1602,0.001700,3,0.000400,0.008600,0.002100,0.018400,0.1872,0,0,0.056900,0.2235,2.5747,0.068200,0.000400,0.001100,0.000200,0.000300,0.006900,0.006800,0.044100,0.005300,0.036100,0.1355,0.011400,0.006800,1.5055,0.030500,0.008000,0.040000,0.011700,0.017900,0.083800,0.020400,0.079800,0.002000,0.1126,0.008300,0.067200,0.6032,0.005200,2.3281,0.000300,0.1858,0.000600,0.000400,0.028000,0.2946,0.6047,0.022400,0.9024,0.5231,0.001800,0.014300,0.000500,0.032000,0.1003,9.0476,8.7628,13.0955,634,16,0.2500,0,16,3.8438,1,0,0,629,1,0,115,102,13,0,-1,-1,0,-1,-1,13.9904,4.9185,0,1525.2227,1525.2227,1525.0977,95,871,551,321,0,0,0.001000,0,0,0.014800,0.082200,0.000900,0.012900,0.066900,0.036700,0.000800,0.001700,0.000400,0.001900,0.006800,0.001300,0.004100,0.023700,0.1368,0.053600,0.075400,0.1463,0.042400,0.2766,0.020000,0,0.000200,0.001200,0.060100,0.008600,0.001200,0.000400,0.024600,0.005500,0.011300,0.001200,0.1295,0.013800,0.039200,0.1931,0.068100,0.001300,0.029200,0.002500,0.031000,0.021200,0.016100,8.5426,0.070100,0.006100,0.000100,0,9.8435,0,0,0,0,0,0,0,50,0,0,0,0,1,1,9,9,2,1,1,4,1,1,1,1,1,1,7,7,1,1,50,9,6,42,76,794,950,0,0,0,0,0,-100,-100,-100,-100,600,1440,107.7673,0,0,-0.000000,-1,0,0,0,1,0,13.7344,5,50,75.1289,13.7344,0,0,48.9844,0,100,0,0,0,0,0,0,0,0,0,0.4066,0.4066,1,0.4066,0.4066,47.8238,8.9635,20141,90,568,135,12264.2305,3608.0625,7258.2383,0,15872.3125,10.4408,1.9605,7.1064,10.4408,1.9605,3.1164,33.3333,6.1417,24.3040,0.000300,0.018400,0.000500,0.000600,0.001500,0.007100,0.000600,0.072400,0.001000,0.018400,0.029300,0.037800,0.3435,0.3213,0.019400,0.005200,0.067400,0,0.044500,0.027000,0.7473,0.005100,0.039200,0.6128,0.021400,0.1063,0.4214,0.6925,0.3791,0.056300,2.0592,0.093200,0.031700,0.039300,0.6969,0.079600,0.003200,0.004600,0.059700,0.1957,0.050100,0.000600,0.6254,928,385680,0.1636,0,0,0,0,0,0,0,0.008100,0,0,0,0,0,0,0,0,0,0,0,0,0,0,0,0,0,0,0
,0.016400,0.010800,2,57,0,55,0,0,13,233,12,0,454,3,0,0,12,2,0,0,0,0,0.008600,0.004600,0.3169,0.005100,0.009200,0.000800,0.8342,0.1805,0.048900,0.1133,0.002400,0.026900,0.002400,0,768,256,11229,3565.7148,15494.9102,239.1602,0.001600,2,0.000200,0.2394,0.001700,0.014800,0.1839,0,0,0.058400,0.2943,2.5179,0.060200,0.000200,0.001300,0.000200,0.000400,0.007600,0.006800,0.043300,0.005000,0.031000,0.1435,0.010800,0.006000,1.5772,0.027400,0.010800,0.029400,0.011200,0.018400,0.075100,0.008600,0.070500,0.002100,0.1092,0.007600,0.074100,0.5945,0.004500,2.2983,0.000300,0.1927,0.000500,0.000500,0.037900,0.3119,0.9079,0.025000,0.9085,0.1125,0.001900,0.011100,0.000500,0.031200,0,9.3323,8.7628,13.0955,634,16,0.2500,0,16,3.8438,1,0,0,629,1,0,115,102,13,0,-1,-1,0,-1,-1,13.9904,4.9185,0,1525.2227,1525.2227,1525.0977,95,874,561,321,0,0,0.000900,0,0,0.014500,0.080700,0.000700,0.012200,0.072700,0.042600,0.000800,0.001500,0.000400,0.001400,0.006000,0.001300,0.003900,0.025100,0.1456,0.055600,0.078100,0.1649,0.058400,0.2075,0.020700,0.059500,0.000300,0.001700,0.079500,0.009900,0.001500,0.000500,0.027200,0.006900,0.012600,0.001200,0.1607,0.018800,0.046900,0.2186,0.073200,0.001500,0.049000,0.002600,0.033800,0.024200,0.018600,8.6533,0.059900,0.006100,0.000100,0,10.4607,0,0,0,0,0,0,0,50,0,0,0,0,1,1,9,9,2,1,1,4,1,1,1,1,1,1,7,7,1,1,50,9,6,42,76,794,950,0,0,0,0,0,-100,-100,-100,-100,600,1440,107.7673,0,0,-0.000000,-1,0,0,0,1,0,13.7344,5,50,75.1289,13.7344,0,0,48.9844,0,100,0,0,0,0,0,0,0,0,0,0.4301,0.4301,1,0.4301,0.4301,58.5561,8.9635,20141,90,568,135,12264.1562,3608.0625,7258.2383,0,15872.2930,10.7761,1.9921,8.1223,10.7761,1.9921,2.9816,33.3333,5.9258,24.2996,0.000200,0.024600,0.000500,0.000700,0.002000,0.007700,0.000600,0.074500,0.001000,0.020500,0.022600,0.034800,0.3574,0.1848,0.021600,0.005100,0.072700,0.001100,0.045700,0.024500,0.1825,0,0.032900,0.1416,0.014900,0.088600,0.4270,0.7431,0.3424,0.057300,2.4885,0.095200,0.031800,0.039500,0.6979,0.1277,0.002000,0.002500,0.060800,0.2017,0.050100,0.000700,0.6133,921,384460,0,0,0,0,0,0,0,0,0.007700,0,0,0,0,0,0,0,0,0,0,0,0,0,0,0,0,0,0,0
,0.016300,0.005800,2,57,0,55,0,0,13,233,10,0,454,3,0,0,12,2,0,0,0,0,0.017100,0.010800,0.3371,0.005300,0.010000,0.000900,0.8539,0.2042,0.050100,0.1161,0.001600,0.022400,0,1,768,256,11229,3565.7148,15494.9102,239.1602,0.003400,4,0.000100,0.008700,0.001800,0.017200,0.1798,0,0,0.066900,0.2326,2.3974,0.056600,0.000200,0.001600,0.000200,0.000200,0.005600,0.007000,0.036900,0.004200,0.030300,0.1158,0.009800,0.006000,0.4767,0.025700,0.007800,0.035000,0.010900,0.017700,0.076600,0.010000,0.071500,0.002100,0.099000,0.008100,0.067300,0.6481,0.005600,2.3551,0.000300,0.1889,0.000600,0.000300,0.026300,0.2932,0.6805,0.023100,0.8658,0.1948,0.001800,0.008400,0.000500,0.033600,0,9.2349,8.7628,13.0955,634,16,0.2500,0,16,3.8438,1,0,0,629,1,0,115,102,13,0,-1,-1,0,-1,-1,13.9904,4.9185,0,1525.2227,1525.2227,1525.0977,95,871,551,321,0,0,0.001000,0,0,0.015500,0.079600,0.000600,0.011900,0.067300,0.041800,0.001100,0.001700,0.000200,0.001700,0.006400,0.001200,0.003700,0.021400,0.1463,0.057900,0.080000,0.1471,0.038100,0.1924,0.018400,0.051400,0.000200,0.001600,0.062700,0.008600,0.001200,0.000700,0.025200,0.005600,0.012600,0.001300,0.1349,0.014700,0.039500,0.1878,0.065100,0.001000,0.039100,0.002400,0.018000,0.023200,0.016400,8.6834,0.061100,0.005900,0.000100,0,10.7545,0,0,0,0,0,0,0,50,0,0,0,0,1,1,9,9,2,1,1,4,1,1,1,1,1,1,7,7,1,1,50,9,6,42,76,794,950,0,0,0,0,0,-100,-100,-100,-100,600,1440,107.7673,0,0,-0.000000,-1,0,0,0,1,0,13.7344,5,50,75.1289,13.7344,0,0,48.9844,0,100,0,0,0,0,0,0,0,0,0,0.4096,0.4096,1,0.4096,0.4096,6.5494,8.9635,20141,90,568,135,12264.0820,3608.0625,7258.2383,0,15872.2188,10.6125,2.0144,7.3732,10.6125,2.0162,3.2234,33.3333,5.5575,24.8158,0.000300,0.020600,0.000600,0.000600,0.001600,0.009000,0.001500,0.073300,0,0.017400,0.021600,0.025400,0.3424,0.1906,0.019500,0.006100,0.062100,0,0.047000,0.021600,0.1895,0.005200,0.032000,0.1416,0.015200,0.1013,0.4150,0.6890,0.3816,0.056400,2.0624,0.094200,0.033800,0.039200,0.6872,0.075800,0.001900,0.002700,0.063900,0.1988,0.050100,0.000800,0.6019,1018,408188,0,2381,1332,0,0.5681,0,0,0.002000,0.008200,0,0,0,0,0,0,0,0,0,0,0,0,0,0,0,0,0,0,0
,0.017500,0.007900,0,0,0,0,0,0,0,0,0,0,0,0,0,0,0,0,0,0,0,0,0,0.007500,0.3078,0.005500,0.008700,0.001200,0.8037,0.1555,0.052000,0.1235,0.000700,0.077600,0.001600,0,768,256,11229,3565.7148,15494.9102,239.1602,0.001600,3,0.000300,0.009500,0.001900,0.017600,0.1746,0,0,0.051700,0.2233,2.5198,0.064100,0.000200,0.001300,0.000200,0.000300,0.007300,0.006400,0.043900,0.005000,0.034300,0.1523,0.012700,0.006500,1.3304,0.025500,0.008300,0.039500,0.011700,0.019300,0.078700,0.010800,0.075900,0.002100,0.1062,0.008100,0.070800,0.6263,0.005200,2.3552,0.000300,0.1826,0.000500,0.000400,0.030100,0.3644,0.6697,0.025300,0.9108,0.1628,0.002000,0.009600,0.000500,0.034300,0.4208,7.2174,8.7628,13.0955,634,16,0.2500,0,16,3.8438,1,0,0,629,1,0,115,102,13,0,-1,-1,0,-1,-1,13.9904,4.9185,0,1525.2227,1525.2227,1525.0977,95,871,551,321,0,0,0.000800,0,0,0.014500,0.074900,0.000600,0.011100,0.067000,0.039300,0.000700,0.001700,0.000200,0.001500,0.006100,0.000900,0.003900,0.022600,0.1544,0.053900,0.079200,0.1550,0.042700,0.1458,0.023200,0.5385,0.000400,0.001600,0.061800,0.008300,0.001600,0.000600,0.025500,0.006200,0.011600,0.001000,0.1296,0.013400,0.039300,0.1972,0.079900,0.001000,0.039800,0.002000,0.033300,0.022600,0.015200,6.6347,0.055000,0.006400,0.000100,0.008900,10.7312,0,0,0,0,0,0,0,50,0,0,0,0,1,1,9,9,2,1,1,4,1,1,1,1,1,1,7,7,1,1,50,9,6,42,76,794,950,0,0,0,0,0,-100,-100,-100,-100,600,1440,107.7673,0,0,-0.000000,-1,0,0,0,1,0,13.7344,5,50,75.1289,13.7344,0,0,48.9844,0,100,0,0,0,0,0,0,0,0,0,0.7882,0.7882,1,0.7882,0.7882,15.6909,8.9635,20141,90,568,135,12264.0820,3608.0625,7258.2383,0,15872.1445,9.1485,2.4969,7.3732,9.1485,2.4969,2.7923,33.3333,5.8333,24.8410,0.000200,0.021400,0.000500,0.000700,0.002200,0.008200,0.000700,0.073600,0,0.018500,0.026700,0.040200,0.3462,0.1920,0.019400,0.005200,0.067800,0,0.047900,0.008900,0.1885,0,0.031900,0.1360,0.015900,0.088300,0.4249,0.7503,0.3477,0.057400,3.4725,0.096200,0.031800,0.038000,0.6864,0.099000,0.002000,0.002700,0.063800,0.1935,0.050200,0.000600,0.6071,925,384508,0,0,0,0,0,0,0,0,0.008000,0,0,0,0,0,0,0,0,0,0,0,0,0,0,0,0,0,0,0
,0.015400,0.015500,4,137,0,133,0,0,27,466,67,0,908,6,0,0,25,4,0,0,0,0,0.017100,0.002000,0.3370,0.005100,0.010000,0.000800,0.8575,0.2006,0.049000,0.1267,0.000900,0.024600,0.002800,0,768,256,11229,3565.7148,15494.9102,239.1602,0.001200,5,0.000200,0.009400,0.002300,0.018100,0.1802,0,0,0.053300,0.2377,2.4047,0.061900,0.000300,0.001400,0.000200,0.000200,0.008000,0.007000,0.042300,0.004900,0.032200,0.1326,0.010600,0.006200,1.4819,0.026700,0.008500,0.033800,0.012000,0.017500,0.080800,0.007300,0.071200,0.002000,0.092300,0.006900,0.1172,0.5969,0.006400,2.4659,0.000300,0.1922,0.001100,0.000500,0.028900,0.2998,0.6930,0.022800,0.8979,0.4803,0.002100,0.011300,0.000500,0.037100,0.1030,9.2191,8.7628,13.0955,634,16,0.2500,0,16,3.8438,1,0,0,629,1,0,115,102,13,0,-1,-1,0,-1,-1,13.9904,4.9185,0,1525.2227,1525.2227,1525.0977,95,871,551,321,0,0,0.000800,0,0,0.015700,0.076800,0.000800,0.012000,0.075300,0.038400,0.000700,0.001300,0.000200,0.001200,0.005200,0.001000,0.003700,0.022500,0.1426,0.055200,0.075700,0.1395,0.039600,0.2886,0.019400,0,0.000200,0.001800,0.064800,0.008000,0.001000,0.000600,0.025600,0.006900,0.012400,0.001100,0.1347,0.014300,0.040200,0.2023,0.064800,0.001000,0.041500,0.002100,0.035900,0.022300,0.016700,8.6447,0.057300,0.006400,0.000100,0,9.0923,0,0,0,0,0,0,0,50,0,0,0,0,1,1,9,9,2,1,1,4,1,1,1,1,1,1,7,7,1,1,50,9,6,42,76,794,950,0,0,0,0,0,-100,-100,-100,-100,600,1440,107.7673,0,0,-0.000000,-1,0,0,0,1,0,13.7344,5,50,75.1289,13.7344,0,0,48.9844,0,100,0,0,0,0,0,0,0,0,0,0.4348,0.4348,1,0.4348,0.4348,26.3861,8.9635,20141,90,568,135,12263.8672,3608.0625,7258.2383,0,15872.1445,10.6876,2.0331,8.3289,10.6876,2.0433,2.8146,33.3333,5.5963,24.3293,0.000200,0.021500,0.000500,0.000600,0.001600,0.007500,0.000600,0.075300,0,0.021400,0.030000,0.039000,0.3600,0.1769,0.019500,0.006100,0.065300,0,0.045400,0.008800,0.1795,0,0.032000,0.1395,0.016300,0.094900,0.4199,0.7194,0.3027,0.055200,2.1206,0.094200,0.030800,0.040600,0.6841,0.078800,0.002500,0.004700,0.060900,0.1956,0.050100,0.000600,0.6091,997,399504,0,0,0,0,0,0,0,0.010500,0.008200,0,0,0,0,0,0,0,0,0,0,0,0,0,0,0,0,0,0,0
,0.015100,0.006500,2,76,0,74,0,0,14,233,45,0,454,3,0,0,13,2,0,0,0,0,0,0.002300,0.3452,0.005100,0.010400,0.001200,0.8654,0.1617,0.054600,0.1432,0.001000,0.039300,0.001800,0,768,256,11229,3565.7148,15494.9102,239.1602,0.001600,3,0.000100,0.008700,0.002400,0.018500,0.1857,0,0,0.061200,0.2366,2.4572,0.062700,0.000300,0.001400,0.000300,0.000200,0.007500,0.008100,0.040700,0.004700,0.031800,0.1270,0.010300,0.005700,1.5462,0.028300,0.008400,0.039400,0.012000,0.018000,0.084100,0.008900,0.071700,0.002200,0.078900,0.007700,0.065600,0.5861,0.004200,2.3232,0.000200,0.1750,0.001000,0.000400,0.025600,0.3451,0.5767,0.022000,0.8759,0.1159,0.001900,0.009600,0.000500,0.030100,0.068400,9.2072,8.7628,13.0955,634,16,0.2500,0,16,3.8438,1,0,0,629,1,0,115,102,13,0,-1,-1,0,-1,-1,13.9904,4.9185,0,1525.2227,1525.2227,1525.0977,95,876,551,321,0,0,0.001100,0,0,0.014800,0.077800,0.000800,0.011900,0.066600,0.040600,0.000800,0.001600,0.000300,0.001500,0.006000,0.000800,0.003800,0.022400,0.1535,0.054200,0.086900,0.1516,0.037800,0.1515,0.050800,0.1090,0.000200,0.001400,0.061500,0.007800,0.001500,0.000600,0.025500,0.005700,0.011500,0.001300,0.1329,0.014000,0.039400,0.1819,0.066500,0.001000,0.042800,0.002800,0.016800,0.021900,0.016300,8.6504,0.061100,0.010600,0.000100,0,10.7583,0,0,0,0,0,0,0,50,0,0,0,0,1,1,9,9,2,1,1,4,1,1,1,1,1,1,7,7,1,1,50,9,6,42,76,794,950,0,0,0,0,0,-100,-100,-100,-100,600,1440,107.7673,0,0,-0.000000,-1,0,0,0,1,0,13.7344,5,50,75.1289,13.7344,0,0,48.9844,0,100,0,0,0,0,0,0,0,0,0,0.4644,0.4644,1,0.4644,0.4644,37.1534,8.9635,20141,90,568,135,12263.8828,3608.0625,7258.2383,0,15871.9297,10.7654,2.1270,7.3097,10.7654,2.1270,2.8495,33.3333,5.3925,24.8035,0.000500,0.019400,0.000600,0.000700,0.001700,0.011300,0.000600,0.072500,0,0.018400,0.027800,0.035500,0.3405,0.2257,0.018500,0.006100,0.066400,0,0.044900,0.008300,0.1768,0,0.032800,0.1388,0.017100,0.1006,0.4216,0.7747,0.3448,0.057400,2.4525,0.095200,0.030700,0.038900,0.6894,0.066900,0.001800,0.002500,0.059100,0.1955,0.049200,0.000600,0.6457,948,391136,0,0,0,0,0,0,0,0,0.008500,0,0,0,0,0,0,0,0,0,0,0,0,0,0,0,0,0,0,0
,0.014700,0.010600,2,62,0,60,0,0,13,233,27,0,454,3,0,0,12,2,0,0,0,0,0.025900,0.019100,0.3149,0.006700,0.009500,0.001000,0.8389,0.1892,0.054000,0.1244,0.001300,0.029400,0.002500,1,768,256,11229,3565.7148,15494.9102,239.1602,0.001700,4,0.000200,0.011700,0.001900,0.019700,0.1741,0,0,0.051500,0.2156,2.4603,0.066600,0.000200,0.001300,0.000200,0.000600,0.006100,0.006300,0.037800,0.005700,0.029900,0.1234,0.010400,0.006200,1.5351,0.081300,0.008200,0.040900,0.011900,0.018800,0.078100,0.009100,0.073800,0.002200,0.071500,0.007300,0.063900,0.6032,0.004700,2.3155,0.000200,0.1813,0.000700,0.000300,0.030500,0.3648,0.7566,0.022600,0.9007,0.077200,0.002000,0.009400,0.000500,0.032900,0.099200,8.6600,8.7628,13.0955,634,16,0.2500,0,16,3.8438,1,0,0,629,1,0,115,102,13,0,-1,-1,0,-1,-1,13.9904,4.9185,0,1525.2227,1525.2227,1525.0977,95,873,561,322,0,0,0.000600,0,0,0.023300,0.076500,0.000500,0.012000,0.069500,0.039400,0.001300,0.001700,0.000100,0.001700,0.006400,0.001200,0.003500,0.021200,0.1409,0.054700,0.076000,0.1577,0.039000,0.1747,0.018000,0.057300,0.000600,0.001700,0.062700,0.008800,0.001200,0.000500,0.027200,0.006200,0.012100,0.001000,0.1325,0.014800,0.041200,0.1939,0.063400,0.001000,0.020900,0.003000,0.031800,0.021600,0.014900,8.1414,0.054700,0.005700,0.000100,0,10.7379,0,0,0,0,0,0,0,50,0,0,0,0,1,1,9,9,2,1,1,4,1,1,1,1,1,1,7,7,1,1,50,9,6,42,76,794,950,0,0,0,0,0,-100,-100,-100,-100,600,1440,107.7673,0,0,-0.000000,-1,0,0,0,1,0,13.7344,5,50,75.1289,13.7344,0,0,48.9844,0,100,0,0,0,0,0,0,0,0,0,0.3940,0.3940,1,0.3940,0.3940,47.3006,8.9635,20141,90,568,135,12263.8828,3608.0625,7258.2383,0,15871.9453,10.1377,2.0339,7.3348,10.1377,2.0350,2.8317,33.3333,5.4402,25.0705,0.000600,0.021600,0.000600,0.000600,0.001400,0.007000,0.001600,0.072500,0,0.018500,0.027600,0.038300,0.3566,0.1941,0.019400,0.006200,0.067300,0,0.046100,0.019400,0.1903,0,0.031700,0.1357,0.015500,0.089000,1.2360,0.7565,0.3261,0.057300,2.4569,0.095300,0.031700,0.039500,0.6908,0.070200,0.002100,0.002600,0.063100,0.1944,0.050200,0.000600,0.5960,961,394586,0,0,0,0,0,0,0.001700,0.001300,0.009300,0,0,0,0,0,0,0,0,0,0,0,0,0,0,0,0,0,0,0
,0.015300,0.006300,2,67,0,65,0,0,14,233,29,0,454,3,0,0,13,2,0,0,0,0,0.018300,0.022200,0.3204,0.005500,0.009100,0.000700,0.8374,0.1617,0.052800,0.1238,0.000900,0.028300,0.004700,0,768,256,11229,3565.7148,15494.9102,239.1602,0.002400,3,0.000200,0.008000,0.002300,0.012400,0.1764,0,0,0.057300,0.2306,2.4791,0.062000,0.000400,0.002000,0.000200,0.000300,0.006900,0.006400,0.042300,0.005100,0.032400,0.1289,0.010900,0.006000,1.4359,0.025700,0.008900,0.031100,0.011300,0.017500,0.078900,0.019100,0.086100,0.002100,0.075300,0.007300,0.066800,0.5800,0.004700,2.4896,0.000300,0.2017,0.000900,0.000400,0.030000,0.3714,0.6468,0.023100,0.9212,0.1205,0.001700,0.009400,0.000400,0.038100,0.099200,8.8497,8.7628,13.0955,634,16,0.2500,0,16,3.8438,1,0,0,629,1,0,115,102,13,0,-1,-1,0,-1,-1,13.9904,4.9185,0,1525.2227,1525.2227,1525.0977,95,875,561,322,0,0,0.001000,0,0,0.014500,0.077100,0.000500,0.011200,0.065600,0.037100,0.000600,0.001600,0.000100,0.001700,0.005800,0.000800,0.003500,0.020400,0.1748,0.055500,0.081700,0.1550,0.042900,0.1444,0.026100,0.1100,0.000200,0.004900,0.061400,0.009400,0.001500,0.000500,0.024200,0.005900,0.011900,0.001100,0.1348,0.012700,0.040700,0.1988,0.071900,0.001200,0.030600,0.002100,0.031000,0.022600,0.016500,8.3112,0.058100,0.007200,0.000100,0,10.1566,0,0,0,0,0,0,0,50,0,0,0,0,1,1,9,9,2,1,1,4,1,1,1,1,1,1,7,7,1,1,50,9,6,42,76,794,950,0,0,0,0,0,-100,-100,-100,-100,600,1440,107.7673,0,0,-0.000000,-1,0,0,0,1,0,13.7344,5,50,75.1289,13.7344,0,0,48.9844,0,100,0,0,0,0,0,0,0,0,0,0.4533,0.4533,1,0.4533,0.4533,57.6965,8.9635,20141,90,568,135,12263.9219,3608.0625,7258.2383,0,15871.9453,10.3976,2.0550,8.1967,10.3976,2.0550,2.8055,33.3333,5.4898,24.7896,0.000300,0.020800,0.000700,0.000600,0.001700,0.008000,0.001500,0.072300,0,0.019400,0.031500,0.041400,0.3402,0.1802,0.020500,0.005100,0.062000,0,0.045900,0.010700,0.1897,0.005100,0.032300,0.1364,0.016900,0.092400,0.4168,0.6985,0.2983,0.055400,2.2172,0.094200,0.030700,0.038200,0.6908,0.079600,0.002200,0.002300,0.062700,0.1976,0.049100,0.000500,0.5986,944,390378,0.048400,0,0,0,0,0,0.002400,0,0.007500,0,0,0,0,0,0,0,0,0,0,0,0,0,0,0,0,0,0,0
,0.016600,0.017200,2,59,0,57,0,0,13,233,26,0,454,3,0,0,12,2,0,0,0,0,0,0.013300,0.3571,0.007000,0.008500,0.001300,0.8921,0.1949,0.052400,0.1237,0.001800,0.024000,0,1,768,256,11229,3565.7148,15494.9102,239.1602,0.002000,4,0.000100,0.008000,0.002000,0.013700,0.1652,0,0,0.057000,0.2966,2.6904,0.1030,0.000300,0.001500,0.000300,0.000400,0.006700,0.007300,0.045700,0.005600,0.030600,0.1313,0.011700,0.005900,1.6331,0.030300,0.008100,0.042100,0.012100,0.018900,0.091700,0.011000,0.082500,0.002900,0.084100,0.008500,0.080100,0.6212,0.004900,2.3544,0.000400,0.1869,0.000500,0.000400,0.028800,0.3043,0.5624,0.023400,0.9234,0.1694,0.001700,0.009000,0.000500,0.033900,0.1185,8.9379,8.7628,13.0955,634,16,0.2500,0,16,3.8438,1,0,0,629,1,0,115,102,13,0,-1,-1,0,-1,-1,13.9904,4.9185,0,1525.2227,1525.2227,1525.0977,95,873,561,322,0,0,0.000800,0,0,0.015100,0.079200,0.000600,0.011200,0.068800,0.041100,0.000800,0.001700,0.000300,0.001500,0.006900,0.001100,0.004000,0.021900,0.1497,0.054300,0.085000,0.1591,0.040000,0.1841,0.032300,0.060800,0.000200,0.001800,0.063300,0.008500,0.001200,0.000300,0.026100,0.006200,0.012600,0.001200,0.1413,0.016700,0.042200,0.1893,0.066900,0.001100,0.043700,0.003100,0.017100,0.024400,0.016100,8.3173,0.056800,0.006800,0.000100,0,10.4099,0,0,0,0,0,0,0,50,0,0,0,0,1,1,9,9,2,1,1,4,1,1,1,1,1,1,7,7,1,1,50,9,6,42,76,794,950,0,0,0,0,0,-100,-100,-100,-100,600,1440,107.7673,0,0,-0.000000,-1,0,0,0,1,0,13.7344,5,50,75.1289,13.7344,0,0,48.9844,0,100,0,0,0,0,0,0,0,0,0,0.4009,0.4009,1,0.4009,0.4009,4.1093,8.9635,20141,90,568,135,12263.9180,3608.0625,7258.2383,0,15871.9844,10.4361,2.0940,7.3822,10.4361,2.0953,2.8201,33.3333,5.4078,24.8471,0.000200,0.022400,0.000600,0.000600,0.001800,0.008400,0.000600,0.073700,0,0.024600,0.034400,0.037600,0.3812,0.2217,0.018400,0.006200,0.069900,0,0.051400,0.011800,0.2002,0.005200,0.031800,0.1380,0.019500,0.1010,0.4136,0.6982,0.3227,0.057400,2.4556,0.095200,0.035900,0.039300,0.6908,0.097500,0.001900,0.002600,0.060000,0.1997,0.049100,0.000700,1.0805,1017,406138,0,2403,1330,0,0.5073,0,0,0.001500,0.008200,0,0,0,0,0,0,0,0,0,0,0,0,0,0,0,0,0,0,0
,0.013600,0.091000,2,80,0,78,0,0,14,233,44,0,454,3,0,0,13,2,0,0,0,0,0.017400,0.004900,0.3048,0.005200,0.009000,0.001100,0.7997,0.2315,0.048100,0.1277,0.001000,0.024300,0,0,768,256,11229,3565.7148,15494.9102,239.1602,0.001500,3,0.000200,0.012000,0.001800,0.013500,0.1929,0,0,0.054300,0.2423,2.5807,0.064600,0.000200,0.001200,0.000300,0.000300,0.006400,0.006500,0.040400,0.004900,0.032100,0.1117,0.011400,0.007300,1.3258,0.029800,0.007900,0.033100,0.013200,0.020900,0.084300,0.008100,0.072900,0.002000,0.077600,0.010400,0.069300,0.5838,0.004700,2.3696,0.000300,0.1893,0.000500,0.000400,0.029500,0.3150,0.6665,0.024900,0.9163,0.1375,0.002100,0.010200,0.000600,0.036200,0.026000,9.1306,8.7628,13.0955,634,16,0.2500,0,16,3.8438,1,0,0,629,1,0,115,102,13,0,-1,-1,0,-1,-1,13.9904,4.9185,0,1525.2227,1525.2227,1525.0977,95,874,561,322,0,0,0.000900,0,0,0.015300,0.085900,0.000600,0.011700,0.084800,0.041500,0.001100,0.001600,0.000300,0.014500,0.019300,0.001100,0.003700,0.021700,0.1581,0.056400,0.081000,0.1611,0.056100,0.2382,0.028900,0.092900,0.000300,0.001700,0.079800,0.009200,0.001400,0.000500,0.029800,0.006800,0.013200,0.001300,0.1545,0.018100,0.045500,0.2203,0.075300,0.001200,0.046000,0.002500,0.035500,0.022800,0.018700,8.5206,0.061200,0.007100,0.000100,0,10.4035,0,0,0,0,0,0,0,50,0,0,0,0,1,1,9,9,2,1,1,4,1,1,1,1,1,1,7,7,1,1,50,9,6,42,76,794,950,0,0,0,0,0,-100,-100,-100,-100,600,1440,107.7673,0,0,-0.000000,-1,0,0,0,1,0,13.7344,5,50,75.1289,13.7344,0,0,48.9844,0,100,0,0,0,0,0,0,0,0,0,0.5415,0.5415,1,0.5415,0.5415,14.9483,8.9635,20141,90,568,135,12264.0078,3608.0625,7258.2383,0,15871.9805,10.7802,2.2426,7.8382,10.7802,2.2426,3.0503,33.3333,5.5906,23.7365,0.000200,0.020700,0.000600,0.000600,0.002200,0.007000,0.001500,0.072400,0,0.020500,0.028900,0.036900,0.3430,0.1940,0.019400,0.005200,0.067800,0,0.045700,0.011700,0.1967,0.005100,0.032000,0.1365,0.015800,0.089700,0.4283,0.7589,0.2834,0.056400,2.4638,0.095200,0.030700,0.039300,0.7011,0.065000,0.002200,0.002300,0.062600,0.2057,0.050200,0.000500,0.6107,924,386322,0,0,0,0,0,0,0.007200,0,0.008600,0,0,0,0,0,0,0,0,0,0,0,0,0,0,0,0,0,0,0
,0.013400,0.005700,2,57,0,55,0,0,13,233,10,0,454,3,0,0,12,2,0,0,0,0,0.011400,0.009100,0.3442,0.005400,0.009400,0.001100,0.8767,0.2296,0.051000,0.1240,0.000700,0.032600,0,0,768,256,11229,3565.7148,15494.9102,239.1602,0.001300,3,0.000300,0.020300,0.001500,0.013100,0.1877,0,0,0.055700,0.2254,2.6084,0.066000,0.000300,0.001300,0.000300,0.000300,0.006900,0.006600,0.047500,0.005400,0.031100,0.1228,0.010600,0.006300,1.3953,0.026700,0.008200,0.029600,0.012200,0.019400,0.091700,0.010400,0.075200,0.002000,0.098900,0.008100,0.069300,0.5876,0.005100,2.4001,0.000300,0.1906,0.001300,0.000400,0.029800,0.3023,0.6211,0.024200,0.8991,0.1059,0.001900,0.010500,0.000600,0.033300,0.1082,8.6950,8.7628,13.0955,634,16,0.2500,0,16,3.8438,1,0,0,629,1,0,115,102,13,0,-1,-1,0,-1,-1,13.9904,4.9185,0,1525.2227,1525.2227,1525.0977,95,874,561,322,0,0,0.001100,0,0,0.014800,0.079700,0.000700,0.011600,0.070200,0.040100,0.001000,0.001800,0.000400,0.001600,0.006400,0.001000,0.003700,0.021800,0.1554,0.054900,0.084000,0.1501,0.042500,0.2161,0.020700,0.017100,0.000100,0.001600,0.064700,0.008700,0.001300,0.000700,0.038400,0.006100,0.012600,0.001100,0.1459,0.017200,0.043400,0.2095,0.071300,0.001100,0.040600,0.002700,0.032800,0.022200,0.018900,8.1397,0.056200,0.006700,0.000200,0.003900,10.7779,0,0,0,0,0,0,0,50,0,0,0,0,1,1,9,9,2,1,1,4,1,1,1,1,1,1,7,7,1,1,50,9,6,42,76,794,950,0,0,0,0,0,-100,-100,-100,-100,600,1440,107.7673,0,0,-0.000000,-1,0,0,0,1,0,13.7344,5,50,75.1289,13.7344,0,0,48.9844,0,100,0,0,0,0,0,0,0,0,0,0.4134,0.4134,1,0.4134,0.4134,25.1250,8.9635,20141,90,568,135,12264.0078,3608.0625,7258.2383,0,15872.0703,10.2179,2.0776,7.4245,10.2179,2.0786,2.8179,33.3333,5.5530,24.3394,0.000200,0.021800,0.000600,0.000600,0.001400,0.007300,0.000500,0.072300,0,0.019400,0.028200,0.038900,0.3512,0.1847,0.018500,0.005100,0.062000,0,0.043900,0.011600,0.1880,0.005100,0.031600,0.1360,0.016200,0.090100,0.4278,0.6441,0.2992,0.058400,2.3357,0.094200,0.030700,0.040600,0.6848,0.1042,0.003900,0.004900,0.063200,0.1956,0.050200,0.000600,0.6035,931,387542,0,0,0,0,0,0,0.002400,0.001100,0.008100,0,0,0,0,0,0,0,0,0,0,0,0,0,0,0,0,0,0,0
,0.016500,0.005500,2,57,0,55,0,0,13,233,12,0,454,3,0,0,12,2,0,0,0,0,0.011100,0.012500,0.3163,0.006300,0.007900,0.000900,0.8095,0.1772,0.047100,0.1235,0.000800,0.023800,0,0,768,256,11229,3565.7148,15494.9102,239.1602,0.002400,5,0.000100,0.007500,0.001900,0.012400,0.1850,0,0,0.058700,0.3227,2.5015,0.062600,0.000200,0.001300,0.000300,0.000300,0.007000,0.006600,0.041200,0.005500,0.031300,0.092800,0.010400,0.005900,1.4911,0.025200,0.007800,0.029200,0.012200,0.019800,0.094100,0.009200,0.073200,0.002500,0.081500,0.008300,0.069200,0.5984,0.004400,2.3408,0.000200,0.1859,0.000700,0.000300,0.026900,0.3043,0.9944,0.023900,0.8959,0.099400,0.002100,0.013800,0.000500,0.033100,0.2966,8.7215,8.7628,13.0955,634,16,0.2500,0,16,3.8438,1,0,0,629,1,0,115,102,13,0,-1,-1,0,-1,-1,13.9904,4.9185,0,1525.2227,1525.2227,1525.0977,95,874,561,322,0,0,0.001000,0,0,0.015000,0.076800,0.000500,0.011300,0.066200,0.041300,0.000900,0.001400,0.000200,0.001500,0.005900,0.000900,0.003600,0.022100,0.1751,0.056200,0.083500,0.1506,0.039900,0.1639,0.025800,0.1148,0.000200,0.001400,0.060500,0.008100,0.001200,0.000900,0.024800,0.006000,0.012000,0.001100,0.1316,0.014400,0.038800,0.1808,0.067600,0.001000,0.043000,0.002200,0.017400,0.022700,0.016400,8.4162,0.059100,0.006500,0.000100,0,10.2612,0,0,0,0,0,0,0,50,0,0,0,0,1,1,9,9,2,1,1,4,1,1,1,1,1,1,7,7,1,1,50,9,6,42,76,794,950,0,0,0,0,0,-100,-100,-100,-100,600,1440,107.7673,0,0,-0.000000,-1,0,0,0,1,0,13.7344,5,50,75.1289,13.7344,0,0,48.9844,0,100,0,0,0,0,0,0,0,0,0,0.4786,0.4786,1,0.4786,0.4786,35.6544,8.9635,20141,90,568,135,12263.5430,3608.0625,7258.2383,0,15872.0703,10.3239,2.1654,7.3762,10.3239,2.1662,2.8371,33.3333,5.4540,25.0117,0.000200,0.020700,0.000600,0.000700,0.001600,0.010900,0.000500,0.074300,0.001100,0.016300,0.019300,0.033600,0.3415,0.1946,0.019400,0.005200,0.061600,0,0.046900,0.014600,0.1873,0.005200,0.033000,0.1404,0.016300,0.088300,0.4267,0.6843,0.2941,0.057300,3.2882,0.099300,0.030700,0.039200,0.6977,0.086200,0.002100,0.002500,0.062700,0.1967,0.050100,0.000500,0.6192,931,387542,0,0,0,0,0,0,0,0.001200,0.008000,0,0,0,0,0,0,0,0,0,0,0,0,0,0,0,0,0,0,0
,0.3480,0.018800,2,57,0,55,0,0,13,233,12,0,454,3,0,0,12,2,0,0,0,0,0.009000,0.002900,0.3068,0.005300,0.008700,0.001000,0.8638,0.1826,0.049600,0.1205,0.000900,0.025400,0.002000,0,768,256,11229,3565.7148,15494.9102,239.1602,0.002300,3,0.000200,0.008600,0.002100,0.011800,0.1758,0,0,0.059000,0.2010,2.4505,0.067200,0.000300,0.001100,0.000200,0.000200,0.007000,0.006800,0.040100,0.005700,0.030500,0.1288,0.011300,0.005800,1.0409,0.026700,0.008000,0.041500,0.012600,0.017700,0.081900,0.011300,0.2267,0.002900,0.083500,0.007800,0.070800,0.5997,0.004700,2.3090,0.000200,0.1788,0.000700,0.000300,0.028300,0.2940,0.5765,0.023700,0.8772,0.1117,0.002000,0.010600,0.000600,0.034000,0,9.0880,8.7628,13.0955,634,16,0.2500,0,16,3.8438,1,0,0,629,1,0,115,102,13,0,-1,-1,0,-1,-1,13.9904,4.9185,0,1525.2227,1525.2227,1525.0977,95,874,561,322,0,0,0.001100,0,0,0.014100,0.084000,0.000600,0.011000,0.072200,0.040600,0.000900,0.001900,0.000300,0.001700,0.006700,0.001400,0.004100,0.024000,0.1594,0.057400,0.083000,0.1493,0.036000,0.1693,0.032100,0.055900,0.000600,0.001800,0.070600,0.009500,0.001300,0.000600,0.029400,0.007100,0.012000,0.001100,0.1422,0.015600,0.042900,0.2163,0.069500,0.001200,0.046300,0.003100,0.034100,0.023400,0.018700,8.3495,0.057600,0.007000,0.000100,0,10.5220,0,0,0,0,0,0,0,50,0,0,0,0,1,1,9,9,2,1,1,4,1,1,1,1,1,1,7,7,1,1,50,9,6,42,76,794,950,0,0,0,0,0,-100,-100,-100,-100,600,1440,107.7673,0,0,-0.000000,-1,0,0,0,1,0,13.7344,5,50,75.1289,13.7344,0,0,48.9844,0,100,0,0,0,0,0,0,0,0,0,0.4089,0.4089,1,0.4089,0.4089,46.2684,8.9635,20141,90,568,135,12263.5547,3608.0625,7258.2383,0,15871.6055,10.7694,2.0615,8.3354,10.7694,2.0627,2.9753,33.3333,5.4369,24.6026,0.000200,0.021200,0.000600,0.000600,0.001700,0.008000,0.000600,0.074100,0,0.039900,0.026700,0.038400,0.3560,0.1921,0.019500,0.006100,0.067000,0,0.047900,0.014400,0.1938,0.006200,0.031800,0.1373,0.015400,0.091500,0.4266,0.7084,0.3299,0.057300,2.4616,0.094200,0.031800,0.039300,0.6971,0.068000,0.001900,0.002300,0.061000,0.1996,0.050100,0.000600,0.5915,933,387566,0,0,0,0,0,0,0,0.001300,0.008000,0,0,0,0,0,0,0,0,0,0,0,0,0,0,0,0,0,0,0
,0.016900,0.005700,2,57,0,55,0,0,13,233,14,0,454,3,0,0,12,2,0,0,0,0,0.008200,0.002000,0.3310,0.005600,0.008200,0.001200,0.8551,0.1796,0.054800,0.1218,0.000900,0.028000,0.000900,1,768,256,11229,3565.7148,15494.9102,239.1602,0.001100,5,0.000300,0.008600,0.002000,0.015400,0.2102,0,0,0.051600,0.2241,2.4413,0.066500,0.000300,0.001500,0.000200,0.000300,0.006500,0.006800,0.044100,0.005200,0.032700,0.1025,0.012600,0.006300,1.7485,0.025400,0.006800,0.040000,0.011200,0.018000,0.078200,0.008500,0.071100,0.002100,0.080700,0.007400,0.065400,0.5811,0.004900,2.3349,0.000300,0.1810,0.000700,0.000300,0.028000,0.3175,0.5695,0.021800,0.9027,0.1658,0.001700,0.009800,0.000400,0.035000,0.5702,7.0172,8.7628,13.0955,634,16,0.2500,0,16,3.8438,1,0,0,629,1,0,115,102,13,0,-1,-1,0,-1,-1,13.9904,4.9185,0,1525.2227,1525.2227,1525.0977,95,874,561,322,0,0,0.000700,0,0,0.014400,0.077700,0.000600,0.012200,0.072700,0.038900,0.000900,0.001800,0.000200,0.001600,0.006000,0.000800,0.004100,0.022300,0.1404,0.060100,0.086800,0.1568,0.051000,0.2104,0.021100,1.1716,0.000200,0.001500,0.064800,0.009500,0.001600,0.000600,0.026700,0.006600,0.013600,0.001400,0.1411,0.026200,0.042300,0.1983,0.067900,0.001100,0.023400,0.002900,0.032100,0.021400,0.019900,6.6159,0.057000,0.006200,0.000100,0,10.5728,0,0,0,0,0,0,0,50,0,0,0,0,1,1,9,9,2,1,1,4,1,1,1,1,1,1,7,7,1,1,50,9,6,42,76,794,950,0,0,0,0,0,-100,-100,-100,-100,600,1440,107.7673,0,0,-0.000000,-1,0,0,0,1,0,13.7344,5,50,75.1289,13.7344,0,0,48.9844,0,100,0,0,0,0,0,0,0,0,0,1.5183,1.5183,1,1.5183,1.5183,56.0759,8.9635,20141,90,568,135,12263.5547,3608.0625,7258.2383,0,15871.6172,9.7331,3.3683,7.4011,9.7331,3.3683,2.8896,33.3333,5.5721,24.8055,0.000200,0.022600,0.000600,0.000600,0.001400,0.012200,0.000600,0.077200,0,0.018400,0.028000,0.035400,0.3424,0.1852,0.020500,0.006100,0.065200,0,0.044300,0.013900,0.1803,0.005100,0.032400,0.1382,0.015500,0.096400,0.4258,0.7641,0.3033,0.060500,2.4515,0.095200,0.030700,0.039500,0.6903,0.092800,0.002000,0.002600,0.063000,0.1936,0.049100,0.000600,0.6795,974,398478,0,0,0,0,0,0,0.002600,0,0.008500,0,0,0,0,0,0,0,0,0,0,0,0,0,0,0,0,0,0,0
,0.024800,0.005500,2,64,0,62,0,0,13,233,46,0,454,3,0,0,12,2,0,0,0,0,0.008400,0.006200,0.3341,0.005900,0.009100,0.001100,0.9982,0.2160,0.048600,0.1214,0.001400,0.026700,0.003500,0,768,256,11229,3565.7148,15494.9102,239.1602,0.013800,4,0,0.008300,0.001800,0.013900,0.2337,0,0,0.053200,0.2431,2.7682,0.066700,0.000300,0.001400,0.000200,0.000400,0.006700,0.006600,0.049600,0.005200,0.032500,0.1987,0.010700,0.006000,1.2845,0.025500,0.009000,0.026700,0.011700,0.018300,0.080700,0.011600,0.075500,0.002000,0.075900,0.008300,0.076200,0.6269,0.005300,2.3777,0.000200,0.2053,0.000500,0.000400,0.030600,0.3130,0.6743,0.024600,0.9605,0.1863,0.002000,0.010800,0.000700,0.042100,0.1165,9.1033,8.7628,13.0955,634,16,0.2500,0,16,3.8438,1,0,0,629,1,0,115,102,13,0,-1,-1,0,-1,-1,13.9904,4.9185,0,1525.2227,1525.2227,1525.0977,95,874,561,321,0,0,0.000800,0,0,0.013300,0.082000,0.000500,0.011300,0.067000,0.039200,0.000700,0.001600,0.000200,0.001500,0.006400,0.001000,0.003800,0.021700,0.1579,0.055700,0.076600,0.1577,0.042000,0.2032,0.031700,0.077400,0.000200,0.001300,0.063000,0.008000,0.001400,0.000600,0.025500,0.005800,0.011700,0.001100,0.1309,0.013800,0.039700,0.1898,0.065700,0.001000,0.030500,0.002300,0.017100,0.023100,0.017900,8.5814,0.059400,0.006100,0.000100,0,9.9029,0,0,0,0,0,0,0,50,0,0,0,0,1,1,9,9,2,1,1,4,1,1,1,1,1,1,7,7,1,1,50,9,6,42,76,794,950,0,0,0,0,0,-100,-100,-100,-100,600,1440,107.7673,0,0,-0.000000,-1,0,0,0,1,0,13.7344,5,50,75.1289,13.7344,0,0,48.9844,0,100,0,0,0,0,0,0,0,0,0,0.4466,0.4466,1,0.4466,0.4466,5.2569,8.9635,20141,90,568,135,12264.1133,3608.0625,7258.2383,0,15871.6172,10.8609,2.1675,7.3722,10.8609,2.1675,2.7923,33.3333,5.3068,24.3332,0.000200,0.022700,0.000600,0.000700,0.001600,0.008500,0.001600,0.073400,0,0.023500,0.026400,0.038800,0.3461,0.1893,0.019400,0.006200,0.066700,0,0.045200,0.012300,0.1991,0.005100,0.033200,0.1369,0.015500,0.088500,0.4286,0.6987,0.3023,0.058300,3.3088,0.096300,0.031700,0.039600,0.6905,0.094800,0.003100,0.005000,0.061300,0.1935,0.050200,0.000600,0.5974,926,386346,0.051600,2370,1335,0,0.4182,0,0.003400,0,0.008500,0,0,0,0,0,0,0,0,0,0,0,0,0,0,0,0,0,0,0
,0.013800,0.019400,2,57,0,55,0,0,13,233,12,0,454,3,0,0,12,2,0,0,0,0,0.010700,0.013900,0.3658,0.005700,0.009500,0.000900,0.8514,0.1702,0.056300,0.1383,0.001300,0.080500,0,1,768,256,11229,3565.7148,15494.9102,239.1602,0.001900,4,0.000500,0.009300,0.002200,0.013800,0.2052,0,0,0.059400,0.3029,2.5985,0.071200,0.000300,0.001400,0.000200,0.000300,0.006900,0.007600,0.046700,0.006000,0.032200,0.1218,0.011600,0.006700,1.2029,0.027300,0.072100,0.036400,0.012400,0.020200,0.093900,0.010400,0.079000,0.002200,0.1372,0.008800,0.067000,0.6033,0.004800,2.3245,0.000300,0.1820,0.000500,0.000400,0.030700,0.3599,0.5908,0.024600,0.8880,0.086100,0.001800,0.009000,0.000400,0.033400,0.089400,8.8216,8.7628,13.0955,634,16,0.2500,0,16,3.8438,1,0,0,629,1,0,115,102,13,0,-1,-1,0,-1,-1,13.9904,4.9185,0,1525.2227,1525.2227,1525.0977,95,871,551,321,0,0,0.000700,0,0,0.016900,0.081900,0.000500,0.011600,0.068800,0.043500,0.000700,0.001600,0.000300,0.001400,0.006600,0.000900,0.004000,0.023300,0.1396,0.060000,0.083900,0.1476,0.045000,0.1546,0.020800,0.5031,0.000100,0.001500,0.062000,0.008400,0.001200,0.000700,0.026200,0.006100,0.011600,0.001200,0.1347,0.014900,0.040400,1.0790,0.066500,0.001300,0.046600,0.002200,0.034100,0.024700,0.021100,7.7007,0.067700,0.006000,0.000100,0,10.6908,0,0,0,0,0,0,0,50,0,0,0,0,1,1,9,9,2,1,1,4,1,1,1,1,1,1,7,7,1,1,50,9,6,42,76,794,950,0,0,0,0,0,-100,-100,-100,-100,600,1440,107.7673,0,0,-0.000000,-1,0,0,0,1,0,13.7344,5,50,75.1289,13.7344,0,0,48.9844,0,100,0,0,0,0,0,0,0,0,0,0.8210,0.8210,1,0.8210,0.8210,16.3604,8.9635,20141,90,568,135,12265.3164,3608.0625,7258.2383,0,15872.1758,10.6857,2.4813,8.2540,10.6857,2.4813,2.8048,33.3333,5.5126,23.9880,0.000200,0.021300,0.000500,0.000700,0.001600,0.006900,0.000600,0.072700,0.001000,0.018400,0.031200,0.037900,0.3492,0.2238,0.021600,0.005100,0.062200,0,0.044200,0.015700,0.1974,0.006200,0.033200,0.1378,0.016400,0.096400,0.4126,0.6540,0.2981,0.057300,2.3721,0.094200,0.030700,0.049000,0.6921,0.087400,0.002200,0.002600,0.061500,0.1966,0.049200,0.000600,0.5935,953,392066,0,0,0,0,0,0,0,0,0.007900,0,0,0,0,0,0,0,0,0,0,0,0,0,0,0,0,0,0,0
,0.013000,0.005600,2,60,0,58,0,0,13,233,28,0,454,3,0,0,12,2,0,0,0,0,0.009500,0.001300,0.3220,0.005900,0.009900,0.001300,0.8707,0.2202,0.055600,0.1314,0.001600,0.021100,0.002400,0,768,256,11229,3565.7148,15494.9102,239.1602,0.001500,2,0.000500,0.012100,0.002100,0.018900,0.1923,0,0,0.058400,0.3750,2.6210,0.068200,0.000300,0.001300,0.000300,0.000200,0.006800,0.007200,0.042900,0.005700,0.031800,0.1312,0.010400,0.007400,1.4884,0.031700,0.008200,0.044800,0.012200,0.020700,0.1059,0.011700,0.084000,0.002500,0.1214,0.009600,0.070600,0.6320,0.005100,2.3427,0.000400,0.2038,0.000500,0.000400,0.031200,0.3052,1.4872,0.027100,1.0165,0.1558,0.002000,0.014100,0.000400,0.037500,0.043800,8.3841,8.7628,13.0955,634,16,0.2500,0,16,3.8438,1,0,0,629,1,0,115,102,13,0,-1,-1,0,-1,-1,13.9904,4.9185,0,1525.2227,1525.2227,1441.5039,95,874,561,321,0,0,0.001300,0,0,0.016400,0.083200,0.000900,0.012600,0.080800,0.042600,0.001000,0.001700,0.000100,0.001500,0.006400,0.000900,0.004300,0.021400,0.1548,0.055400,0.087800,0.1515,0.046100,0.2400,0.021300,0,0.000400,0.001800,0.066300,0.008800,0.001400,0.000600,0.025300,0.006600,0.011700,0.001100,0.1449,0.015300,0.041900,0.2330,0.070000,0.001600,0.044400,0.002700,0.034100,0.026200,0.025800,8.0054,0.060900,0.024900,0.000100,0,11.0377,0,0,0,0,0,0,0,50,0,0,0,0,1,1,9,9,2,1,1,4,1,1,1,1,1,1,7,7,1,1,50,9,6,42,76,794,950,0,0,0,0,0,-100,-100,-100,-100,600,1440,107.7673,0,0,-0.000000,-1,0,0,0,1,0,13.7344,5,50,75.1289,13.7344,0,0,48.9844,0,100,0,0,0,0,0,0,0,0,0,0.4254,0.4254,1,0.4254,0.4254,26.4873,8.9635,20141,90,568,135,12267.6602,3608.0625,7258.2383,0,15873.3789,10.2236,2.9535,7.4136,10.2236,2.9535,2.9484,33.3333,5.7180,23.2330,0.000300,0.022100,0.000600,0.000500,0.001700,0.008200,0.001600,0.073000,0,0.022400,0.030100,0.037400,0.3379,0.2242,0.020500,0.006100,0.067800,0,0.045900,0.028800,0.1805,0,0.032700,0.1339,0.019700,0.1031,0.8725,0.7203,0.3155,0.057400,2.4547,0.095200,0.034900,0.039600,0.6924,0.094100,0.002000,0.002500,0.060900,0.1987,0.050200,0.000600,0.6321,957,392784,0,0,0,0,0,0,0.002400,0,0.007700,0,0,0,0,0,0,0,0,0,0,0,0,0,0,0,0,0,0,0
,0.027400,0.018200,2,64,0,62,0,0,13,233,32,0,454,3,0,0,12,2,0,0,0,0,0.008500,0.005700,0.4664,0.005800,0.009400,0.001000,0.8995,0.1752,0.057200,0.1396,0.001100,0.040200,0,0,768,256,11229,3565.7148,15494.9102,239.1602,0.001200,2,0.000200,0.008900,0.002100,0.019900,0.1993,0,0,0.063900,0.2200,2.5786,0.056100,0.000100,0.001400,0.000300,0.000200,0.008600,0.007600,0.038900,0.005300,0.033100,0.1228,0.010400,0.006200,0.1289,0.026900,0.009600,0.028200,0.012100,0.019400,0.084300,0.008900,0.074000,0.001900,0.1146,0.009300,0.070100,0.6281,0.005600,2.4107,0.000200,0.2155,0.000700,0.000500,0.032500,0.3166,0.6695,0.026300,0.9674,0.1764,0.002100,0.011500,0.000600,0.042000,0,9.0155,8.7628,13.0955,634,16,0.2500,0,16,3.8438,1,0,0,629,1,0,115,102,13,0,-1,-1,0,-1,-1,13.9904,4.9185,0,1525.2227,1525.2227,1525.0977,95,876,561,321,0,0,0.000700,0,0,0.016200,0.087200,0.000700,0.015600,0.080100,0.043400,0.001100,0.001800,0.000400,0.002000,0.007700,0.001100,0.004700,0.024700,0.1390,0.059300,0.078700,0.1675,0.038600,0.1604,0.049400,0.7757,0.000500,0.006700,0.070900,0.009300,0.001700,0.000500,0.032000,0.007000,0.014100,0.001100,0.1535,0.015900,0.045900,0.1930,0.069500,0.001200,0.050800,0.002200,0.018200,0.023900,0.022400,8.4686,0.060100,0.006900,0.000100,0,10.1835,0,0,0,0,0,0,0,50,0,0,0,0,1,1,9,9,2,1,1,4,1,1,1,1,1,1,7,7,1,1,50,9,6,42,76,794,950,0,0,0,0,0,-100,-100,-100,-100,600,1440,107.7673,0,0,-0.000000,-1,0,0,0,1,0,13.7344,5,50,75.1289,13.7344,0,0,48.9844,0,100,0,0,0,0,0,0,0,0,0,1.1130,1.1130,1,1.1130,1.1130,37.8553,8.9635,20141,90,568,135,12269.8984,3608.0625,7258.2383,0,15875.7227,11.6004,2.9227,7.7970,11.6004,2.9239,2.9342,33.3333,5.4717,22.2360,0.000200,0.021700,0.000600,0.000600,0.001700,0.008400,0.000700,0.072300,0,0.019300,0.028800,0.040000,0.3589,0.1918,0.019500,0.005100,0.061800,0,0.045400,0.023400,0.1889,0.005100,0.032900,0.1404,0.015300,0.089900,0.4258,0.7131,0.3645,0.057400,2.4945,0.095300,0.032700,0.039100,1.1222,0.6166,0.001900,0.002400,0.065400,0.2069,0.050100,0.000700,0.6241,927,386336,0,0,0,0,0,0,0,0.001400,0.008000,0,0,0,0,0,0,0,0,0,0,0,0,0,0,0,0,0,0,0
,0.027500,0.006400,0,0,0,0,0,0,0,0,0,0,0,0,0,0,0,0,0,0,0,0,0.009600,0.007600,0.3396,0.006000,0.009100,0.001000,0.8931,0.2074,0.085800,0.1407,0.001000,0.026900,0.003100,0,768,256,11229,3565.7148,15494.9102,239.1602,0.001600,4,0.000100,0.008600,0.002500,0.021800,0.1755,0,0,0.066200,0.2945,2.6210,0.075100,0.000200,0.001100,0.000200,0.000300,0.007400,0.007400,0.045900,0.004900,0.035300,0.1047,0.011000,0.005900,1.5422,0.030600,0.009500,0.047100,0.012300,0.020300,0.098500,0.008900,0.076600,0.002200,0.1084,0.008800,0.069800,0.6220,0.005400,2.3312,0.000400,0.1861,0.000500,0.000300,0.028800,0.3118,0.5925,0.024900,0.9910,0.1452,0.002000,0.011200,0.000600,0.034100,0,7.7086,8.7628,13.0955,634,16,0.2500,0,16,3.8438,1,0,0,629,1,0,115,102,13,0,-1,-1,0,-1,-1,13.9904,4.9185,0,1525.2227,1525.2227,1525.0977,95,874,561,321,0,0,0.001000,0,0,0.014600,0.084900,0.000600,0.020700,0.070600,0.041200,0.001000,0.001600,0.000300,0.001500,0.006100,0.000800,0.003800,0.022900,0.1522,0.062400,0.080400,0.1480,0.039000,0.1904,0.033000,0.073800,0.000200,0.001600,0.066100,0.008500,0.001400,0.000600,0.026800,0.006400,0.013700,0.001100,0.1421,0.016400,0.041200,0.2107,0.068500,0.001300,0.041800,0.003300,0.035700,0.024000,0.016600,7.3794,0.061300,0.006200,0.000100,0,11.3237,0,0,0,0,0,0,0,50,0,0,0,0,1,1,9,9,2,1,1,4,1,1,1,1,1,1,7,7,1,1,50,9,6,42,76,794,950,0,0,0,0,0,-100,-100,-100,-100,600,1440,107.7673,0,0,-0.000000,-1,0,0,0,1,0,13.7344,5,50,75.1289,13.7344,0,0,48.9844,0,100,0,0,0,0,0,0,0,0,0,0.4469,0.4469,1,0.4469,0.4469,47.3485,8.9635,20141,90,568,135,12269.6328,3608.0625,7258.2383,0,15877.9609,9.2550,2.1255,7.7970,9.2550,2.1255,3.0461,33.3333,6.0053,22.7089,0.000200,0.022400,0.000600,0.000800,0.001700,0.008300,0.000600,0.073500,0,0.018500,0.028400,0.040300,0.3460,0.3118,0.018400,0.006200,0.062200,0,0.045700,0.019000,0.1878,0.005100,0.031900,0.1421,0.014300,0.1012,0.4336,0.6924,0.3899,0.055300,2.0790,0.095200,0.030700,0.038100,0.6809,0.086200,0.002000,0.002400,0.061100,0.1966,0.050200,0.000600,0.6087,961,393276,0,0,0,0,0,0,0,0,0.008400,0,0,0,0,0,0,0,0,0,0,0,0,0,0,0,0,0,0,0
,0.023800,0.005900,4,117,0,113,0,0,26,466,40,0,908,6,0,0,24,4,0,0,0,0,0.008800,0.015900,0.3144,0.005000,0.009000,0.000700,0.8524,0.1827,0.049900,0.1247,0.001900,0.025300,0.001300,0,768,256,11229,3565.7148,15494.9102,239.1602,0.001700,5,0.000400,0.009300,0.002000,0.019000,0.1907,0,0,0.056300,0.2880,2.6510,0.064600,0.000300,0.001500,0.000300,0.000200,0.006700,0.006300,0.048000,0.005900,0.031800,0.1274,0.011600,0.006300,1.4677,0.025800,0.008500,0.033600,0.011900,0.019200,0.084600,0.010800,0.075200,0.002100,0.098200,0.008700,0.073200,0.6152,0.005700,2.4211,0.000300,0.2024,0.000700,0.000300,0.029900,0.3047,0.5992,0.024200,0.9295,0.5003,0.001600,0.009900,0.000500,0.085400,0.097000,7.7941,8.7628,13.0955,634,16,0.2500,0,16,3.8438,1,0,0,629,1,0,115,102,13,0,-1,-1,0,-1,-1,13.9904,4.9185,0,1525.2227,1525.2227,1441.6289,95,874,561,321,0,0,0.001100,0,0,0.016600,0.086400,0.000700,0.012500,0.083000,0.043300,0.001000,0.002400,0.000300,0.001700,0.007400,0.000900,0.004000,0.024800,0.1601,0.058900,0.080000,0.1773,0.045500,0.1816,0.028400,1.0312,0.000600,0.001600,0.070800,0.010100,0.001400,0.000800,0.032400,0.007600,0.014200,0.001100,0.1544,0.016100,0.047500,0.2102,0.071200,0.001200,0.048700,0.002400,0.032300,0.021500,0.022400,7.5411,0.059900,0.005800,0.000100,0.012500,9.3872,0,0,0,0,0,0,0,50,0,0,0,0,1,1,9,9,2,1,1,4,1,1,1,1,1,1,7,7,1,1,50,9,6,42,76,794,950,0,0,0,0,0,-100,-100,-100,-100,600,1440,107.7673,0,0,-0.000000,-1,0,0,0,1,0,13.7344,5,50,75.1289,13.7344,0,0,48.9844,0,100,0,0,0,0,0,0,0,0,0,1.4048,1.4048,1,1.4048,1.4048,57.9398,8.9635,20141,90,568,135,12269.5078,3608.0625,7258.2383,0,15877.6953,10.5477,3.0177,7.2695,10.5477,3.0177,2.7874,33.3333,5.5943,23.8311,0.000700,0.021200,0.000600,0.000600,0.001700,0.008700,0.000600,0.072600,0,0.017300,0.027500,0.038400,0.3524,0.2989,0.019400,0.006200,0.067300,0,0.046400,0.008500,0.1913,0.006200,0.032300,0.1371,0.015300,0.091200,0.4286,1.5720,0.3976,0.055200,2.0767,0.093200,0.030700,0.039800,0.6906,0.065500,0.002100,0.002400,0.062000,0.1955,0.050200,0.000600,0.6059,961,393968,0,0,0,0,0,0,0,0,0.007700,0,0,0,0,0,0,0,0,0,0,0,0,0,0,0,0,0,0,0
,0.012100,0.3812,2,64,0,62,0,0,13,233,31,0,454,3,0,0,12,2,0,0,0,0,0.007400,0.003000,0.3230,0.006400,0.008700,0.001100,0.8637,0.1917,0.047300,0.1167,0.001600,0.029200,0,0,768,256,11229,3565.7148,15494.9102,239.1602,0.001600,1,0.000300,0.012600,0.002400,0.017400,0.1848,0,0,0.064200,0.2284,2.4303,0.059000,0.000200,0.001500,0.000300,0.000400,0.006400,0.007600,0.040200,0.004800,0.030600,0.1274,0.009700,0.005900,0.4006,0.026700,0.007900,0.026900,0.011000,0.017200,0.086700,0.009500,0.067600,0.001800,0.1042,0.008300,0.066800,0.5924,0.004500,2.2808,0.000300,0.1776,0.001000,0.000400,0.027700,0.2874,0.6301,0.023700,0.9001,0.4606,0.001800,0.013500,0.000600,0.036400,0,9.1552,8.7628,13.0955,634,16,0.2500,0,16,3.8438,1,0,0,629,1,0,115,102,13,0,-1,-1,0,-1,-1,13.9904,4.9185,0,1525.2227,1525.2227,1525.0977,95,871,551,321,0,0,0.001200,0,0,0.016500,0.080000,0.000600,0.012400,0.066400,0.036200,0.000800,0.001700,0.000300,0.001500,0.006700,0.000900,0.004100,0.024600,0.1460,0.057400,0.075900,0.1389,0.045800,0.2868,0.020000,0,0.000400,0.002000,0.063400,0.008100,0.001500,0.000600,0.025100,0.006400,0.012200,0.001000,0.1344,0.013800,0.041800,0.1867,0.068400,0.001100,0.022100,0.003600,0.017100,0.023100,0.016500,8.6313,0.055700,0.006400,0.000200,0,10.6967,0,0,0,0,0,0,0,50,0,0,0,0,1,1,9,9,2,1,1,4,1,1,1,1,1,1,7,7,1,1,50,9,6,42,76,794,950,0,0,0,0,0,-100,-100,-100,-100,600,1440,107.7673,0,0,-0.000000,-1,0,0,0,1,0,13.7344,5,50,75.1289,13.7344,0,0,48.9844,0,100,0,0,0,0,0,0,0,0,0,0.3805,0.3805,1,0.3805,0.3805,6.5205,8.9635,20141,90,568,135,12269.5078,3608.0625,7258.2383,0,15877.5703,11.0036,2.1126,8.2132,11.0036,2.1126,2.7734,33.3333,5.2826,24.6888,0.000700,0.021200,0.000600,0.000700,0.001800,0.007000,0.000700,0.072800,0,0.017400,0.028300,0.039800,0.3429,0.1877,0.018400,0.006200,0.061600,0,0.046200,0.007300,0.1951,0.005100,0.032300,0.1380,0.015400,0.091300,0.4262,0.6385,0.2936,0.057400,2.3766,0.094200,0.030700,0.038700,0.6874,0.086700,0.002000,0.002300,0.061900,0.1966,0.049100,0.000900,0.6068,930,386372,0,2386,1330,0,0.7012,0,0,0,0.008100,0,0,0,0,0,0,0,0,0,0,0,0,0,0,0,0,0,0,0
,0.012100,0.005300,2,57,0,55,0,0,13,233,14,0,454,3,0,0,12,2,0,0,0,0,0,0.004600,0.6111,0.004900,0.008300,0.000900,0.8847,0.1618,0.062000,0.1312,0.000700,0.033200,0.001900,0,768,256,11229,3565.7148,15494.9102,239.1602,0.001900,3,0.000600,0.007200,0.001700,0.017300,0.1829,0,0,0.077300,0.2921,2.4359,0.070700,0.000200,0.001400,0.000300,0.000300,0.007100,0.007800,0.045800,0.005400,0.033400,0.1490,0.012400,0.006100,1.7444,0.028100,0.008500,0.041700,0.011700,0.018100,0.082500,0.009600,0.074900,0.002300,0.079900,0.007700,0.065900,0.5796,0.003800,2.2870,0.000600,0.1783,0.000600,0.000400,0.026100,0.3712,0.5629,0.022700,0.9019,0.1606,0.005700,0.009200,0.000300,0.031200,0.092800,7.3562,8.7628,13.0955,634,16,0.2500,0,16,3.8438,1,0,0,629,1,0,115,102,13,0,-1,-1,0,-1,-1,13.9904,4.9185,0,1525.2227,1525.2227,1525.0977,95,876,551,321,0,0,0.001000,0,0,0.014400,0.080000,0.000600,0.011900,0.070800,0.039200,0.000700,0.001500,0.000200,0.001400,0.006300,0.000800,0.004000,0.021600,0.1282,0.054700,0.076000,0.1580,0.046600,0.1440,0.024600,0.5710,0.000300,0.001800,0.067900,0.008200,0.001200,0.000400,0.025900,0.006300,0.012400,0.001100,0.1414,0.016500,0.043500,0.2013,0.069300,0.001300,0.039700,0.002700,0.032900,0.022100,0.017100,6.6999,0.060000,0.005700,0.000200,0,10.6746,0,0,0,0,0,0,0,50,0,0,0,0,1,1,9,9,2,1,1,4,1,1,1,1,1,1,7,7,1,1,50,9,6,42,76,794,950,0,0,0,0,0,-100,-100,-100,-100,600,1440,107.7673,0,0,-0.000000,-1,0,0,0,1,0,13.7344,5,50,75.1289,13.7344,0,0,48.9844,0,100,0,0,0,0,0,0,0,0,0,0.5850,0.5850,1,0.5850,0.5850,15.7548,8.9635,20141,90,568,135,12269.5078,3608.0625,7258.2383,0,15877.5703,9.2537,2.4839,7.3709,9.2537,2.4839,2.8241,33.3333,5.9460,24.4293,0.000300,0.020900,0.000700,0.000600,0.001800,0.009800,0.000700,0.076200,0,0.020600,0.026500,0.037800,0.7950,0.1948,0.021500,0.005100,0.066900,0,0.045800,0.009000,0.1993,0,0.033400,0.1342,0.015800,0.089000,0.4262,0.7291,0.3573,0.057300,2.4739,0.094300,0.030700,0.039200,0.6826,0.087400,0.001800,0.002300,0.060300,0.1976,0.050200,0.000700,0.6273,923,385152,0.078700,0,0,0,0,0,0,0,0.008000,0,0,0,0,0,0,0,0,0,0,0,0,0,0,0,0,0,0,0
,0.029900,0.029600,2,57,0,55,0,0,13,233,12,0,454,3,0,0,12,2,0,0,0,0,0.017200,0.021700,0.3130,0.005000,0.008700,0.001100,0.8013,0.2172,0.4316,0.1246,0.001300,0.077700,0.007200,1,768,256,11229,3565.7148,15494.9102,239.1602,0.001100,4,0.000100,0.008000,0.001800,0.017400,0.1905,0,0,0.050700,0.2174,2.4664,0.1197,0.000400,0.001700,0.000200,0.000600,0.007700,0.007400,0.040900,0.005600,0.031300,0.1281,0.010800,0.005800,1.3793,0.030400,0.009000,0.037800,0.011700,0.019600,0.088100,0.011100,0.076600,0.002000,0.081100,0.007600,0.064100,0.6062,0.004700,2.4094,0.000300,0.2012,0.000800,0.000500,0.030500,0.2994,0.7641,0.026100,0.9591,0.1469,0.001900,0.009400,0.000500,0.035200,0.1951,9.0231,8.7628,13.0955,634,16,0.2500,0,16,3.8438,1,0,0,629,1,0,115,102,13,0,-1,-1,0,-1,-1,13.9904,4.9185,0,1525.2227,1525.2227,1525.0977,95,870,551,322,0,0,0.001000,0,0,0.014300,0.078500,0.000700,0.012400,0.067200,0.037300,0.000800,0.001800,0.000100,0.001400,0.006100,0.001200,0.003900,0.023200,0.1478,0.053900,0.078600,0.1512,0.041300,0.2062,0.018200,0.019000,0.000100,0.001600,0.062700,0.008300,0.001000,0.000400,0.025400,0.005700,0.012000,0.001100,0.1311,0.014000,0.051600,0.2039,0.064400,0.000900,0.046900,0.002100,0.033400,0.022800,0.016400,8.7333,0.056700,0.005900,0.000300,0,9.2402,0,0,0,0,0,0,0,50,0,0,0,0,1,1,9,9,2,1,1,4,1,1,1,1,1,1,7,7,1,1,50,9,6,42,76,794,950,0,0,0,0,0,-100,-100,-100,-100,600,1440,107.7673,0,0,-0.000000,-1,0,0,0,1,0,13.7344,5,50,75.1289,13.7344,0,0,48.9844,0,100,0,0,0,0,0,0,0,0,0,0.3939,0.3939,1,0.3939,0.3939,26.5189,8.9635,20141,90,568,135,12269.5078,3608.0625,7258.2383,0,15877.5703,10.4985,2.0348,7.8052,10.4985,2.0359,2.7172,33.3333,5.3566,25.2465,0.000600,0.021200,0.000600,0.000600,0.001700,0.007000,0.000800,0.073700,0,0.017400,0.026400,0.038700,0.3415,0.1861,0.019400,0.006200,0.065700,0,0.044300,0.020000,0.1877,0,0.031800,0.1334,0.015400,0.091800,0.4251,0.7677,0.3068,0.056300,2.4587,0.095200,0.031800,0.039100,1.4431,0.095000,0.002100,0.002700,0.064200,0.1957,0.051200,0.000600,0.6050,924,384966,0,0,0,0,0,0,0,0.001300,0.007700,0,0,0,0,0,0,0,0,0,0,0,0,0,0,0,0,0,0,0
,0.014000,0.006100,2,56,0,54,0,0,13,233,17,0,454,3,0,0,12,2,0,0,0,0,0,0.005700,0.3388,0.005000,0.009200,0.000800,2.2864,0.1752,0.050800,0.1248,0.001100,0.034900,0,1,768,256,11229,3565.7148,15494.9102,239.1602,0.014300,4,0.000100,0.007700,0.001800,0.014900,0.1706,0,0,0.060400,0.2753,2.4768,0.061600,0.000300,0.001700,0.000300,0.000400,0.007500,0.007300,0.047700,0.005600,0.030100,0.097000,0.011100,0.006600,1.4686,0.027100,0.009100,0.042500,0.011000,0.017100,0.076400,0.010200,0.071900,0.001900,0.074700,0.007800,0.072300,0.5928,0.004600,2.3150,0.000200,0.1865,0.000500,0.000300,0.027900,0.3073,0.6940,0.023100,0.8987,0.1757,0.001800,0.009200,0.000500,0.036800,0.2607,8.7569,8.7628,13.0955,634,16,0.2500,0,16,3.8438,1,0,0,629,1,0,115,102,13,0,-1,-1,0,-1,-1,13.9904,4.9185,0,1525.2227,1525.2227,1525.0977,95,873,561,322,0,0,0.000900,0,0,0.017200,0.078000,0.000600,0.015300,0.068900,0.040400,0.000800,0.001800,0.000300,0.001600,0.006300,0.001300,0.004000,0.025300,0.1385,0.057800,0.081000,0.1573,0.045300,0.2136,0.019000,0.097600,0.000300,0.001700,0.064000,0.008800,0.001400,0.000700,0.026500,0.006000,0.011400,0.001300,0.1391,0.013700,0.041100,0.1927,0.065300,0.001000,0.040100,0.002600,0.017000,0.023100,0.020000,8.3430,0.056800,0.005600,0.000200,0,10.7546,0,0,0,0,0,0,0,50,0,0,0,0,1,1,9,9,2,1,1,4,1,1,1,1,1,1,7,7,1,1,50,9,6,42,76,794,950,0,0,0,0,0,-100,-100,-100,-100,600,1440,107.7673,0,0,-0.000000,-1,0,0,0,1,0,13.7344,5,50,75.1289,13.7344,0,0,48.9844,0,100,0,0,0,0,0,0,0,0,0,0.4223,0.4223,1,0.4223,0.4223,36.9788,8.9635,20141,90,568,135,12269.7734,3608.0625,7258.2383,0,15877.5703,10.5833,2.1265,8.0911,10.5833,2.1265,2.7766,33.3333,5.4775,23.8185,0.000200,0.021600,0.000500,0.000600,0.001600,0.007800,0.000600,0.072600,0,0.018300,0.026900,0.035600,0.3599,0.1941,0.020500,0.006200,0.065800,0,0.044400,0.011800,0.1730,0,0.032800,0.1369,0.015600,0.087100,0.4258,0.7269,0.3506,0.057400,2.5075,0.094200,0.032700,0.039700,0.6918,0.086500,0.002100,0.002800,0.062500,0.1989,0.050100,0.000800,0.6101,972,394966,0,0,0,0,0,0,0,0,0.008400,0,0,0,0,0,0,0,0,0,0,0,0,0,0,0,0,0,0,0
,0.019400,0.013300,2,73,0,71,0,0,14,233,28,0,454,3,0,0,13,2,0,0,0,0,0.017400,0.005100,0.3576,0.006100,0.008300,0.000900,0.8658,0.1974,0.048900,0.1265,0.001100,0.026000,0,0,768,256,11229,3565.7148,15494.9102,239.1602,0.001600,5,0.000100,0.008500,0.002400,0.013900,0.1743,0,0,0.094200,0.2212,2.6205,0.068400,0.000200,0.001200,0.000200,0.000300,0.006000,0.008800,0.050100,0.005900,0.034500,0.1312,0.011800,0.006400,1.4886,0.027200,0.008300,0.034000,0.011400,0.019400,0.084800,0.007900,0.071900,0.002200,0.076100,0.010600,0.069500,0.5991,0.005200,2.3917,0.000300,0.1878,0.000800,0.000300,0.028000,0.3009,0.5991,0.023600,0.8991,0.1652,0.001600,0.009100,0.000300,0.032700,0.3654,8.7921,8.7628,13.0955,634,16,0.2500,0,16,3.8438,1,0,0,629,1,0,115,102,13,0,-1,-1,0,-1,-1,13.9904,4.9185,0,1525.2227,1525.2227,1525.0977,95,870,551,322,0,0,0.000700,0,0,0.016800,0.077300,0.000600,0.011200,0.070200,0.039600,0.000800,0.001500,0.000300,0.001400,0.005700,0.001100,0.003700,0.020400,0.1383,0.057500,0.080700,0.1540,0.038600,0.1842,0.030100,0.063000,0.000200,0.001700,0.064800,0.008900,0.001300,0.000600,0.027900,0.006200,0.011800,0.001400,0.1340,0.015100,0.039600,0.2075,0.070500,0.001100,0.041200,0.002200,0.032200,0.023300,0.019600,8.2229,0.073100,0.005900,0.000100,0,10.5057,0,0,0,0,0,0,0,50,0,0,0,0,1,1,9,9,2,1,1,4,1,1,1,1,1,1,7,7,1,1,50,9,6,42,76,794,950,0,0,0,0,0,-100,-100,-100,-100,600,1440,107.7673,0,0,-0.000000,-1,0,0,0,1,0,13.7344,5,50,75.1289,13.7344,0,0,48.9844,0,100,0,0,0,0,0,0,0,0,0,0.4197,0.4197,1,0.4197,0.4197,47.3297,8.9635,20141,90,568,135,12272.1484,3608.0625,7258.2383,0,15877.8359,10.4300,2.0963,7.3380,10.4300,2.0963,2.8342,33.3333,5.4563,24.1985,0.000700,0.017800,0.000600,0.000600,0.001600,0.007500,0.000500,0.072900,0,0.024600,0.032400,0.038300,0.3374,0.2111,0.019500,0.006100,0.062200,0,0.047000,0.011700,0.2015,0.005100,0.032700,0.1360,0.031700,0.1072,0.4354,0.7200,0.2973,0.056300,2.4281,0.094200,0.031700,0.039700,0.6924,0.094000,0.004100,0.004600,0.061300,0.1966,0.050200,0.000500,0.6534,974,398478,0,0,0,0,0,0,0.003400,0,0.008200,0,0,0,0,0,0,0,0,0,0,0,0,0,0,0,0,0,0,0
,0.015000,0.019300,2,64,0,62,0,0,13,233,46,0,454,3,0,0,12,2,0,0,0,0,0.016300,0.014000,0.3256,0.005000,0.008800,0.000800,0.8369,0.1838,0.049400,0.1181,0.001200,0.022900,0,0,768,256,11229,3565.7148,15494.9102,239.1602,0.001700,10,0.000100,0.008200,0.001700,0.012900,0.2272,0,0,0.054300,0.2485,2.5511,0.055300,0.000200,0.001100,0.000200,0.000200,0.007200,0.006000,0.040000,0.004400,0.030700,0.094000,0.012300,0.005300,1.1789,0.024700,0.007800,0.026100,0.010800,0.017800,0.076100,0.008600,0.075400,0.001800,0.077300,0.007400,0.1283,0.6222,0.005000,2.4843,0.000300,0.1940,0.000500,0.000400,0.031400,0.3131,0.6835,0.025200,0.9990,0.1655,0.001900,0.011200,0.000300,0.037900,0,9.0299,8.7628,13.0955,634,16,0.2500,0,16,3.8438,1,0,0,629,1,0,115,102,13,0,-1,-1,0,-1,-1,13.9904,4.9185,0,1525.2227,1525.2227,1525.0977,95,875,561,322,0,0,0.001000,0,0,0.014200,0.080700,0.000400,0.010300,0.068900,0.039400,0.000700,0.001800,0.000100,0.001600,0.006600,0.000800,0.003500,0.023700,0.1410,0.054900,0.077400,0.1672,0.060300,0.1671,0.019700,0.1757,0.000200,0.001800,0.065700,0.009200,0.001500,0.000500,0.026800,0.006500,0.010900,0.001000,0.1361,0.015000,0.040700,0.1983,0.069200,0.001000,0.041600,0.002300,0.031900,0.021200,0.016800,8.6959,0.057600,0.010100,0.000100,0,10.3710,0,0,0,0,0,0,0,50,0,0,0,0,1,1,9,9,2,1,1,4,1,1,1,1,1,1,7,7,1,1,50,9,6,42,76,794,950,0,0,0,0,0,-100,-100,-100,-100,600,1440,107.7673,0,0,-0.000000,-1,0,0,0,1,0,13.7344,5,50,75.1289,13.7344,0,0,48.9844,0,100,0,0,0,0,0,0,0,0,0,0.4596,0.4596,1,0.4596,0.4596,58.2673,8.9635,20141,90,568,135,12272.1484,3608.0625,7258.2383,0,15880.2109,10.7329,2.2576,7.3478,10.7329,2.2576,2.9545,33.3333,5.7303,24.8458,0.000600,0.020700,0.000600,0.000800,0.001700,0.007300,0.000600,0.076500,0,0.017400,0.020200,0.026200,0.3444,0.2132,0.019500,0.005100,0.066300,0.001100,0.045000,0.011500,0.1706,0,0.030700,0.1356,0.016200,0.1147,0.4246,0.7007,0.2930,0.057200,2.3052,0.094200,0.030700,0.039600,1.1406,0.082500,0.002200,0.002700,0.064800,0.2038,0.046100,0.000600,0.7026,921,385150,0,0,0,0,0,0,0,0,0.008200,0,0,0,0,0,0,0,0,0,0,0,0,0,0,0,0,0,0,0
,0.026000,0.006400,2,57,0,55,0,0,13,233,12,0,454,3,0,0,12,2,0,0,0,0,0.007900,0.004900,0.3246,0.006100,0.009800,0.000800,0.8881,0.1839,0.055500,0.1304,0.001300,0.025000,0.005700,0,768,256,11229,3565.7148,15494.9102,239.1602,0.001400,1,0.000400,0.009100,0.002300,0.014300,0.1753,0,0,0.060800,0.2443,2.6664,0.065200,0.000300,0.001500,0.000200,0.000300,0.008400,0.006800,0.043000,0.005200,0.035000,0.1389,0.010900,0.006300,1.5232,0.031900,0.009100,0.032800,0.012200,0.019400,0.088400,0.009500,0.075600,0.002200,0.089900,0.007900,0.069000,0.6287,0.006000,2.4558,0.000300,0.2202,0.000600,0.000300,0.033700,0.3111,0.6626,0.027600,1.0131,0.1723,0.002100,0.010600,0.000500,0.041500,0.1478,8.5616,8.7628,13.0955,634,16,0.2500,0,16,3.8438,1,0,0,629,1,0,115,102,13,0,-1,-1,0,-1,-1,13.9904,4.9185,0,1525.2227,1525.2227,1525.0977,95,870,551,322,0,0,0.000900,0,0,0.012900,0.079100,0.000300,0.011400,0.066400,0.036100,0.000900,0.001200,0.000200,0.001600,0.005800,0.000700,0.003700,0.020900,0.1477,0.052900,0.074600,0.1420,0.038800,0.2064,0.017900,0.022100,0.000200,0.001500,0.062600,0.007900,0.001100,0.000500,0.024000,0.006300,0.011800,0.001300,0.1342,0.013000,0.038300,0.1884,0.068200,0.001200,0.041700,0.002100,0.018500,0.024400,0.015400,8.0179,0.058700,0.005800,0,0,10.9116,0,0,0,0,0,0,0,50,0,0,0,0,1,1,9,9,2,1,1,4,1,1,1,1,1,1,7,7,1,1,50,9,6,42,76,794,950,0,0,0,0,0,-100,-100,-100,-100,600,1440,107.7673,0,0,-0.000000,-1,0,0,0,1,0,13.7344,5,50,75.1289,13.7344,0,0,48.9844,0,100,0,0,0,0,0,0,0,0,0,0.3888,0.3888,1,0.3888,0.3888,6.8534,8.9635,20141,90,568,135,12272.5781,3608.0625,7258.2383,0,15880.2109,10.2951,2.0387,7.7436,10.2951,2.0387,2.7698,33.3333,5.2477,23.6804,0.000300,0.021800,0.000500,0.000800,0.001600,0.007600,0.000600,0.073300,0,0.017300,0.026800,0.041000,0.3638,0.1983,0.018400,0.006200,0.061800,0,0.045400,0.012000,0.1882,0.005100,0.032500,0.1350,0.016400,0.092100,0.4264,0.6575,0.3015,0.057300,2.2977,0.094200,0.031800,0.039500,0.6914,0.089200,0.003400,0.004400,0.062500,0.1997,0.050100,0.000700,0.6236,958,393262,0,2377,1329,0,0.4574,0,0,0,0.008900,0,0,0,0,0,0,0,0,0,0,0,0,0,0,0,0,0.001800,0,0
,0.029100,0.006900,2,60,0,58,0,0,13,233,28,0,454,3,0,0,12,2,0,0,0,0,0,0,0.3422,0.005700,0.009500,0.000900,0.8956,0.1800,0.054700,0.1360,0,0.036300,0,0,768,256,11229,3565.7148,15494.9102,239.1602,0,4,0.000100,0.008800,0.002000,0.015800,0.1933,0,0,0.059200,0.2791,2.6816,0.074400,0.000200,0.001600,0.000200,0.000300,0.007600,0.008300,0.047600,0.005200,0.033300,0.1432,0.010000,0.006300,1.3210,0.031100,0.008300,0.038000,0.012300,0.019600,0.093200,0.011300,0.077800,0.002500,0.087800,0.008100,0.063300,0.6205,0.005100,2.3832,0.000400,0.2014,0.000900,0.000400,0.031300,0.3258,0.6165,0.025900,0.9291,0.4615,0.002200,0.014000,0.000500,0.037000,0.1880,9.2599,8.7628,13.0955,634,16,0.2500,0,16,3.8438,1,0,0,629,1,0,115,102,13,0,-1,-1,0,-1,-1,13.9904,4.9185,0,1525.2227,1525.2227,1441.6289,95,870,551,322,0,0,0.001100,0,0,0.015200,0.081500,0.000600,0.011600,0.080000,0.039500,0.001000,0.001700,0.000300,0.001400,0.005900,0.000900,0.003700,0.023000,0.1733,0.059700,0.081100,0.1787,0.045300,0.1714,0.025200,0.1619,0.000200,0.005800,0.075200,0.008900,0.001300,0.000600,0.024100,0.006200,0.011800,0.000900,0.1402,0.015100,0.040100,0.2024,0.069000,0.001300,0.022200,0.002900,0.033100,0.021700,0.016400,8.6907,0.059600,0.006600,0.000200,0,10.0313,0,0,0,0,0,0,0,50,0,0,0,0,1,1,9,9,2,1,1,4,1,1,1,1,1,1,7,7,1,1,50,9,6,42,76,794,950,0,0,0,0,0,-100,-100,-100,-100,600,1440,107.7673,0,0,-0.000000,-1,0,0,0,1,0,13.7344,5,50,75.1289,13.7344,0,0,48.9844,0,100,0,0,0,0,0,0,0,0,0,0.4910,0.4910,1,0.4910,0.4910,17.8069,8.9635,20141,90,568,135,12267.7773,3608.0625,7258.2383,0,15880.6406,10.9538,2.2512,7.4012,10.9538,2.2512,3.0416,33.3333,5.4971,20.5097,0.000200,0.022100,0.000600,0.000700,0.001800,0.008400,0.000700,0.072800,0,0.021500,0.029700,0.038700,0.3355,0.1958,0.020500,0.006100,0.067700,0,0.043300,0.016900,0.1717,0,0.031700,0.1343,0.016100,0.090300,0.4211,1.1680,0.3525,0.057400,3.1089,0.095200,0.031700,0.039500,0.7032,0.075200,0.002100,0.002700,0.061700,0.2038,0.051200,0.000600,0.6148,952,392746,0,0,0,0,0,0,0,0,0.008700,0,0,0,0,0,0,0,0,0,0,0,0,0,0,0,0,0,0,0
,0.029100,0.005600,2,64,0,62,0,0,13,233,29,0,454,3,0,0,12,2,0,0,0,0,0.017200,0.005600,0.3899,0.006600,0.008600,0.001300,0.9267,0.1947,0.063200,0.1326,0.002600,0.022500,0,0,768,256,11229,3565.7148,15494.9102,239.1602,0.003200,3,0.000200,0.008100,0.002500,0.013900,0.1948,0,0,0.058200,0.2581,2.8610,0.067600,0.000300,0.001300,0.000300,0.000400,0.008000,0.007100,0.041000,0.005300,0.034900,0.1237,0.011400,0.006200,0.4243,0.028600,0.010300,0.026900,0.011600,0.019800,0.091000,0.011400,0.1016,0.002500,0.081800,0.009800,0.078800,0.6459,0.005400,2.3595,0.000300,0.1909,0.000500,0.000300,0.032300,0.3028,0.7767,0.026500,1.0701,0.1674,0.001700,0.010100,0.000400,0.088200,0.079400,9.4743,8.7628,13.0955,634,16,0.2500,0,16,3.8438,1,0,0,629,1,0,115,102,13,0,-1,-1,0,-1,-1,13.9904,4.9185,0,1525.2227,1525.2227,1441.5039,95,876,561,322,0,0,0.000900,0,0,0.016300,0.081300,0.000500,0.012800,0.071400,0.043200,0.000900,0.001600,0.000100,0.001600,0.006200,0.001100,0.003900,0.022800,0.1733,0.059200,0.078300,0.1620,0.037900,0.1784,0.034000,0.070400,0.000100,0.001500,0.065800,0.008600,0.001400,0.000500,0.027900,0.006200,0.012100,0.001400,0.1470,0.014400,0.046500,0.2131,0.072100,0.001100,0.033600,0.002800,0.035000,0.022900,0.018200,9.2405,0.062500,0.006600,0.000200,0,10.8242,0,0,0,0,0,0,0,50,0,0,0,0,1,1,9,9,2,1,1,4,1,1,1,1,1,1,7,7,1,1,50,9,6,42,76,794,950,0,0,0,0,0,-100,-100,-100,-100,600,1440,107.7673,0,0,-0.000000,-1,0,0,0,1,0,13.7344,5,50,75.1289,13.7344,0,0,48.9844,0,100,0,0,0,0,0,0,0,0,0,0.4478,0.4478,1,0.4478,0.4478,29.0992,8.9635,20141,90,568,135,12269.0625,3608.0625,7258.2383,0,15875.8398,10.9342,2.0115,8.4844,10.9342,2.0115,3.0105,33.3333,5.6638,20.2094,0.000200,0.021200,0.000600,0.000600,0.001800,0.009000,0.000600,0.072700,0.001000,0.019500,0.019400,0.025500,0.3626,0.1949,0.019400,0.006200,0.062900,0,0.045900,0.013600,0.1791,0,0.031700,0.1399,0.015500,0.087300,0.4328,0.6861,0.3062,0.055100,2.2927,0.094200,0.031700,0.039600,0.6863,0.065100,0.002000,0.002600,0.059800,0.1976,0.051200,0.000500,0.6089,922,385162,0.051700,0,0,0,0,0,0,0,0.009600,0,0,0,0,0,0,0,0,0,0,0,0,0,0,0,0,0,0,0
,0.018800,0.007300,2,57,0,55,0,0,13,233,13,0,454,3,0,0,12,2,0,0,0,0,0.011100,0.009100,0.3576,0.005600,0.009900,0.001100,0.9297,0.1776,0.055800,0.1416,0.001200,0.028100,0.002000,0,768,256,11229,3565.7148,15494.9102,239.1602,0.002100,5,0.000400,0.008500,0.002200,0.015800,0.1889,0,0,0.058600,0.2266,2.5853,0.062600,0.000300,0.001100,0.000200,0.000300,0.006900,0.008300,0.045600,0.005100,0.031500,0.1556,0.011000,0.005600,0.5665,0.028500,0.009300,0.028300,0.011800,0.018600,0.1035,0.009600,0.077300,0.002300,0.081100,0.009300,0.074300,0.6332,0.005600,2.3638,0.000300,0.1891,0.000500,0.000400,0.030000,0.3062,0.6589,0.025300,0.9169,0.1508,0.002700,0.010300,0.000700,0.037200,0.082900,7.0646,8.7628,13.0955,634,16,0.2500,0,16,3.8438,1,0,0,629,1,0,115,102,13,0,-1,-1,0,-1,-1,13.9904,4.9185,0,1525.2227,1525.2227,1525.0977,95,871,551,322,0,0,0.001300,0,0,0.016100,0.092900,0.000600,0.012700,0.086000,0.041400,0.001000,0.001900,0.000300,0.001800,0.006800,0.001100,0.004000,0.025000,0.1367,0.059700,0.076000,0.1760,0.042700,0.1824,0.022500,1.2657,0.000200,0.001800,0.080000,0.011500,0.001800,0.000600,0.029900,0.007300,0.017000,0.001400,0.1629,0.025500,0.048100,0.2230,0.072500,0.001300,0.055000,0.002200,0.021100,0.025400,0.029400,6.8020,0.064100,0.006200,0.000100,0,11.2751,0,0,0,0,0,0,0,50,0,0,0,0,1,1,9,9,2,1,1,4,1,1,1,1,1,1,7,7,1,1,50,9,6,42,76,794,950,0,0,0,0,0,-100,-100,-100,-100,600,1440,107.7673,0,0,-0.000000,-1,0,0,0,1,0,13.7344,5,50,75.1289,13.7344,0,0,48.9844,0,100,0,0,0,0,0,0,0,0,0,1.6012,1.6012,1,1.6012,1.6012,39.2289,8.9635,20141,90,568,135,12269.9531,3608.0625,7258.2383,0,15877.1250,10.1057,3.2530,7.3690,10.1057,3.2530,3.3470,33.3333,5.9842,21.5771,0.000200,0.021900,0.000600,0.000700,0.001800,0.008500,0.000700,0.072900,0,0.029700,0.019500,0.027700,0.3457,0.1941,0.019500,0.006100,0.061800,0.001000,0.045800,0.012700,0.1842,0.005100,0.032000,0.1437,0.015100,0.093700,0.4251,0.6512,0.3906,0.058300,2.0756,0.093200,0.032700,0.038900,0.6895,0.096500,0.001900,0.002500,0.059600,0.1986,0.049200,0.000600,0.6578,957,393250,0,0,0,0,0,0.3282,0.004100,0,0.009200,0,0,0,0,0,0,0,0,0,0,0,0,0,0,0,0,0,0,0
,0.085600,0.015600,2,60,0,58,0,0,13,233,27,0,454,3,0,0,12,2,0,0,0,0,0,0.026100,0.3620,0.006500,0.011500,0.001200,0.9671,0.1979,0.058900,0.1439,0,0.032800,0.001000,1,768,256,11229,3565.7148,15494.9102,239.1602,0,4,0.000500,0.009900,0.002000,0.016300,0.2063,0,0,0.062900,0.2595,2.6591,0.071700,0.000300,0.001300,0.000400,0.000300,0.007400,0.007500,0.050200,0.005300,0.042300,0.1461,0.011600,0.007400,1.8022,0.030700,0.010100,0.034400,0.011600,0.019400,0.092000,0.008000,0.072400,0.002100,0.076000,0.008700,0.072400,0.6366,0.005600,2.4273,0.000300,0.2122,0.000500,0.000400,0.033700,0.3105,0.7117,0.026600,0.9671,0.1653,0.001800,0.010500,0.000500,0.035900,0.3768,7.6531,8.7628,13.0955,634,16,0.2500,0,16,3.8438,1,0,0,629,1,0,115,102,13,0,-1,-1,0,-1,-1,13.9904,4.9185,0,1525.2227,1525.2227,1525.0977,95,870,551,321,0,0,0.001000,0,0,0.016500,0.082000,0.000600,0.012300,0.069500,0.036800,0.000900,0.001700,0.000300,0.001600,0.006400,0.001200,0.004000,0.022800,0.1427,0.055100,0.080100,0.1527,0.040500,0.2090,0.018800,0.5305,0.000300,0.001700,0.065600,0.008900,0.001400,0.000600,0.027400,0.006000,0.011900,0.001500,0.1464,0.014700,0.042200,0.2068,0.067400,0.001100,0.047700,0.002600,0.033400,0.022000,0.022000,7.0264,0.061700,0.007500,0.000200,0,10.1933,0,0,0,0,0,0,0,50,0,0,0,0,1,1,9,9,2,1,1,4,1,1,1,1,1,1,7,7,1,1,50,9,6,42,76,794,950,0,0,0,0,0,-100,-100,-100,-100,600,1440,107.7673,0,0,-0.000000,-1,0,0,0,1,0,13.7344,5,50,75.1289,13.7344,0,0,48.9844,0,100,0,0,0,0,0,0,0,0,0,0.4143,0.4143,1,0.4143,0.4143,48.7830,8.9635,20141,90,568,135,12268.4180,3608.0625,7258.2383,0,15878.0156,9.9308,2.5997,7.2661,9.9308,2.5997,2.9804,33.3333,5.6579,22.2317,0.000300,0.023200,0.000600,0.000700,0.001800,0.007600,0.000600,0.072700,0.001000,0.020500,0.020400,0.031200,0.3554,0.1825,0.019400,0.006200,0.065400,0,0.046500,0.012700,0.1881,0,0.032300,0.1355,0.015000,0.089500,0.4279,0.6878,0.3565,0.057300,3.3876,0.097300,0.032700,0.039500,0.6935,0.091300,0.002000,0.002600,0.063000,0.1957,0.050200,0.000700,0.6071,945,392442,0,0,0,0,0,0,0,0,0.008400,0,0,0,0,0,0,0,0,0,0,0,0,0,0,0,0,0,0,0
,0.014200,0.015200,2,63,0,61,0,0,13,233,24,0,454,3,0,0,12,2,0,0,0,0,0.017600,0.003000,0.3295,0.005200,0.008900,0.001300,0.8650,0.1814,0.066300,0.1594,0.003200,0.028100,0.001200,1,768,256,11229,3565.7148,15494.9102,239.1602,0.003100,4,0.000200,0.007300,0.002000,0.013800,0.3014,0,0,0.058900,0.2920,2.5809,0.073900,0.000200,0.001300,0.000200,0.000200,0.006900,0.006700,0.047900,0.006000,0.030900,0.1497,0.011000,0.006200,1.3752,0.029100,0.009000,0.030800,0.011800,0.018500,0.079300,0.011000,0.073700,0.002300,0.1178,0.008100,0.069700,0.5872,0.005300,2.3177,0.000300,0.1899,0.000500,0.000300,0.029700,0.3094,0.6320,0.023700,0.9406,0.1519,0.002000,0.011000,0.000500,0.037400,0.073700,9.5744,8.7628,13.0955,634,16,0.2500,0,16,3.8438,1,0,0,629,1,0,115,102,13,0,-1,-1,0,-1,-1,13.9904,4.9185,0,1525.2227,1525.2227,1525.0977,95,876,561,321,0,0,0.000900,0,0,0.017100,0.081900,0.000700,0.012000,0.074100,0.043600,0.001000,0.001700,0.000300,0.001800,0.007000,0.001300,0.004100,0.023500,0.1618,0.061900,0.085600,0.1555,0.040900,0.1755,0.025700,0.5979,0.000200,0.001900,0.063800,0.008500,0.001400,0.000400,0.026100,0.006200,0.012400,0.001400,0.1462,0.014600,0.043000,0.2079,0.069700,0.001400,0.039400,0.002700,0.035000,0.022800,0.017600,9.3324,0.059900,0.005700,0.000100,0,9.4636,0,0,0,0,0,0,0,50,0,0,0,0,1,1,9,9,2,1,1,4,1,1,1,1,1,1,7,7,1,1,50,9,6,42,76,794,950,0,0,0,0,0,-100,-100,-100,-100,600,1440,107.7673,0,0,-0.000000,-1,0,0,0,1,0,13.7344,5,50,75.1289,13.7344,0,0,48.9844,0,100,0,0,0,0,0,0,0,0,0,0.9386,0.9386,1,0.9386,0.9386,60.6301,8.9635,20141,90,568,135,12269.5078,3608.0625,7258.2383,0,15876.4805,11.4474,2.5261,8.2127,11.4474,2.5279,2.9840,33.3333,5.5794,21.6879,0.000300,0.021400,0.000500,0.000600,0.002100,0.007900,0.000600,0.073600,0,0.019500,0.028300,0.038000,0.3417,0.1833,0.019400,0.007200,0.066800,0,0.041500,0.021500,0.1727,0,0.033100,0.1310,0.015900,0.095400,0.4415,0.7431,0.3279,0.056300,2.4686,0.094200,0.031700,0.048500,0.6833,0.065800,0.002100,0.002300,0.061400,0.1957,0.050200,0.000600,0.6066,971,394534,0,0,0,0,0,0,0.003500,0.001800,0.008500,0,0,0,0,0,0,0,0,0,0,0,0,0,0,0,0,0,0,0
,0.015200,0.027800,2,72,0,70,0,0,14,233,29,0,454,3,0,0,13,2,0,0,0,0,0.009600,0.008000,0.3387,0.005800,0.008400,0.001200,0.9188,0.1842,0.055600,0.1367,0,0.021900,0.002800,1,768,256,11229,3565.7148,15494.9102,239.1602,0.001900,4,0.000200,0.009200,0.002000,0.019300,0.2878,0,0,0.056500,0.2679,2.6951,0.073400,0.000300,0.001300,0.000200,0.000300,0.007900,0.007800,0.043800,0.005700,0.032600,0.1505,0.013200,0.006200,1.7370,0.029900,0.008900,0.043400,0.012100,0.019300,0.086300,0.008100,0.071800,0.002200,0.1135,0.008000,0.074200,0.5887,0.004500,2.4116,0.000300,0.2030,0.000500,0.000400,0.028500,0.2976,0.7587,0.024700,0.9136,0.4081,0.002200,0.014000,0.000500,0.042600,0.1704,8.3918,8.7628,13.0955,634,16,0.2500,0,16,3.8438,1,0,0,629,1,0,115,102,13,0,-1,-1,0,-1,-1,13.9904,4.9185,0,1525.2227,1525.2227,1441.6289,95,876,561,321,0,0,0.001100,0,0,0.015600,0.085400,0.000600,0.012800,0.072500,0.039600,0.000900,0.001700,0.000600,0.001700,0.006600,0.000800,0.004400,0.021600,0.1607,0.054900,0.075000,0.1520,0.037600,0.2404,0.020200,0.077400,0.000300,0.001600,0.069600,0.008800,0.001200,0.000500,0.028400,0.006800,0.013100,0.001100,0.1496,0.016500,0.045100,0.2045,0.072100,0.001000,0.041200,0.002200,0.017700,0.027100,0.017700,7.8963,0.060000,0.006600,0.000100,0,11.9802,0,0,0,0,0,0,0,50,0,0,0,0,1,1,9,9,2,1,1,4,1,1,1,1,1,1,7,7,1,1,50,9,6,42,76,794,950,0,0,0,0,0,-100,-100,-100,-100,600,1440,107.7673,0,0,-0.000000,-1,0,0,0,1,0,13.7344,5,50,75.1289,13.7344,0,0,48.9844,0,100,0,0,0,0,0,0,0,0,0,0.4290,0.4290,1,0.4290,0.4290,7.8416,8.9635,20141,90,568,135,12269.6367,3608.0625,7258.2383,0,15877.5703,10.3789,2.1640,7.3423,10.3789,2.1640,3.0308,33.3333,5.4841,23.2378,0.000300,0.021800,0.000500,0.000600,0.001600,0.011500,0.000700,0.075100,0,0.019400,0.027200,0.033800,0.8006,0.2828,0.022500,0.006200,0.066900,0,0.044800,0.024700,0.1924,0.006100,0.036000,0.1884,0.016300,0.098200,0.4368,0.7121,0.3936,0.057400,2.0510,0.093200,0.031700,0.039100,0.7188,0.087900,0.002100,0.002500,0.063600,0.2006,0.049200,0.000500,0.9788,978,392808,0,2364,1329,0,0.5474,0,0.005700,0,0.008100,0,0,0,0,0,0,0,0,0,0,0,0,0,0,0,0,0,0,0
,0.086900,0.010800,2,69,0,67,0,0,13,233,28,0,454,3,0,0,12,2,0,0,0,0,0.008100,0.096400,0.3324,0.005800,0.009700,0.001000,0.8491,0.2725,0.055500,0.1195,0.002300,0.2491,0,1,768,256,11229,3565.7148,15494.9102,239.1602,0.001300,3,0.000100,0.008000,0.001900,0.019600,0.1878,0,0,0.060000,0.3228,2.4993,0.074300,0.000200,0.001300,0.000200,0.000200,0.007100,0.007700,0.041900,0.005400,0.030000,0.1625,0.011300,0.005700,1.1293,0.028900,0.008400,0.038800,0.011800,0.019600,0.084600,0.009400,0.071700,0.002200,0.1237,0.008100,0.068500,0.5806,0.005000,2.3789,0.000300,0.1928,0.000500,0.000400,0.031100,0.3170,0.7315,0.025800,0.9799,0.4372,0.002300,0.014100,0.000700,0.037200,0,9.8430,8.7628,13.0955,634,16,0.2500,0,16,3.8438,1,0,0,629,1,0,115,102,13,0,-1,-1,0,-1,-1,13.9904,4.9185,0,1525.2227,1525.2227,1441.5039,95,878,561,321,0,0,0.001000,0,0,0.015300,0.081500,0.000600,0.012700,0.074100,0.044900,0.000900,0.001700,0.000200,0.001600,0.006400,0.000900,0.004000,0.023500,0.1398,0.059600,0.081800,0.1638,0.044500,0.2781,0.018500,0.025200,0.000300,0.001400,0.064900,0.009100,0.001200,0.000500,0.025500,0.006200,0.013100,0.001400,0.1460,0.014700,0.041100,0.1988,0.075300,0.001200,0.043400,0.002700,0.031900,0.021900,0.015900,9.2601,0.072100,0.006500,0.000200,0,9.9742,0,0,0,0,0,0,0,50,0,0,0,0,1,1,9,9,2,1,1,4,1,1,1,1,1,1,7,7,1,1,50,9,6,42,76,794,950,0,0,0,0,0,-100,-100,-100,-100,600,1440,107.7673,0,0,-0.000000,-1,0,0,0,1,0,13.7344,5,50,75.1289,13.7344,0,0,48.9844,0,100,0,0,0,0,0,0,0,0,0,0.4413,0.4413,1,0.4413,0.4413,19.2880,8.9635,20141,90,568,135,12269.9492,3608.0625,7258.2383,0,15877.6992,11.4032,2.0560,7.6322,11.4032,2.0560,2.9754,33.3333,5.5462,23.3605,0.000300,0.021800,0.000600,0.000600,0.002000,0.007800,0.000700,0.071200,0,0.020500,0.026600,0.041000,0.3399,0.2005,0.019500,0.006100,0.061700,0,0.046300,0.023800,0.1881,0.006100,0.032400,0.1359,0.016500,0.090300,1.3732,0.6878,0.3098,0.057300,2.2825,0.095200,0.030700,0.040500,0.6905,0.064200,0.002100,0.002400,0.062300,0.1955,0.050100,0.000700,0.6007,937,387632,0,0,0,0,0,0,0,0,0.008600,0,0,0,0,0,0,0,0,0,0,0,0,0,0,0,0,0,0,0
,0.028700,0.006500,2,56,0,54,0,0,13,233,13,0,454,3,0,0,12,2,0,0,0,0,0.008100,0.004400,0.3494,0.005600,0.009800,0.000900,0.8920,0.1917,0.052800,0.1267,0.001400,0.030700,0,2,768,256,11229,3565.7148,15494.9102,239.1602,0.001500,4,0.000100,0.010000,0.2019,0.017400,0.1813,0,0,0.067100,0.2234,2.5115,0.064700,0.000200,0.001600,0.000300,0.000200,0.006800,0.008100,0.041500,0.005800,0.030600,0.1465,0.010200,0.005900,1.7403,0.033300,0.009800,0.032600,0.012100,0.020200,0.1032,0.012300,0.078800,0.002300,0.1054,0.008300,0.067200,0.5897,0.004400,2.3613,0.000400,0.1908,0.000400,0.000500,0.033700,0.3840,0.7258,0.027700,0.9904,0.1553,0.002300,0.011300,0.000600,0.038000,0,8.6188,8.7628,13.0955,634,16,0.2500,0,16,3.8438,1,0,0,629,1,0,115,102,13,0,-1,-1,0,-1,-1,13.9904,4.9185,0,1525.2227,1525.2227,1525.0977,95,871,551,321,0,0,0.001200,0,0,0.015200,0.084500,0.000700,0.012200,0.070800,0.042200,0.001000,0.001900,0.000100,0.001400,0.006300,0.001200,0.004200,0.025300,0.1443,0.058300,0.093300,0.1560,0.043600,0.1928,0.017900,0.4265,0.000200,0.001700,0.065600,0.008700,0.001300,0.000600,0.027100,0.006400,0.012800,0.001000,0.1477,0.017800,0.045200,0.2104,0.072400,0.001300,0.022600,0.003000,0.035300,0.023400,0.018800,8.0442,0.062600,0.007100,0.000100,0,11.4224,0,0,0,0,0,0,0,50,0,0,0,0,1,1,9,9,2,1,1,4,1,1,1,1,1,1,7,7,1,1,50,9,6,42,76,794,950,0,0,0,0,0,-100,-100,-100,-100,600,1440,107.7673,0,0,-0.000000,-1,0,0,0,1,0,13.7344,5,50,75.1289,13.7344,0,0,48.9844,0,100,0,0,0,0,0,0,0,0,0,0.4064,0.4064,1,0.4064,0.4064,29.6768,8.9635,20141,90,568,135,12269.9492,3608.0625,7258.2383,0,15878.0117,10.4634,2.4848,8.2958,10.4634,2.4848,2.9978,33.3333,5.4363,23.4961,0.000300,0.021300,0.000500,0.000600,0.001800,0.007400,0.000600,0.072700,0.001000,0.017400,0.025800,0.040700,0.3577,0.1854,0.019500,0.005100,0.061100,0,0.049800,0.020100,0.1991,0.005100,0.032500,0.1354,0.014500,0.1013,0.4154,0.7066,0.3955,0.057300,2.0736,0.094200,0.034800,0.039200,0.6912,0.089400,0.001900,0.002600,0.062800,0.1987,0.050200,0.000700,0.5946,991,400696,0,0,0,0,0,0,0.001900,0,0.008800,0,0,0,0,0,0,0,0,0,0,0,0,0,0,0,0,0,0,0
,0.031400,0.014500,2,70,0,68,0,0,14,233,26,0,454,3,0,0,13,2,0,0,0,0,0,0.002000,0.3446,0.007300,0.008000,0.001300,0.9209,0.1855,0.055000,0.1431,0,0.033700,0.001600,0,768,256,11229,3565.7148,15494.9102,239.1602,0,3,0.000300,0.009100,0.002100,0.018900,0.2107,0,0,0.068800,0.2673,2.7789,0.066300,0.000300,0.001400,0.000300,0.000300,0.008000,0.007700,0.044400,0.005400,0.035900,0.1563,0.011800,0.006200,1.7926,0.029900,0.008800,0.035700,0.012000,0.019800,0.088200,0.009600,0.073500,0.003200,0.1059,0.008400,0.067100,0.6009,0.004800,2.4483,0.000500,0.2246,0.000600,0.000600,0.030100,0.3119,0.5960,0.023200,0.9078,0.1052,0.002000,0.010500,0.000500,0.035200,0.066500,9.2508,8.7628,13.0955,634,16,0.2500,0,16,3.8438,1,0,0,629,1,0,115,102,13,0,-1,-1,0,-1,-1,13.9904,4.9185,0,1525.2227,1525.2227,1525.0977,95,871,551,321,0,0,0.001100,0,0,0.014600,0.081600,0.000400,0.011000,0.071400,0.040400,0.000800,0.001400,0.000100,0.001400,0.006200,0.000900,0.003700,0.024300,0.1632,0.059100,0.1019,0.1592,0.047200,0.1725,0.025600,0.1154,0.000200,0.001700,0.062000,0.008600,0.001700,0.000300,0.026700,0.006300,0.012300,0.001100,0.1380,0.014800,0.041500,0.1874,0.070200,0.001200,0.028700,0.002200,0.017900,0.022800,0.016300,8.6969,0.066700,0.007000,0.000300,0,10.5191,0,0,0,0,0,0,0,50,0,0,0,0,1,1,9,9,2,1,1,4,1,1,1,1,1,1,7,7,1,1,50,9,6,42,76,794,950,0,0,0,0,0,-100,-100,-100,-100,600,1440,107.7673,0,0,-0.000000,-1,0,0,0,1,0,13.7344,5,50,75.1289,13.7344,0,0,48.9844,0,100,0,0,0,0,0,0,0,0,0,0.4801,0.4801,1,0.4801,0.4801,40.5166,8.9635,20141,90,568,135,12270.5000,3608.0625,7258.2383,0,15878.0117,10.8854,2.1744,7.3827,10.8854,2.1753,3.2234,33.3333,5.2080,22.7050,0.000300,0.021800,0.000600,0.000600,0.001600,0.008500,0.000600,0.072000,0.001100,0.018400,0.029000,0.039700,0.7743,0.3032,0.019500,0.007200,0.068100,0,0.043800,0.009200,0.6322,0,0.039600,0.1883,0.018800,0.1073,0.4268,0.7053,0.3908,0.063400,2.0675,0.093100,0.030800,0.039600,0.6880,0.093800,0.001800,0.002600,0.064800,0.1977,0.049200,0.000600,0.6217,970,397272,0.048200,0,0,0,0,0,0,0.001000,0.007300,0,0,0,0,0,0,0,0,0,0,0,0,0,0,0,0,0,0,0
,0.014900,0.068000,2,64,0,62,0,0,13,233,45,0,454,3,0,0,12,2,0,0,0,0,0.008400,0.015900,0.3166,0.006100,0.008000,0.000900,0.8605,0.2157,0.052100,0.1309,0.001100,0.024900,0,0,768,256,11229,3565.7148,15494.9102,239.1602,0.002900,3,0.000200,0.010600,0.002000,0.019000,0.1842,0,0,0.058300,0.2688,2.4742,0.067200,0.000200,0.001400,0.000200,0.000200,0.007200,0.007300,0.048000,0.005200,0.032400,0.1026,0.011800,0.006500,1.1818,0.026300,0.008300,0.033900,0.012000,0.019100,0.087000,0.009100,0.071900,0.002000,0.1446,0.008200,0.067000,0.5916,0.004300,2.3459,0.000300,0.1950,0.000600,0.000300,0.029100,0.3058,0.6081,0.024500,0.9068,0.097200,0.001800,0.009600,0.000600,0.034300,0.2401,9.5854,8.7628,13.0955,634,16,0.2500,0,16,3.8438,1,0,0,629,1,0,115,102,13,0,-1,-1,0,-1,-1,13.9904,4.9185,0,1525.2227,1525.2227,1525.0977,95,871,551,321,0,0,0.001100,0,0,0.016800,0.087200,0.000900,0.012700,0.074800,0.042900,0.001100,0.002100,0.000500,0.002000,0.007600,0.001300,0.004400,0.027000,0.1611,0.062200,0.081800,0.1661,0.054000,0.2053,0.019100,0.045100,0.000100,0.006200,0.067400,0.009100,0.001300,0.000600,0.028300,0.006600,0.012900,0.001300,0.1488,0.015700,0.046100,0.2159,0.1490,0.001200,0.050200,0.002200,0.034800,0.024600,0.017500,8.9222,0.059200,0.007000,0.000100,0,10.7025,0,0,0,0,0,0,0,50,0,0,0,0,1,1,9,9,2,1,1,4,1,1,1,1,1,1,7,7,1,1,50,9,6,42,76,794,950,0,0,0,0,0,-100,-100,-100,-100,600,1440,107.7673,0,0,-0.000000,-1,0,0,0,1,0,13.7344,5,50,75.1289,13.7344,0,0,48.9844,0,100,0,0,0,0,0,0,0,0,0,0.4400,0.4400,1,0.4400,0.4400,51.5765,8.9635,20141,90,568,135,12270.8438,3608.0625,7258.2383,0,15878.5625,11.0300,1.9851,8.0046,11.0300,1.9851,3.0362,33.3333,5.4101,23.3151,0.000200,0.020500,0.000600,0.000600,0.001800,0.007000,0.000500,0.072500,0,0.019500,0.025000,0.037300,0.3504,0.1860,0.021600,0.005100,0.062000,0.001000,0.047700,0.007800,0.2172,0,0.032700,0.1340,0.015500,0.090000,0.8711,0.7535,0.3257,0.056400,2.4649,0.096200,0.031800,0.039900,0.6968,0.4916,0.002000,0.002500,0.063700,0.1946,0.050100,0.000600,0.6060,923,385152,0,0,0,0,0,0,0,0,0.008600,0,0,0,0,0,0,0,0,0,0,0,0,0,0,0,0,0,0,0
,0.015000,0.009000,2,57,0,55,0,0,13,233,12,0,454,3,0,0,12,2,0,0,0,0,0.015900,0.008900,0.3064,0.007600,0.007800,0.001000,0.8564,0.1737,0.048500,0.1208,0.001800,0.024300,0,0,768,256,11229,3565.7148,15494.9102,239.1602,0.002000,6,0.000400,0.008600,0.002000,0.017800,0.1828,0,0,0.065100,0.2512,2.4674,0.083300,0.000200,0.001300,0.000300,0.000200,0.006300,0.006500,0.043400,0.005700,0.031100,0.1290,0.011700,0.005700,1.2596,0.027400,0.007900,0.036300,0.011200,0.018900,0.072300,0.008000,0.1022,0.002000,0.082400,0.008500,0.070900,0.5945,0.004500,2.3345,0.000300,0.1884,0.000500,0.000300,0.030000,0.3052,0.5900,0.024300,0.9095,0.1552,0.001900,0.010400,0.000500,0.034700,0.3944,8.6981,8.7628,13.0955,634,16,0.2500,0,16,3.8438,1,0,0,629,1,0,115,102,13,0,-1,-1,0,-1,-1,13.9904,4.9185,0,1525.2227,1525.2227,1525.0977,95,879,561,321,0,0,0.000900,0,0,0.016100,0.080600,0.000800,0.013100,0.068400,0.041000,0.000900,0.001800,0.000300,0.001700,0.006900,0.001200,0.004300,0.022700,0.1287,0.055500,0.076000,0.1507,0.039200,0.2849,0.019900,0,0.000200,0.001600,0.062300,0.008300,0.001300,0.000800,0.026100,0.006500,0.012200,0.001000,0.1364,0.014300,0.039200,0.2028,0.069400,0.001200,0.041400,0.002400,0.032300,0.022500,0.017100,8.1381,0.057300,0.008900,0.000100,0,11.0877,0,0,0,0,0,0,0,50,0,0,0,0,1,1,9,9,2,1,1,4,1,1,1,1,1,1,7,7,1,1,50,9,6,42,76,794,950,0,0,0,0,0,-100,-100,-100,-100,600,1440,107.7673,0,0,-0.000000,-1,0,0,0,1,0,13.7344,5,50,75.1289,13.7344,0,0,48.9844,0,100,0,0,0,0,0,0,0,0,0,0.4415,0.4415,1,0.4415,0.4415,61.6644,8.9635,20141,90,568,135,12270.8438,3608.0625,7258.2383,0,15878.9062,10.1089,2.0880,7.8474,10.1089,2.0880,2.9532,33.3333,5.4496,24.6385,0.000600,0.021600,0.000600,0.000600,0.001500,0.007700,0.000700,0.072400,0.001000,0.017500,0.027100,0.037100,0.3563,0.1879,0.020500,0.006200,0.066400,0.001000,0.044100,0.008800,0.2103,0,0.032100,0.1372,0.016300,0.089300,0.4270,0.6807,0.3891,0.057400,2.0575,0.093100,0.036900,0.039000,0.6878,0.086700,0.001900,0.002500,0.060100,0.1977,0.050200,0.000500,0.5971,945,389226,0,0,0,0,0,0,0,0,0.008000,0,0,0,0,0,0,0,0,0,0,0,0,0,0,0,0,0,0,0
,0.017000,0.006300,2,60,0,58,0,0,13,233,28,0,454,3,0,0,12,2,0,0,0,0,0,0.004400,0.3360,0.004900,0.007400,0.001000,0.8623,0.2154,0.053900,0.1249,0,0.026000,0,0,768,256,11229,3565.7148,15494.9102,239.1602,0,3,0.000200,0.007300,0.001600,0.018300,0.1768,0,0,0.057300,0.2724,2.3764,0.063600,0.000300,0.001400,0.000200,0.000300,0.006600,0.020900,0.040900,0.004700,0.029800,0.1444,0.010500,0.005600,1.3276,0.027400,0.008400,0.033500,0.011500,0.020100,0.094100,0.011000,0.081100,0.002200,0.081500,0.010800,0.071500,0.6222,0.004500,2.3617,0.000200,0.1932,0.000500,0.000400,0.029100,0.3029,0.6254,0.023600,0.9070,0.1529,0.001800,0.010500,0.000400,0.034100,0,8.8894,8.7628,13.0955,634,16,0.2500,0,16,3.8438,1,0,0,629,1,0,115,102,13,0,-1,-1,0,-1,-1,13.9904,4.9185,0,1525.2227,1525.2227,1525.0977,95,844,535,318,0,0,0.001000,0,0,0.014100,0.079800,0.000600,0.011500,0.068800,0.037600,0.000800,0.001800,0.000400,0.001500,0.006700,0.001300,0.004300,0.025900,0.1415,0.056500,0.075400,0.1485,0.041400,0.3131,0.019200,0,0.000300,0.002000,0.064500,0.009100,0.001400,0.001000,0.027700,0.007500,0.012000,0.001100,0.1410,0.014700,0.041600,0.1957,0.068300,0.001000,0.041500,0.002300,0.018600,0.023600,0.018800,8.2387,0.059300,0.006700,0.000100,0,10.1926,0,0,0,0,0,0,0,50,0,0,0,0,1,1,9,9,2,1,1,4,1,1,1,1,1,1,7,7,1,1,50,9,6,42,76,794,950,0,0,0,0,0,-100,-100,-100,-100,600,1440,107.7673,0,0,-0.000000,-1,0,0,0,1,0,13.7344,5,50,75.1289,13.7344,0,0,48.9844,0,100,0,0,0,0,0,0,0,0,0,0.4347,0.4347,1,0.4347,0.4347,9.1811,8.9635,20141,90,568,135,12270.8438,3608.0625,7258.2383,0,15878.9062,10.3464,2.0911,7.3104,10.3464,2.0923,3.0279,33.3333,5.6506,23.7053,0.000200,0.021700,0.000600,0.000600,0.001400,0.007800,0.000600,0.074400,0,0.018400,0.030700,0.040400,0.3342,0.2266,0.021500,0.006100,0.070700,0,0.047100,0.019400,0.1855,0.006100,0.032000,0.1388,0.016400,0.099700,0.4276,1.6703,0.3103,0.057300,2.2991,0.095300,0.030700,0.039500,0.6917,0.096900,0.002300,0.004900,0.061900,0.1964,0.049200,0.000700,0.5989,952,392106,0,2326,1303,0,0.4095,0,0,0.001300,0.008300,0,0,0,0,0,0,0,0,0,0,0,0,0,0,0,0,0,0,0
,0.015200,0.006400,2,64,0,62,0,0,13,233,28,0,454,3,0,0,12,2,0,0,0,0,0.015700,0.009000,0.3192,0.005500,0.010200,0.001100,0.8245,0.1756,0.051000,0.1226,0.001300,0.029100,0.000900,1,768,256,11229,3565.7148,15494.9102,239.1602,0.002800,5,0.000100,0.012800,0.002300,0.012800,0.1802,0,0,0.052900,0.2446,2.4058,0.059000,0.000200,0.001300,0.000300,0.000200,0.007000,0.007000,0.041100,0.005200,0.031500,0.1279,0.009500,0.006300,1.4203,0.026100,0.008900,0.027000,0.010900,0.017400,0.081600,0.010800,0.066600,0.001900,0.081000,0.008800,0.070500,0.5971,0.004200,2.2948,0.000300,0.1869,0.000500,0.000500,0.029200,0.3004,0.5703,0.023700,0.8834,0.1725,0.001800,0.009800,0.000500,0.035000,0.048300,7.7999,8.7628,13.0955,634,16,0.2500,0,16,3.8438,1,0,0,629,1,0,115,102,13,0,-1,-1,0,-1,-1,13.9904,4.9185,0,1525.2227,1525.2227,1525.0977,95,844,535,318,0,0,0.001000,0,0,0.015200,0.081600,0.000500,0.014900,0.8047,0.040900,0.000900,0.001600,0.000200,0.001400,0.006000,0.001000,0.003800,0.022900,0.1654,0.074600,0.082400,0.1542,0.048400,0.1621,0.024900,0.1322,0.000300,0.001400,0.074500,0.008400,0.001600,0.000500,0.025100,0.006500,0.013600,0.001100,0.1513,0.016900,0.043100,0.2131,0.077300,0.001200,0.045300,0.002300,0.033100,0.023700,0.017600,7.2100,0.053700,0.006400,0,0,10.2427,0,0,0,0,0,0,0,50,0,0,0,0,1,1,9,9,2,1,1,4,1,1,1,1,1,1,7,7,1,1,50,9,6,42,76,794,950,0,0,0,0,0,-100,-100,-100,-100,600,1440,107.7673,0,0,-0.000000,-1,0,0,0,1,0,13.7344,5,50,75.1289,13.7344,0,0,48.9844,0,100,0,0,0,0,0,0,0,0,0,0.4933,0.4933,1,0.4933,0.4933,19.2500,8.9635,20141,90,568,135,12270.8438,3608.0625,7258.2383,0,15878.9062,10.0881,2.8092,8.3928,10.0881,2.8092,2.8333,33.3333,5.4838,24.5899,0.000200,0.020700,0.000600,0.000600,0.001600,0.007900,0.001800,0.071400,0,0.017300,0.026800,0.035900,0.3568,0.1850,0.019500,0.005100,0.067400,0,0.045200,0.012000,0.060800,0.005100,0.032300,0.1319,0.015100,0.087900,0.4246,0.6809,0.3061,0.058400,2.2876,0.094200,0.030700,0.038600,0.6917,0.087400,0.001900,0.002600,0.061600,0.1957,0.049100,0.000700,0.5918,911,384500,0,0,0,0,0,0,0,0,0.007800,0,0,0,0,0,0,0,0,0,0,0,0,0,0,0,0,0,0,0
,0.014200,0.013900,2,57,0,55,0,0,13,233,11,0,454,3,0,0,12,2,0,0,0,0,0,0.012400,0.3282,0.005800,0.008100,0.001000,0.8581,0.1917,0.054200,0.1246,0.002100,0.028400,0.002300,0,768,256,11229,3565.7148,15494.9102,239.1602,0.001800,5,0.000500,0.007300,0.002000,0.014700,0.1805,0,0,0.055600,0.3121,2.3253,0.066300,0.000300,0.001300,0.000200,0.000300,0.007200,0.007200,0.039800,0.005100,0.033100,0.1625,0.010800,0.006000,1.8004,0.028100,0.007900,0.039800,0.010900,0.018600,0.076100,0.010500,0.078500,0.002100,0.081200,0.008700,0.069900,0.6049,0.004300,2.3331,0.000300,0.1814,0.000600,0.000400,0.028400,0.3120,0.5564,0.022700,0.8627,0.1152,0.001600,0.010100,0.000700,0.032900,0,8.6217,8.7628,13.0955,634,16,0.2500,0,16,3.8438,1,0,0,629,1,0,115,102,13,0,-1,-1,0,-1,-1,13.9904,4.9185,0,1525.2227,1525.2227,1525.0977,95,844,535,318,0,0,0.001200,0,0,0.013700,0.077800,0.000600,0.011200,0.065500,0.038800,0.000800,0.001500,0.000100,0.001400,0.005900,0.000900,0.003800,0.023500,0.2123,0.056000,0.076700,0.1541,0.045200,0.1102,0.031600,0.059600,0.000200,0.001600,0.061900,0.008500,0.001200,0.000600,0.025100,0.006000,0.012000,0.001100,0.1284,0.013800,0.038300,0.1920,0.065900,0.001300,0.038600,0.002500,0.030500,0.020900,0.015400,7.9966,0.061000,0.006600,0.000100,0,10.1191,0,0,0,0,0,0,0,50,0,0,0,0,1,1,9,9,2,1,1,4,1,1,1,1,1,1,7,7,1,1,50,9,6,42,76,794,950,0,0,0,0,0,-100,-100,-100,-100,600,1440,107.7673,0,0,-0.000000,-1,0,0,0,1,0,13.7344,5,50,75.1289,13.7344,0,0,48.9844,0,100,0,0,0,0,0,0,0,0,0,0.4215,0.4215,1,0.4215,0.4215,29.2090,8.9635,20141,90,568,135,12270.8438,3608.0625,7258.2383,0,15878.9062,9.9372,2.0379,7.2233,9.9372,2.0389,2.7369,33.3333,5.4765,24.9847,0.000600,0.020900,0.000600,0.000600,0.001900,0.012900,0.000700,0.074100,0.001100,0.020500,0.027900,0.034800,0.3447,0.1894,0.020500,0.005100,0.067700,0,0.044400,0.011400,0.064700,0.005100,0.033000,0.1306,0.015200,0.089300,0.4263,0.7163,0.3418,0.056300,2.4832,0.095300,0.030700,0.039500,0.6881,0.088800,0.002200,0.002400,0.061500,0.1925,0.050200,0.000600,0.7620,931,389000,0,0,0,0,0,0,0,0.001200,0.007900,0,0,0,0,0,0,0,0,0,0,0,0,0,0,0,0,0,0,0
,0.017100,0.005600,2,60,0,58,0,0,13,233,25,0,454,3,0,0,12,2,0,0,0,0,0.016300,0.003500,0.3172,0.007100,0.009200,0.001000,0.9245,0.1658,0.081300,0.1556,0.001100,0.023700,0,0,768,256,11229,3565.7148,15494.9102,239.1602,0.001600,3,0,0.008400,0.001600,0.012300,0.3636,0,0,0.053800,0.2260,2.7407,0.058300,0.000200,0.001200,0.000200,0.000400,0.007100,0.006200,0.039100,0.005300,0.030400,0.1086,0.010700,0.005800,0.6266,0.026100,0.009000,0.026800,0.011100,0.017800,0.090300,0.012200,0.073500,0.002500,0.074400,0.007900,0.067100,0.6060,0.004900,2.3683,0.000300,0.1995,0.000600,0.000500,0.029200,0.3024,0.7248,0.023400,0.9354,0.1799,0.001900,0.009000,0.000500,0.036600,0.2766,8.7164,8.7628,13.0955,634,16,0.2500,0,16,3.8438,1,0,0,629,1,0,115,102,13,0,-1,-1,0,-1,-1,13.9904,4.9185,0,1525.2227,1525.2227,1525.0977,95,879,535,318,0,0,0.001100,0,0,0.013900,0.074900,0.000700,0.010900,0.068900,0.042000,0.000600,0.001900,0.000300,0.001400,0.006200,0.000900,0.004000,0.022400,0.1581,0.056600,0.084600,0.1535,0.035400,0.1474,0.022600,0.1549,0.000200,0.001700,0.061400,0.007900,0.001200,0.000400,0.025300,0.005900,0.012600,0.001000,0.1321,0.013600,0.038700,0.1744,0.062800,0.001100,0.020300,0.002900,0.015700,0.022200,0.015400,8.2563,0.054800,0.006200,0.000100,0,10.0242,0,0,0,0,0,0,0,50,0,0,0,0,1,1,9,9,2,1,1,4,1,1,1,1,1,1,7,7,1,1,50,9,6,42,76,794,950,0,0,0,0,0,-100,-100,-100,-100,600,1440,107.7673,0,0,-0.000000,-1,0,0,0,1,0,13.7344,5,50,75.1289,13.7344,0,0,48.9844,0,100,0,0,0,0,0,0,0,0,0,0.4758,0.4758,1,0.4758,0.4758,39.5232,8.9635,20141,90,568,135,12270.8438,3608.0625,7258.2383,0,15878.9062,10.2939,2.1013,7.2031,10.2939,2.1030,2.8083,33.3333,5.3589,25.0649,0.000700,0.020900,0.000700,0.000600,0.001800,0.010500,0.000600,0.075100,0.001000,0.021500,0.022000,0.025700,0.3563,0.1844,0.021500,0.006200,0.061000,0,0.044900,0.010600,0.065300,0.005100,0.032900,0.1354,0.015700,0.089200,0.9113,0.7058,0.3348,0.059400,2.9135,0.097300,0.035800,0.039100,0.6904,0.096200,0.001900,0.002600,0.062600,0.1946,0.050200,0.000700,0.5989,941,392084,0,0,0,0,0,0.3761,0,0.001800,0.007900,0,0,0,0,0,0,0,0,0,0,0,0,0,0,0,0,0,0,0
,0.014300,0.017200,2,64,0,62,0,0,13,233,27,0,454,3,0,0,12,2,0,0,0,0,0,0.008400,0.3348,0.007100,0.008800,0.001100,0.8500,0.1876,0.050700,0.1239,0,0.024400,0,1,768,256,11229,3565.7148,15494.9102,239.1602,0,4,0.000200,0.007800,0.002200,0.013600,0.1775,0,0,0.072100,0.5695,2.7610,0.062900,0.000500,0.001300,0.000200,0.000200,0.006500,0.006300,0.037900,0.004800,0.030000,0.1339,0.010600,0.006100,1.2774,0.026900,0.008300,0.033300,0.011200,0.018100,0.083600,0.010500,0.074000,0.001900,0.076100,0.007600,0.068900,0.6034,0.004300,2.3152,0.000200,0.1749,0.000600,0.000300,0.026600,0.3013,0.6908,0.022100,0.8774,0.1644,0.001600,0.009000,0.000400,0.032200,0,9.2119,8.7628,13.0955,634,16,0.2500,0,16,3.8438,1,0,0,629,1,0,115,102,13,0,-1,-1,0,-1,-1,13.9904,4.9185,0,1525.2227,1525.2227,1525.0977,95,879,535,318,0,0,0.000700,0,0,0.013800,0.078700,0.000800,0.010800,0.065000,0.038500,0.000900,0.001500,0.000200,0.001800,0.006700,0.000800,0.003500,0.020900,0.1518,0.053300,0.081300,0.1524,0.039100,0.1785,0.018400,0.033600,0.000200,0.001700,0.059700,0.007700,0.001300,0.000500,0.024100,0.005900,0.011100,0.001000,0.1281,0.013900,0.038800,0.1995,0.069300,0.001200,0.030100,0.002400,0.031800,0.022500,0.016600,8.3008,0.056500,0.006600,0.000200,0,10.3735,0,0,0,0,0,0,0,50,0,0,0,0,1,1,9,9,2,1,1,4,1,1,1,1,1,1,7,7,1,1,50,9,6,42,76,794,950,0,0,0,0,0,-100,-100,-100,-100,600,1440,107.7673,0,0,-0.000000,-1,0,0,0,1,0,13.7344,5,50,75.1289,13.7344,0,0,48.9844,0,100,0,0,0,0,0,0,0,0,0,0.3875,0.3875,1,0.3875,0.3875,49.8816,8.9635,20141,90,568,135,12270.8594,3608.0625,7258.2383,0,15878.9062,10.3940,1.9941,8.1271,10.3940,1.9941,2.7401,33.3333,5.4156,24.9033,0.000200,0.022200,0.000500,0.000700,0.001600,0.008200,0.000600,0.073900,0,0.019500,0.026100,0.039200,0.3396,0.1857,0.019400,0.005100,0.064700,0,0.044100,0.012000,0.084100,0.005100,0.032800,0.1307,0.015200,0.091500,0.4288,0.6924,0.3910,0.057400,2.0633,0.094200,0.031700,0.039700,0.6826,0.098300,0.001800,0.002000,0.061100,0.1956,0.050100,0.000500,0.6064,1025,393462,0.050200,0,0,0,0,0,0,0,0.008700,0,0,0,0,0,0,0,0,0,0,0,0,0,0,0,0,0,0,0
,0.012900,0.005900,2,57,0,55,0,0,13,233,12,0,454,3,0,0,12,2,0,0,0,0,0.018700,0.002100,0.3195,0.005400,0.009000,0.000900,0.8582,0.1869,0.053400,0.1206,0.002300,0.033300,0,1,768,256,11229,3565.7148,15494.9102,239.1602,0.003800,5,0.001100,0.008300,0.002200,0.012900,0.1793,0,0,0.051700,0.2799,2.8352,0.068400,0.000200,0.001400,0.000200,0.000200,0.006600,0.006000,0.044300,0.006100,0.031400,0.1300,0.010900,0.006600,1.5427,0.029400,0.008400,0.032800,0.012000,0.018000,0.084600,0.008900,0.071200,0.002200,0.082500,0.007800,0.071700,0.5855,0.004400,2.3179,0.000300,0.1782,0.000800,0.000400,0.026700,0.3569,0.7446,0.023100,0.9051,0.1862,0.001700,0.009400,0.000400,0.033400,0.017500,9.0805,8.7628,13.0955,634,16,0.2500,0,16,3.8438,1,0,0,629,1,0,115,102,13,0,-1,-1,0,-1,-1,13.9904,4.9185,0,1525.2227,1525.2227,1525.0977,95,879,535,318,0,0,0.001000,0,0,0.015200,0.074400,0.000400,0.011500,0.067000,0.050000,0.000900,0.001400,0.000300,0.001500,0.005800,0.001100,0.004500,0.020600,0.1348,0.058100,0.074800,0.1546,0.037800,0.2187,0.020200,0.056600,0.000300,0.001300,0.061300,0.008200,0.001700,0.000500,0.024800,0.006100,0.012200,0.001200,0.1311,0.013800,0.040700,0.1908,0.063500,0.001000,0.043100,0.002300,0.031500,0.022600,0.016100,8.4862,0.056700,0.006600,0.000300,0,10.3208,0,0,0,0,0,0,0,50,0,0,0,0,1,1,9,9,2,1,1,4,1,1,1,1,1,1,7,7,1,1,50,9,6,42,76,794,950,0,0,0,0,0,-100,-100,-100,-100,600,1440,107.7673,0,0,-0.000000,-1,0,0,0,1,0,13.7344,5,50,75.1289,13.7344,0,0,48.9844,0,100,0,0,0,0,0,0,0,0,0,0.4211,0.4211,1,0.4211,0.4211,60.4383,8.9635,20141,90,568,135,12270.8594,3608.0625,7258.2383,0,15878.9219,10.5667,2.0909,7.1805,10.5667,2.0922,2.8275,33.3333,5.3879,25.3239,0.000200,0.023400,0.000600,0.000600,0.001600,0.007600,0.000600,0.074700,0,0.020600,0.027700,0.039900,0.3640,0.2343,0.020500,0.005100,0.068600,0,0.048600,0.015900,0.6437,0.005100,0.033700,0.1414,0.017600,0.5395,0.4200,0.7525,0.3470,0.058300,2.4249,0.094200,0.030700,0.038900,0.6908,0.097400,0.001900,0.002400,0.060500,0.1986,0.049200,0.000700,0.6156,1033,390342,0,0,0,0,0,0,0.004800,0.001500,0.007300,0,0,0,0,0,0,0,0,0,0,0,0,0,0,0,0,0,0,0
,0.087400,0.011700,2,57,0,55,0,0,13,233,12,0,454,3,0,0,12,2,0,0,0,0,0,0.024700,0.3287,0.006800,0.008000,0.001100,0.8419,0.2076,0.047700,0.1213,0.001100,0.022700,0,1,768,256,11229,3565.7148,15494.9102,239.1602,0.001300,6,0.000200,0.2617,0.002000,0.011600,0.1851,0,0,0.052500,0.2504,2.7865,0.065500,0.000200,0.001300,0.000200,0.000200,0.006400,0.006200,0.044400,0.005500,0.031800,0.1166,0.011400,0.005800,1.3021,0.027100,0.008500,0.033600,0.010900,0.019000,0.077900,0.011100,0.074400,0.001800,0.079500,0.007600,0.065800,0.5796,0.004500,2.5403,0.000400,0.2249,0.000600,0.000200,0.031400,0.3003,0.7434,0.024000,0.8928,0.1676,0.001600,0.010000,0.000600,0.035300,0.2448,9.2431,8.7628,13.0955,634,16,0.2500,0,16,3.8438,1,0,0,629,1,0,115,102,13,0,-1,-1,0,-1,-1,13.9904,4.9185,0,1525.2227,1525.2227,1525.0977,95,880,535,318,0,0,0.000600,0,0,0.014200,0.080000,0.000400,0.010800,0.072000,0.054700,0.000800,0.001700,0.000400,0.001400,0.005700,0.000900,0.003600,0.020200,0.1760,0.057700,0.097400,0.1735,0.037500,0.1933,0.019300,0.044300,0.000200,0.001800,0.066600,0.008900,0.001400,0.000400,0.028600,0.006400,0.012600,0.001200,0.1486,0.014900,0.043100,0.1887,0.072500,0.001100,0.041100,0.003100,0.016100,0.022600,0.018000,8.6619,0.057800,0.006700,0.000200,0,10.5355,0,0,0,0,0,0,0,50,0,0,0,0,1,1,9,9,2,1,1,4,1,1,1,1,1,1,7,7,1,1,50,9,6,42,76,794,950,0,0,0,0,0,-100,-100,-100,-100,600,1440,107.7673,0,0,-0.000000,-1,0,0,0,1,0,13.7344,5,50,75.1289,13.7344,0,0,48.9844,0,100,0,0,0,0,0,0,0,0,0,0.4271,0.4271,1,0.4271,0.4271,7.8801,8.9635,20141,90,568,135,12270.8594,3608.0625,7258.2383,0,15878.9219,10.8036,2.1070,8.2863,10.8036,2.1070,2.8166,33.3333,5.3347,24.9418,0.000600,0.021800,0.000500,0.000700,0.001700,0.008400,0.001600,0.071100,0,0.018400,0.021600,0.039300,0.3439,0.2278,0.019500,0.005100,0.062700,0,0.045100,0.013400,0.081700,0.005100,0.030600,0.1351,0.016500,0.098900,0.4272,0.7228,0.3115,0.057300,2.4510,0.095300,0.033800,0.040700,1.1220,0.097900,0.001700,0.002800,0.064900,0.2017,0.047200,0.000600,0.5950,1020,391448,0,2430,1370,0,0.4886,0,0,0,0.007900,0,0,0,0,0,0,0,0,0,0,0,0,0,0,0,0,0,0,0
,0.026700,0.006400,2,56,0,54,0,0,13,233,13,0,454,3,0,0,12,2,0,0,0,0,0.009700,0.005200,0.3368,0.005100,0.008600,0.000700,0.8475,0.1748,0.049700,0.1243,0.001000,0.025900,0.001100,0,768,256,11229,3565.7148,15494.9102,239.1602,0.001900,3,0.000300,0.009000,0.002200,0.014200,0.2358,0,0,0.056400,0.3480,2.8247,0.073000,0.000200,0.001200,0.000200,0.000300,0.006300,0.006200,0.044000,0.005100,0.031500,0.1540,0.010500,0.005500,1.7427,0.025700,0.008200,0.031700,0.011800,0.018800,0.081500,0.016400,0.071300,0.001900,0.088900,0.009300,0.068500,0.5962,0.005000,2.3542,0.000200,0.1872,0.000800,0.000400,0.026400,0.3051,0.7028,0.030200,0.8963,0.4373,0.001900,0.012600,0.000500,0.033800,0.063100,9.5036,8.7628,13.0955,634,16,0.2500,0,16,3.8438,1,0,0,629,1,0,115,102,13,0,-1,-1,0,-1,-1,13.9904,4.9185,0,1525.2227,1525.2227,1441.5039,95,880,535,318,0,0,0.001200,0,0,0.015900,0.080200,0.000600,0.012900,0.065500,0.035700,0.000900,0.001500,0.000200,0.001600,0.005900,0.001100,0.003600,0.023400,0.1230,0.053500,0.077400,0.1375,0.042900,0.2632,0.019300,0,0.000200,0.001500,0.070700,0.007300,0.001000,0.000600,0.022700,0.005800,0.011400,0.001100,0.1256,0.014500,0.036000,0.1992,0.067800,0.001200,0.041000,0.002400,0.032600,0.023000,0.016700,8.8729,0.056000,0.006300,0.000100,0,10.8064,0,0,0,0,0,0,0,50,0,0,0,0,1,1,9,9,2,1,1,4,1,1,1,1,1,1,7,7,1,1,50,9,6,42,76,794,950,0,0,0,0,0,-100,-100,-100,-100,600,1440,107.7673,0,0,-0.000000,-1,0,0,0,1,0,13.7344,5,50,75.1289,13.7344,0,0,48.9844,0,100,0,0,0,0,0,0,0,0,0,0.4206,0.4206,1,0.4206,0.4206,18.7633,8.9635,20141,90,568,135,12271.0430,3608.0625,7258.2383,0,15878.9219,10.8772,2.0304,7.6124,10.8772,2.0304,2.8690,33.3333,5.2636,24.6774,0.000300,0.021000,0.000600,0.000600,0.001600,0.007400,0.000600,0.073800,0,0.020500,0.028700,0.040700,0.3573,0.1826,0.018400,0.006100,0.066500,0,0.046800,0.013400,0.089500,0.005200,0.031700,0.1367,0.015600,0.089000,0.4236,0.7070,0.3394,0.056300,2.4834,0.094200,0.031700,0.038100,0.6902,0.096400,0.001800,0.002500,0.061300,0.1956,0.050200,0.000600,0.6020,1070,403496,0,0,0,0,0,0,0,0,0.007500,0,0,0,0,0,0,0,0,0,0,0,0,0,0,0,0,0,0,0
,0.030300,0.068100,2,73,0,71,0,0,14,233,26,0,454,3,0,0,13,2,0,0,0,0,0.019600,0.004100,0.3325,0.006000,0.009300,0.001200,0.8331,0.2099,0.048700,0.1236,0.001000,0.029900,0,0,768,256,11229,3565.7148,15494.9102,239.1602,0.002000,3,0.000400,0.020900,0.001900,0.013100,0.1743,0,0,0.087200,0.1928,2.9907,0.068000,0.000200,0.001400,0.000200,0.000200,0.006600,0.007200,0.044500,0.005500,0.031100,0.098600,0.010100,0.005600,1.2097,0.029000,0.008600,0.031500,0.011400,0.019700,0.080400,0.012200,0.091900,0.002200,0.080900,0.008800,0.071200,0.5783,0.005100,2.3018,0.000200,0.1821,0.000500,0.000300,0.029300,0.2964,0.6844,0.023200,0.9424,0.1112,0.001800,0.009600,0.000500,0.032200,0,9.8676,8.7628,13.0955,634,16,0.2500,0,16,3.8438,1,0,0,629,1,0,115,102,13,0,-1,-1,0,-1,-1,13.9904,4.9185,0,1525.2227,1525.2227,1525.0977,95,908,561,321,0,0,0.001000,0,0,0.014900,0.077900,0.000500,0.011200,0.066600,0.038800,0.000900,0.001500,0.000300,0.001500,0.005700,0.001100,0.004100,0.022500,0.1469,0.054600,0.082900,0.1497,0.042900,0.2205,0.017600,0.019400,0.000100,0.005200,0.061200,0.007900,0.001200,0.000500,0.024700,0.006500,0.012200,0.001100,0.1332,0.014400,0.039100,0.1958,0.065200,0.001100,0.040000,0.002200,0.031600,0.022100,0.015400,9.3234,0.057700,0.006000,0.000200,0,10.8789,0,0,0,0,0,0,0,50,0,0,0,0,1,1,9,9,2,1,1,4,1,1,1,1,1,1,7,7,1,1,50,9,6,42,76,794,950,0,0,0,0,0,-100,-100,-100,-100,600,1440,107.7673,0,0,-0.000000,-1,0,0,0,1,0,13.7344,5,50,75.1289,13.7344,0,0,48.9844,0,100,0,0,0,0,0,0,0,0,0,0.4099,0.4099,1,0.4099,0.4099,30.1096,8.9635,20141,90,568,135,12271.2148,3608.0625,7258.2383,0,15879.1055,11.3408,2.0250,7.2887,11.3408,2.0250,2.8228,33.3333,5.2861,25.3456,0.000600,0.021500,0.000500,0.000600,0.001900,0.008400,0.000600,0.072600,0.001000,0.020500,0.029800,0.040900,0.3395,0.1967,0.019500,0.007200,0.068400,0,0.047100,0.012500,0.088800,0.005100,0.029600,0.1340,0.015500,0.090000,0.4255,0.7761,0.3192,0.057400,2.4514,0.095300,0.030700,0.038900,0.6827,0.072600,0.002500,0.004500,0.061300,0.1978,0.050100,0.000600,0.5952,1068,405174,0,0,0,0,0,0,0,0,0.008400,0,0,0,0,0,0,0,0,0,0,0,0,0,0,0,0,0,0,0
,0.018000,0.005400,2,64,0,62,0,0,13,233,45,0,454,3,0,0,12,2,0,0,0,0,0.007600,0.008400,0.3177,0.006100,0.009200,0.000900,0.8154,0.2002,0.048800,0.1263,0.001200,0.032200,0,1,768,256,11229,3565.7148,15494.9102,239.1602,0.014100,5,0.000200,0.007800,0.002200,0.012200,0.1888,0,0,0.055100,0.2908,2.5363,0.066200,0.000200,0.001100,0.000200,0.000500,0.006100,0.006400,0.040600,0.004700,0.030500,0.096200,0.009200,0.005000,1.6086,0.028100,0.008600,0.037100,0.011000,0.021900,0.081600,0.009800,0.074400,0.001900,0.1106,0.008100,0.066900,0.5967,0.004500,2.3518,0.000200,0.2108,0.000600,0.000400,0.031900,0.3906,0.7148,0.024900,0.9404,0.5567,0.001900,0.009700,0.000400,0.044200,0.1590,8.7460,8.7628,13.0955,634,16,0.2500,0,16,3.8438,1,0,0,629,1,0,115,102,13,0,-1,-1,0,-1,-1,13.9904,4.9185,0,1525.2227,1525.2227,1441.6289,95,874,561,321,0,0,0.001900,0,0,0.014300,0.082400,0.000500,0.015200,0.072100,0.040100,0.000800,0.001200,0.000200,0.001300,0.005400,0.001000,0.003200,0.023200,0.1671,0.058400,0.079100,0.1621,0.045000,0.1895,0.029500,0.1032,0.000200,0.001600,0.066400,0.008000,0.001500,0.000600,0.026800,0.006600,0.011800,0.001100,0.1469,0.014800,0.044900,0.1998,0.072300,0.001100,0.043500,0.002300,0.019600,0.024200,0.017900,8.2463,0.058700,0.006600,0.000100,0,11.3361,0,0,0,0,0,0,0,50,0,0,0,0,1,1,9,9,2,1,1,4,1,1,1,1,1,1,7,7,1,1,50,9,6,42,76,794,950,0,0,0,0,0,-100,-100,-100,-100,600,1440,107.7673,0,0,-0.000000,-1,0,0,0,1,0,13.7344,5,50,75.1289,13.7344,0,0,48.9844,0,100,0,0,0,0,0,0,0,0,0,0.5009,0.5009,1,0.5009,0.5009,40.5297,8.9635,20141,90,568,135,12271.2539,3608.0625,7258.2383,0,15879.2773,10.3534,2.1200,8.0593,10.3534,2.1200,3.0638,33.3333,5.3606,24.8779,0.000200,0.021300,0.000600,0.000600,0.001600,0.006900,0.000600,0.072800,0,0.020500,0.029400,0.039900,0.3479,0.2003,0.019400,0.005200,0.061400,0,0.045500,0.016100,0.1850,0.005200,0.032100,0.1390,0.016000,0.096800,0.4352,0.7485,0.3281,0.057300,2.4768,0.095200,0.031700,0.047300,0.7019,0.095700,0.002200,0.002600,0.057900,0.2171,0.062500,0.000700,1.1561,1019,390178,0,0,0,0,0,0,0,0,0.008700,0,0,0,0,0,0,0,0,0,0,0,0,0,0,0,0,0,0,0
,0.015200,0.4017,2,56,0,54,0,0,13,233,12,0,454,3,0,0,12,2,0,0,0,0,0.009000,0.001900,0.3370,0.005700,0.009300,0.000900,0.9349,0.1855,0.052500,0.1330,0.000800,0.032800,0.002500,2,768,256,11229,3565.7148,15494.9102,239.1602,0.002300,2,0.000300,0.091400,0.002200,0.020200,0.1887,0,0,0.060200,0.2081,2.4941,0.061800,0.000300,0.001400,0.000200,0.000200,0.007700,0.006200,0.038800,0.004500,0.030300,0.1031,0.010100,0.005600,0.8579,0.026000,0.008000,0.029100,0.024300,0.018400,0.086200,0.010800,0.074500,0.002100,0.1177,0.007600,0.072900,0.6091,0.004800,2.3188,0.000200,0.1814,0.000500,0.000400,0.028300,0.2962,0.6476,0.022900,0.8696,0.1420,0.001700,0.009200,0.000500,0.036300,0,9.6467,8.7628,13.0955,634,16,0.2500,0,16,3.8438,1,0,0,629,1,0,115,102,13,0,-1,-1,0,-1,-1,13.9904,4.9185,0,1525.2227,1525.2227,1525.0977,95,871,551,321,0,0,0.000900,0,0,0.013600,0.076200,0.000500,0.011000,0.066500,0.040900,0.001000,0.001400,0.000300,0.001600,0.006300,0.001100,0.003500,0.020900,0.1474,0.058900,0.083100,0.1486,0.036900,0.1705,0.032200,0.056200,0.000400,0.001400,0.061600,0.008100,0.001300,0.000600,0.026600,0.006200,0.011600,0.001100,0.1329,0.014300,0.040500,0.1955,0.066000,0.001100,0.020100,0.003100,0.030300,0.021600,0.016500,9.0910,0.071300,0.005700,0.000100,0,10.4580,0,0,0,0,0,0,0,50,0,0,0,0,1,1,9,9,2,1,1,4,1,1,1,1,1,1,7,7,1,1,50,9,6,42,76,794,950,0,0,0,0,0,-100,-100,-100,-100,600,1440,107.7673,0,0,-0.000000,-1,0,0,0,1,0,13.7344,5,50,75.1289,13.7344,0,0,48.9844,0,100,0,0,0,0,0,0,0,0,0,0.4000,0.4000,1,0.4000,0.4000,51.6647,8.9635,20141,90,568,135,12271.2539,3608.0625,7258.2383,0,15879.3164,11.1665,2.0993,7.9653,11.1665,2.0993,2.7351,33.3333,5.4771,24.4709,0.000300,0.022400,0.000600,0.000600,0.002000,0.008700,0.000600,0.073500,0.001000,0.023600,0.029900,0.037800,0.3579,0.1904,0.019500,0.006100,0.067400,0,0.046100,0.025100,0.2182,0.006200,0.033000,0.1298,0.015600,0.089300,0.4249,0.6936,0.3404,0.057400,2.4062,0.093200,0.030700,0.038700,0.6883,0.1069,0.004000,0.004700,0.060300,0.1967,0.050200,0.000700,0.6013,998,399666,0,0,0,0,0,0,0.005000,0,0.007900,0,0,0,0,0,0,0,0,0,0,0,0,0,0,0,0,0,0,0
,0.019900,0.016800,2,76,0,74,0,0,14,233,43,0,454,3,0,0,13,2,0,0,0,0,0.007900,0.016000,0.3293,0.005200,0.009700,0.001200,0.8680,0.1677,0.050700,0.1192,0.000900,0.032700,0,0,768,256,11229,3565.7148,15494.9102,239.1602,0.002200,6,0.000200,0.008200,0.015100,0.017800,0.1870,0,0,0.051400,0.2155,2.5451,0.067700,0.000200,0.001600,0.000200,0.000300,0.006100,0.007500,0.039700,0.005700,0.036100,0.1615,0.010300,0.006000,1.5919,0.028100,0.009100,0.057900,0.011200,0.019300,0.087800,0.010300,0.080300,0.002300,0.1104,0.009100,0.065900,0.5812,0.004100,2.3226,0.000200,0.1811,0.000600,0.000400,0.028800,0.3578,0.6130,0.023500,0.8987,0.1730,0.001900,0.009500,0.000500,0.033300,0.082600,7.1057,8.7628,13.0955,634,16,0.2500,0,16,3.8438,1,0,0,629,1,0,115,102,13,0,-1,-1,0,-1,-1,13.9904,4.9185,0,1525.2227,1525.2227,1525.0977,95,871,551,321,0,0,0.000800,0,0,0.012900,0.078200,0.000400,0.011200,0.068900,0.040700,0.000900,0.001400,0.000200,0.001500,0.006200,0.001200,0.003700,0.022300,0.1268,0.058300,0.075000,0.1702,0.043100,1.1645,0.015800,0,0.000200,0.001800,0.064800,0.008100,0.001400,0.000600,0.025500,0.005900,0.011800,0.001200,0.1362,0.013600,0.040700,0.2125,0.067400,0.001200,0.032000,0.002300,0.043500,0.020800,0.020400,6.8149,0.055500,0.006800,0.000100,0,11.1059,0,0,0,0,0,0,0,50,0,0,0,0,1,1,9,9,2,1,1,4,1,1,1,1,1,1,7,7,1,1,50,9,6,42,76,794,950,0,0,0,0,0,-100,-100,-100,-100,600,1440,107.7673,0,0,-0.000000,-1,0,0,0,1,0,13.7344,5,50,75.1289,13.7344,0,0,48.9844,0,100,0,0,0,0,0,0,0,0,0,0.4478,0.4478,1,0.4478,0.4478,61.4375,8.9635,20141,90,568,135,12271.2539,3608.0625,7258.2383,0,15879.3164,9.5436,2.9337,7.3777,9.5436,2.9337,3.0151,33.3333,5.7654,24.8217,0.000600,0.020800,0.000500,0.000600,0.001500,0.007200,0.001500,0.073200,0,0.019500,0.021600,0.038500,0.3453,0.1918,0.019400,0.007200,0.065900,0,0.045500,0.025100,0.2337,0,0.032200,0.1321,0.015800,0.092700,0.4288,0.7367,0.3238,0.056300,3.1027,0.096200,0.030700,0.038800,0.6911,0.093800,0.002000,0.002400,0.062000,0.1956,0.050100,0.000600,0.6392,952,392298,0.2655,0,0,0,0,0,0,0,0.008300,0,0,0,0,0,0,0,0,0,0,0,0,0,0,0,0,0,0,0
,0.018000,0.005700,2,63,0,61,0,0,13,233,29,0,454,3,0,0,12,2,0,0,0,0,0.011000,0,0.3198,0.005900,0.009300,0.000800,0.8505,0.2042,0.050900,0.1216,0.001000,0.025400,0.002400,0,768,256,11229,3565.7148,15494.9102,239.1602,0.002000,0,0.000500,0.010800,0.002400,0.018900,0.1801,0,0,0.072900,0.2356,2.8805,0.089500,0.000200,0.001300,0.000300,0.000500,0.006700,0.006100,0.045500,0.004500,0.046600,0.1484,0.015000,0.006200,1.3685,0.027400,0.008700,0.037100,0.011200,0.018600,0.074100,0.011700,0.075700,0.001900,0.097900,0.007700,0.066800,0.5858,0.004400,2.2861,0.000300,0.1773,0.000500,0.000300,0.029200,0.3812,0.7595,0.025000,0.9542,0.1632,0.002100,0.010600,0.000400,0.037200,0.055800,8.7661,8.7628,13.0955,634,16,0.2500,0,16,3.8438,1,0,0,629,1,0,115,102,13,0,-1,-1,0,-1,-1,13.9904,4.9185,0,1525.2227,1525.2227,1525.0977,95,880,535,317,0,0,0.000800,0,0,0.018300,0.081300,0.000500,0.012400,0.065100,0.037600,0.000800,0.001700,0.000200,0.001400,0.005900,0.001100,0.003800,0.023800,0.1434,0.056100,0.076700,0.1509,0.040600,0.2294,0.017400,0,0.000300,0.001600,0.067900,0.021600,0.001100,0.000700,0.028600,0.007100,0.013300,0.001400,0.1400,0.014200,0.039600,0.1948,0.066800,0.001500,0.048800,0.002600,0.018700,0.024600,0.016500,8.1823,0.058700,0.006800,0.000200,0,9.7759,0,0,0,0,0,0,0,50,0,0,0,0,1,1,9,9,2,1,1,4,1,1,1,1,1,1,7,7,1,1,50,9,6,42,76,794,950,0,0,0,0,0,-100,-100,-100,-100,600,1440,107.7673,0,0,-0.000000,-1,0,0,0,1,0,13.7344,5,50,75.1289,13.7344,0,0,48.9844,0,100,0,0,0,0,0,0,0,0,0,0.4077,0.4077,1,0.4077,0.4077,10.4983,8.9635,20141,90,568,135,12271.2539,3608.0625,7258.2383,0,15879.3164,10.5113,2.0490,8.0796,10.5113,2.0490,2.6470,33.3333,5.3209,24.5799,0.000300,0.021400,0.000600,0.000500,0.001600,0.007800,0.000600,0.073500,0,0.017500,0.042000,0.037500,0.3620,0.1924,0.018500,0.006100,0.064500,0,0.051600,0.025100,0.2256,0,0.031500,0.1349,0.015700,0.087800,0.4283,0.6541,0.3012,0.055300,2.3203,0.094200,0.031700,0.037800,0.6910,0.1017,0.003300,0.003600,0.059400,0.1957,0.049200,0.000600,0.6030,977,395006,0,2252,1265,0,1.1100,0,0,0,0.009100,0,0,0,0,0,0,0,0,0,0,0,0,0,0,0,0,0,0,0
,0.015200,0.017100,2,73,0,71,0,0,14,233,31,0,454,3,0,0,13,2,0,0,0,0,0,0,0.3269,0.005400,0.007400,0.001100,0.8799,0.1679,0.058500,0.1340,0.000900,0.020800,0.001600,2,768,256,11229,3565.7148,15494.9102,239.1602,0.001400,2,0.000300,0.010400,0.002800,0.019600,0.1849,0,0,0.056600,0.3395,2.7110,0.064700,0.000200,0.001500,0.000300,0.000300,0.007500,0.007400,0.039300,0.005900,0.031100,0.1576,0.012400,0.005900,1.8532,0.031500,0.008700,0.039700,0.011300,0.018100,0.079100,0.010100,0.074800,0.002200,0.1003,0.007900,0.066500,0.5710,0.004200,2.3008,0.000200,0.1909,0.000600,0.000500,0.028100,0.2993,0.7384,0.022200,0.8731,0.1816,0.002000,0.009500,0.000700,0.036100,0,9.0939,8.7628,13.0955,634,16,0.2500,0,16,3.8438,1,0,0,629,1,0,115,102,13,0,-1,-1,0,-1,-1,13.9904,4.9185,0,1525.2227,1525.2227,1525.0977,95,880,535,317,0,0,0.001000,0,0,0.014200,0.081700,0.000800,0.011900,0.071600,0.042600,0.000800,0.001900,0.000100,0.001500,0.006200,0.000900,0.003900,0.022600,0.1514,0.058800,0.081200,0.1712,0.058300,0.1737,0.021700,0.2704,0.000300,0.001600,0.064000,0.008800,0.001400,0.000700,0.026700,0.006600,0.011800,0.001000,0.1435,0.014300,0.040000,0.2135,0.068200,0.001100,0.042400,0.002600,0.034600,0.024100,0.019000,8.3793,0.058100,0.007000,0.000100,0,10.3077,0,0,0,0,0,0,0,50,0,0,0,0,1,1,9,9,2,1,1,4,1,1,1,1,1,1,7,7,1,1,50,9,6,42,76,794,950,0,0,0,0,0,-100,-100,-100,-100,600,1440,107.7673,0,0,-0.000000,-1,0,0,0,1,0,13.7344,5,50,75.1289,13.7344,0,0,48.9844,0,100,0,0,0,0,0,0,0,0,0,0.5149,0.5149,1,0.5149,0.5149,21.2938,8.9635,20141,90,568,135,12271.2539,3608.0625,7258.2383,0,15879.3164,10.7771,2.3897,7.4582,10.7771,2.3897,2.8552,33.3333,5.4723,24.3779,0.000200,0.022100,0.000600,0.000600,0.001700,0.013300,0.001600,0.075900,0,0.020500,0.027400,0.036700,0.3354,0.1861,0.020500,0.005100,0.067000,0,0.045500,0.009700,0.082900,0.005100,0.032300,0.1339,0.015600,0.089400,0.4290,0.7248,0.3648,0.057300,2.4504,0.096300,0.030700,0.039000,0.6944,0.094100,0.001800,0.002400,0.061300,0.1955,0.049100,0.000600,0.7981,1026,397996,0,0,0,0,0,0,0,0,0.008000,0,0,0,0,0,0,0,0,0,0,0,0,0,0,0,0,0,0,0
,0.024900,0.006100,2,59,0,57,0,0,13,233,27,0,454,3,0,0,12,2,0,0,0,0,0.016600,0,0.3296,0.005500,0.010200,0.001000,0.8891,0.1884,0.050400,0.1285,0.001300,0.023800,0.001000,1,768,256,11229,3565.7148,15494.9102,239.1602,0.001200,5,0.000100,0.009500,0.002400,0.018600,0.1704,0,0,0.059400,0.3150,2.7653,0.070400,0.000200,0.001200,0.000300,0.000400,0.006800,0.007300,0.039600,0.005600,0.032300,0.095800,0.010100,0.005500,1.6053,0.027100,0.009400,0.036300,0.011700,0.019500,0.072000,0.009700,0.077000,0.002000,0.096800,0.008100,0.068500,0.6202,0.006000,2.3702,0.000300,0.1941,0.000500,0.000500,0.031200,0.3194,0.7998,0.025700,0.9645,0.1072,0.002100,0.011700,0.000500,0.035900,0,9.4943,8.7628,13.0955,634,16,0.2500,0,16,3.8438,1,0,0,629,1,0,115,102,13,0,-1,-1,0,-1,-1,13.9904,4.9185,0,1525.2227,1525.2227,1525.0977,95,880,535,317,0,0,0.001000,0,0,0.015900,0.081300,0.000600,0.013200,0.068500,0.038800,0.000700,0.001400,0.000100,0.001500,0.005800,0.001100,0.004400,0.023300,0.1549,0.056700,0.081900,0.1565,0.039600,0.2074,0.031900,0.064200,0.000300,0.001600,0.065600,0.009400,0.001400,0.000600,0.025200,0.006700,0.012200,0.001300,0.1405,0.016000,0.041400,0.2101,0.066900,0.001100,0.040200,0.003100,0.034300,0.023800,0.018400,8.8290,0.059000,0.007200,0.000100,0,10.7332,0,0,0,0,0,0,0,50,0,0,0,0,1,1,9,9,2,1,1,4,1,1,1,1,1,1,7,7,1,1,50,9,6,42,76,794,950,0,0,0,0,0,-100,-100,-100,-100,600,1440,107.7673,0,0,-0.000000,-1,0,0,0,1,0,13.7344,5,50,75.1289,13.7344,0,0,48.9844,0,100,0,0,0,0,0,0,0,0,0,0.4583,0.4583,1,0.4583,0.4583,32.2638,8.9635,20141,90,568,135,12271.2539,3608.0625,7258.2383,0,15879.3164,10.9738,2.1522,7.2375,10.9738,2.1533,2.8285,33.3333,5.3096,25.0312,0.000200,0.021900,0.000600,0.000700,0.001700,0.008000,0.000700,0.073100,0.001000,0.019400,0.027700,0.036200,0.3579,0.1862,0.019400,0.006200,0.066400,0,0.047000,0.008100,0.084300,0.005100,0.032700,0.1333,0.016300,0.089700,0.4269,0.7006,0.3424,0.057400,2.9371,0.096200,0.032800,0.039700,0.6898,0.089800,0.001900,0.002600,0.062700,0.1996,0.050200,0.000600,0.5881,1102,407870,0,0,0,0,0,0,0.005500,0.001400,0.009600,0,0,0,0,0,0,0,0,0,0,0,0,0,0,0,0,0,0,0
,0.017000,0.021400,2,80,0,78,0,0,14,233,42,0,454,3,0,0,13,2,0,0,0,0,0.007900,0.024300,0.3420,0.005700,0.008700,0.001200,0.9122,0.1701,0.054100,0.1337,0.001400,0.024800,0,0,768,256,11229,3565.7148,15494.9102,239.1602,0.001800,4,0,0.008300,0.002100,0.019100,0.2019,0,0,0.061300,0.2404,2.9439,0.063900,0.000200,0.001300,0.000300,0.000300,0.006300,0.007000,0.041700,0.006300,0.033400,0.1392,0.012100,0.006200,1.2118,0.028600,0.009700,0.034400,0.011900,0.019200,0.081900,0.009200,0.076900,0.002100,0.086600,0.016000,0.069800,0.5966,0.005000,2.3681,0.000500,0.1894,0.000500,0.000300,0.031100,0.3143,0.8549,0.027000,0.9270,0.1578,0.002300,0.010800,0.000500,0.042500,0.4394,9.3028,8.7628,13.0955,634,16,0.2500,0,16,3.8438,1,0,0,629,1,0,115,102,13,0,-1,-1,0,-1,-1,13.9904,4.9185,0,1525.2227,1525.2227,1525.0977,95,885,535,317,0,0,0.000700,0,0,0.014300,0.081300,0.000700,0.012500,0.069600,0.039000,0.001000,0.001500,0.000300,0.001300,0.005600,0.000800,0.003700,0.022700,0.1543,0.059900,0.078300,0.1642,0.035800,0.1576,0.025600,0.1392,0.000100,0.001600,0.065000,0.008400,0.001600,0.000800,0.025100,0.006400,0.012200,0.001100,0.1360,0.014300,0.039300,0.1932,0.069200,0.001300,0.043400,0.002700,0.017600,0.022800,0.018300,8.7553,0.061300,0.006800,0.000100,0.002700,10.9979,0,0,0,0,0,0,0,50,0,0,0,0,1,1,9,9,2,1,1,4,1,1,1,1,1,1,7,7,1,1,50,9,6,42,76,794,950,0,0,0,0,0,-100,-100,-100,-100,600,1440,107.7673,0,0,-0.000000,-1,0,0,0,1,0,13.7344,5,50,75.1289,13.7344,0,0,48.9844,0,100,0,0,0,0,0,0,0,0,0,0.4747,0.4747,1,0.4747,0.4747,43.1816,8.9635,20141,90,568,135,12271.2891,3608.0625,7258.2383,0,15879.3164,10.9078,2.1763,7.7171,10.9078,2.1775,2.8157,33.3333,5.1558,24.1101,0.000300,0.022400,0.000700,0.000700,0.001700,0.008000,0.000600,0.073500,0,0.020400,0.027300,0.038600,0.3290,0.1898,0.019400,0.006200,0.067300,0,0.044600,0.008400,0.079700,0.005200,0.032700,0.1300,0.016300,0.088500,0.4292,0.7524,0.3245,0.055300,2.4628,0.095300,0.031700,0.037600,0.6942,0.085500,0.002000,0.002400,0.060300,0.1957,0.049100,0.000700,0.5972,1027,390182,0,0,0,0,0,0,0,0.001400,0.007900,0,0,0,0,0,0,0,0,0,0,0,0,0,0,0,0,0,0,0
,0.015000,0.018400,2,57,0,55,0,0,13,233,16,0,454,3,0,0,12,2,0,0,0,0,0,0.014600,0.3425,0.004800,0.008600,0.001200,0.9188,0.2065,0.061200,0.1400,0.001300,0.023300,0.004300,0,768,256,11229,3565.7148,15494.9102,239.1602,0.001500,6,0.000500,0.018400,0.002500,0.021100,0.3262,0,0,0.065000,0.2913,2.9650,0.069700,0.000200,0.001500,0.000200,0.000200,0.007500,0.009600,0.043100,0.005000,0.033300,0.1131,0.012700,0.005900,1.8430,0.030300,0.008500,0.034500,0.012200,0.019300,0.083300,0.013600,0.075300,0.002400,0.082900,0.008300,0.068900,0.5733,0.004600,2.3240,0.000300,0.1920,0.000500,0.000500,0.028400,0.3136,0.7022,0.024000,0.9193,0.1060,0.001800,0.010300,0.000500,0.049600,0,9.4560,8.7628,13.0955,634,16,0.2500,0,16,3.8438,1,0,0,629,1,0,115,102,13,0,-1,-1,0,-1,-1,13.9904,4.9185,0,1525.2227,1525.2227,1525.0977,95,907,561,322,0,0,0.001100,0,0,0.015100,0.081000,0.000700,0.012900,0.069600,0.040900,0.000700,0.001600,0.000300,0.001400,0.006300,0.001300,0.004000,0.022500,0.1601,0.057200,0.080500,0.1505,0.042300,0.2027,0.021200,0.2434,0.000200,0.001600,0.062100,0.008100,0.001100,0.000500,0.025100,0.006500,0.012200,0.001200,0.1402,0.015100,0.042600,0.2103,0.070900,0.000900,0.042400,0.002200,0.034100,0.022300,0.019100,8.7229,0.063100,0.007200,0.000100,0,10.8982,0,0,0,0,0,0,0,50,0,0,0,0,1,1,9,9,2,1,1,4,1,1,1,1,1,1,7,7,1,1,50,9,6,42,76,794,950,0,0,0,0,0,-100,-100,-100,-100,600,1440,107.7673,0,0,-0.000000,-1,0,0,0,1,0,13.7344,5,50,75.1289,13.7344,0,0,48.9844,0,100,0,0,0,0,0,0,0,0,0,0.6539,0.6539,1,0.6539,0.6539,54.3158,8.9635,20141,90,568,135,12271.5039,3608.0625,7258.2383,0,15879.3516,11.1487,2.2867,7.2383,11.1487,2.3089,2.8558,33.3333,5.2983,22.4607,0.000600,0.023700,0.000600,0.000500,0.001700,0.011900,0.000600,0.075300,0,0.020500,0.030000,0.034300,0.3572,0.1937,0.019400,0.006200,0.067600,0,0.046000,0.019900,0.093000,0.006100,0.033100,0.1341,0.015800,0.089700,0.4265,0.7035,0.3520,0.056400,2.4893,0.095200,0.031800,0.037700,0.6995,0.1048,0.001900,0.002500,0.061600,0.1995,0.050200,0.000600,0.6714,1018,390408,0,0,0,0,0,0,0.003300,0.022300,0.008600,0,0,0,0,0,0,0,0,0,0,0,0,0,0,0,0,0,0,0
,0.014800,0.008900,2,56,0,54,0,0,13,233,11,0,454,3,0,0,12,2,0,0,0,0,0.016700,0.050700,0.3947,0.005600,0.008100,0.000800,1.0213,0.1754,0.068500,0.1262,0.000800,0.024900,0.002700,1,768,256,11229,3565.7148,15494.9102,239.1602,0.001600,5,0.000100,0.007900,0.001900,0.013600,0.1819,0,0,0.054700,0.2454,2.5621,0.066000,0.000300,0.001100,0.000300,0.000200,0.006000,0.007100,0.1152,0.006000,0.031800,0.1362,0.011100,0.005700,1.3170,0.026700,0.008700,0.037800,0.011900,0.018500,0.091500,0.009400,0.072400,0.002100,0.072500,0.007500,0.069800,0.5914,0.004600,2.3045,0.000300,0.1794,0.000800,0.000400,0.027500,0.3715,0.6954,0.024100,0.8926,0.095800,0.001600,0.008700,0.000500,0.034500,0.3810,9.5229,8.7628,13.0955,634,16,0.2500,0,16,3.8438,1,0,0,629,1,0,115,102,13,0,-1,-1,0,-1,-1,13.9904,4.9185,0,1525.2227,1525.2227,1525.0977,95,879,561,322,0,0,0.000900,0,0,0.015200,0.081500,0.000600,0.015200,0.072800,0.043200,0.001000,0.001900,0.000400,0.001900,0.007000,0.001400,0.003800,0.024400,0.1807,0.061800,0.086600,0.1610,0.038600,0.1654,0.027500,0.087700,0.000100,0.005200,0.063300,0.008300,0.001200,0.000500,0.025800,0.006500,0.011300,0.001200,0.1372,0.015500,0.041300,0.2068,0.071900,0.001400,0.021600,0.003200,0.035900,0.022300,0.017000,8.9859,0.058400,0.006400,0.000100,0,11.1149,0,0,0,0,0,0,0,50,0,0,0,0,1,1,9,9,2,1,1,4,1,1,1,1,1,1,7,7,1,1,50,9,6,42,76,794,950,0,0,0,0,0,-100,-100,-100,-100,600,1440,107.7673,0,0,-0.000000,-1,0,0,0,1,0,13.7344,5,50,75.1289,13.7344,0,0,48.9844,0,100,0,0,0,0,0,0,0,0,0,0.4632,0.4632,1,0.4632,0.4632,2.5186,8.9635,20141,90,568,135,12271.6289,3608.0625,7258.2383,0,15879.5664,11.1041,2.2340,7.2825,11.1041,2.2340,3.0102,33.3333,5.3448,23.4169,0.000200,0.021900,0.000600,0.000700,0.001600,0.008000,0.000700,0.073000,0.001100,0.020500,0.020000,0.032100,0.3337,0.2002,0.019400,0.005100,0.065100,0,0.046000,0.012100,0.2081,0.005100,0.032600,0.1372,0.015700,0.087900,0.4281,0.7620,0.3523,0.057400,3.2297,0.096300,0.031700,0.038900,0.6930,0.084100,0.001900,0.002400,0.062200,0.1987,0.049100,0.000600,0.5954,1023,389866,0,2145,1191,0,0.3836,0,0,0,0.008700,0,0,0,0,0,0,0,0,0,0,0,0,0,0,0,0,0,0,0
,0.014000,0.010400,2,56,0,54,0,0,13,233,11,0,454,3,0,0,12,2,0,0,0,0,0.009200,0.019000,0.3256,0.009900,0.009300,0.000800,0.8281,0.2349,0.049600,0.1227,0.001000,0.022800,0.003400,1,768,256,11229,3565.7148,15494.9102,239.1602,0.001500,6,0.000400,0.008900,0.002000,0.013300,0.1689,0,0,0.060200,0.2898,3.0416,0.069400,0.000400,0.001400,0.000200,0.000200,0.007300,0.006300,0.043000,0.005100,0.030900,0.1473,0.010500,0.006000,1.5672,0.029900,0.008600,0.041000,0.012100,0.029900,0.086600,0.011700,0.080700,0.002000,0.078200,0.008800,0.070200,0.6205,0.005900,2.3610,0.000300,0.1996,0.000600,0.000400,0.033300,0.3184,0.7578,0.023900,0.9382,0.2132,0.002100,0.012500,0.000500,0.041700,0.041700,9.0390,8.7628,13.0955,634,16,0.2500,0,16,3.8438,1,0,0,629,1,0,115,102,13,0,-1,-1,0,-1,-1,13.9904,4.9185,0,1525.2227,1525.2227,1525.0977,95,904,561,322,0,0,0.000800,0,0,0.015700,0.079400,0.000900,0.012100,0.068900,0.038500,0.000800,0.001500,0.000400,0.001500,0.006300,0.000900,0.004000,0.021100,0.1461,0.055700,0.073800,0.1572,0.043000,0.2238,0.020000,0.037700,0.000400,0.001400,0.062600,0.008300,0.001400,0.000500,0.025600,0.005900,0.011600,0.001000,0.1347,0.014200,0.040500,0.1939,0.070600,0.001400,0.030400,0.002700,0.017800,0.023200,0.015500,8.6265,0.058400,0.006100,0.000100,0,11.2144,0,0,0,0,0,0,0,50,0,0,0,0,1,1,9,9,2,1,1,4,1,1,1,1,1,1,7,7,1,1,50,9,6,42,76,794,950,0,0,0,0,0,-100,-100,-100,-100,600,1440,107.7673,0,0,-0.000000,-1,0,0,0,1,0,13.7344,5,50,75.1289,13.7344,0,0,48.9844,0,100,0,0,0,0,0,0,0,0,0,0.4304,0.4304,1,0.4304,0.4304,13.2086,8.9635,20141,90,568,135,12271.6289,3608.0625,7258.2383,0,15879.6914,10.5580,2.1531,8.1229,10.5580,2.1531,2.9811,33.3333,5.6504,23.4351,0.000200,0.021900,0.000600,0.000800,0.001700,0.007900,0.000700,0.073100,0,0.019400,0.028600,0.038600,0.3605,0.1951,0.018500,0.006100,0.061500,0,0.045400,0.011100,0.2137,0.005100,0.033200,0.1331,0.015400,0.091800,0.4280,0.9585,0.3268,0.057400,2.4626,0.095300,0.031700,0.038900,0.6998,0.090500,0.001800,0.003100,0.061200,0.1915,0.050200,0.000700,0.5884,992,396412,0.1684,0,0,0,0,0,0,0,0.009000,0,0,0,0,0,0,0,0,0,0,0,0,0,0,0,0,0,0,0
,0.014100,0.009500,2,73,0,71,0,0,14,233,27,0,454,3,0,0,13,2,0,0,0,0,0.008900,0.012200,0.3518,0.006400,0.010000,0.001100,0.9009,0.1726,0.056900,0.1677,0.001700,0.045200,0.001700,1,768,256,11229,3565.7148,15494.9102,239.1602,0.002400,2,0.000300,0.010100,0.002500,0.015100,0.1972,0,0,0.069400,0.3603,2.9809,0.074700,0.000200,0.001300,0.000200,0.000200,0.007400,0.008100,0.051000,0.005200,0.034600,0.1346,0.010000,0.006900,1.4564,0.029700,0.009200,0.037700,0.012100,0.019700,0.077400,0.009500,0.066800,0.002700,0.078600,0.007800,0.071900,0.6064,0.004500,2.5024,0.000400,0.1946,0.000700,0.000300,0.029500,0.3511,0.7368,0.023400,0.9220,0.4014,0.002000,0.011800,0.000500,0.044300,0.4201,9.5037,8.7628,13.0955,634,16,0.2500,0,16,3.8438,1,0,0,629,1,0,115,102,13,0,-1,-1,0,-1,-1,13.9904,4.9185,0,1525.2227,1525.2227,1441.5039,95,879,535,318,0,0,0.001000,0,0,0.016700,0.083200,0.000500,0.011400,0.070300,0.038000,0.000800,0.001600,0.000200,0.001500,0.006500,0.001500,0.004400,0.023200,0.1272,0.056800,0.075100,0.1593,0.041100,0.2152,0.019500,0.1144,0.000300,0.002300,0.069500,0.008700,0.001200,0.000800,0.033200,0.006800,0.012400,0.001500,0.1419,0.014600,0.042300,0.2220,0.071200,0.001200,0.047700,0.002600,0.033400,0.023200,0.022100,8.8890,0.063100,0.008200,0.000100,0.001800,10.7186,0,0,0,0,0,0,0,50,0,0,0,0,1,1,9,9,2,1,1,4,1,1,1,1,1,1,7,7,1,1,50,9,6,42,76,794,950,0,0,0,0,0,-100,-100,-100,-100,600,1440,107.7673,0,0,-0.000000,-1,0,0,0,1,0,13.7344,5,50,75.1289,13.7344,0,0,48.9844,0,100,0,0,0,0,0,0,0,0,0,0.4121,0.4121,1,0.4121,0.4121,24.3420,8.9635,20141,90,568,135,12271.5977,3608.0625,7258.2383,0,15879.6914,11.2967,2.1676,7.6023,11.2967,2.1685,2.9412,33.3333,5.7667,22.4553,0.000200,0.023500,0.000600,0.000700,0.001600,0.010500,0.001600,0.074800,0,0.019500,0.030300,0.034500,0.3355,0.2235,0.021500,0.006100,0.066900,0,0.044800,0.012200,0.2059,0.005100,0.032700,0.1434,0.017200,0.098600,0.4187,0.6874,0.2998,0.057400,2.2816,0.093200,0.030700,0.038000,0.6889,0.090600,0.001800,0.002600,0.063100,0.1947,0.050100,0.000600,0.6755,1061,403808,0,0,0,0,0,0,0.002300,0.001100,0.007800,0,0,0,0,0,0,0,0,0,0,0,0,0,0,0,0,0,0,0
,0.1117,0.006300,2,64,0,62,0,0,13,233,42,0,454,3,0,0,12,2,0,0,0,0,0.008100,0.002100,0.3198,0.005200,0.009100,0.000900,0.8528,0.2015,0.050000,0.1247,0.000900,0.041800,0,0,768,256,11229,3565.7148,15494.9102,239.1602,0.001100,3,0,0.009100,0.001900,0.013700,0.2000,0,0,0.068700,0.2033,3.5507,0.059700,0.000300,0.001100,0.000300,0.000200,0.006200,0.006300,0.040100,0.005400,0.030200,0.092400,0.010300,0.005700,0.8952,0.029400,0.009000,0.029500,0.013300,0.018700,0.088800,0.012300,0.070700,0.002100,0.076800,0.009100,0.069200,0.6201,0.005000,2.3302,0.000400,0.1892,0.000700,0.000300,0.030900,0.3480,0.7411,0.022900,0.8885,0.1548,0.001700,0.009600,0.000500,0.037000,0,9.8286,8.7628,13.0955,634,16,0.2500,0,16,3.8438,1,0,0,629,1,0,115,102,13,0,-1,-1,0,-1,-1,13.9904,4.9185,0,1525.2227,1525.2227,1525.0977,95,879,535,318,0,0,0.000800,0,0,0.014900,0.083200,0.000600,0.011600,0.074800,0.039300,0.000900,0.002000,0.000300,0.002000,0.008100,0.001200,0.004000,0.025000,0.1506,0.061500,0.081300,0.1470,0.047700,0.1853,0.020100,0.4940,0.000300,0.001600,0.065500,0.008800,0.001200,0.000500,0.027300,0.005600,0.012600,0.001100,0.1487,0.016900,0.043300,0.2104,0.067900,0.001200,0.039600,0.002800,0.032400,0.023700,0.018400,9.2477,0.061500,0.006200,0.000100,0,11.0505,0,0,0,0,0,0,0,50,0,0,0,0,1,1,9,9,2,1,1,4,1,1,1,1,1,1,7,7,1,1,50,9,6,42,76,794,950,0,0,0,0,0,-100,-100,-100,-100,600,1440,107.7673,0,0,-0.000000,-1,0,0,0,1,0,13.7344,5,50,75.1289,13.7344,0,0,48.9844,0,100,0,0,0,0,0,0,0,0,0,0.8562,0.8562,1,0.8562,0.8562,36.1014,8.9635,20141,90,568,135,12271.5820,3608.0625,7258.2383,0,15879.6602,11.7507,2.5297,7.3056,11.7507,2.5307,3.0798,33.3333,6.0304,22.4274,0.000200,0.022900,0.000600,0.000600,0.001700,0.007500,0.000700,0.072000,0,0.019300,0.019400,0.025100,0.3372,0.1980,0.019500,0.005100,0.062000,0,0.045300,0.011300,0.072800,0.005100,0.031800,0.1301,0.016200,0.088000,0.4271,0.7561,0.3206,0.054300,3.7038,0.096200,0.030700,0.039500,0.6905,0.096500,0.002000,0.002700,0.063700,0.1987,0.050200,0.000600,0.5932,1018,389918,0,0,0,0,0,0,0,0.001200,0.008700,0,0,0,0,0,0,0,0,0,0,0,0,0,0,0,0,0,0,0
,0.015200,0.023100,2,57,0,55,0,0,13,233,9,0,454,3,0,0,12,2,0,0,0,0,0,0.002900,0.3328,0.006100,0.009900,0.001000,0.8439,0.1742,0.053300,0.1298,0,0.028600,0,0,768,256,11229,3565.7148,15494.9102,239.1602,0,2,0.000200,0.008300,0.002000,0.014300,0.1913,0,0,0.054200,0.2344,2.8697,0.067300,0.000200,0.001400,0.000200,0.000400,0.007000,0.007200,0.042900,0.005900,0.033000,0.1346,0.011000,0.006300,1.3476,0.025500,0.007900,0.029500,0.012200,0.018700,0.083700,0.008700,0.084400,0.002400,0.079300,0.008200,0.071200,0.5919,0.004700,2.3241,0.000300,0.1780,0.000600,0.000300,0.028400,0.3012,0.7169,0.023800,0.9375,0.1112,0.002200,0.010500,0.000700,0.035900,0.1079,9.2082,8.7628,13.0955,634,16,0.2500,0,16,3.8438,1,0,0,629,1,0,115,102,13,0,-1,-1,0,-1,-1,13.9904,4.9185,0,1525.2227,1525.2227,1525.0977,95,879,535,318,0,0,0.001000,0,0,0.014300,0.083900,0.000600,0.011000,0.074100,0.039300,0.001100,0.001500,0.000700,0.001800,0.007000,0.000900,0.003700,0.023300,0.1644,0.056800,0.078800,0.1514,0.046600,0.1564,0.025600,0.1260,0.000200,0.001400,0.068700,0.008600,0.001500,0.000600,0.027200,0.006500,0.013600,0.000800,0.1409,0.014600,0.042000,0.1945,0.073000,0.001400,0.052700,0.002700,0.018700,0.025600,0.017500,8.6176,0.057800,0.007200,0,0,11.7539,0,0,0,0,0,0,0,50,0,0,0,0,1,1,9,9,2,1,1,4,1,1,1,1,1,1,7,7,1,1,50,9,6,42,76,794,950,0,0,0,0,0,-100,-100,-100,-100,600,1440,107.7673,0,0,-0.000000,-1,0,0,0,1,0,13.7344,5,50,75.1289,13.7344,0,0,48.9844,0,100,0,0,0,0,0,0,0,0,0,0.4539,0.4539,1,0.4539,0.4539,46.8363,8.9635,20141,90,568,135,12271.5703,3608.0625,7258.2383,0,15879.6445,10.8066,2.1206,8.4609,10.8066,2.1206,2.9965,33.3333,6.0565,23.6241,0.000200,0.021900,0.000500,0.000600,0.001600,0.008300,0.000600,0.073000,0,0.016400,0.026600,0.037900,0.3557,0.2233,0.018400,0.006200,0.065600,0.001000,0.043300,0.016000,0.088300,0.005100,0.032100,0.1319,0.017800,0.097400,0.4230,0.7073,0.3890,0.056400,2.0519,0.094200,0.030800,0.038800,0.6912,0.073900,0.002200,0.002400,0.061700,0.1966,0.049200,0.000500,0.5993,1043,395082,0,0,0,0,0,0,0.002600,0,0.007400,0,0,0,0,0,0,0,0,0,0,0,0,0,0,0,0,0,0,0
,0.077300,0.006800,2,60,0,58,0,0,13,233,28,0,454,3,0,0,12,2,0,0,0,0,0.016600,0.017600,0.3298,0.006300,0.008600,0.001100,0.8654,0.2042,0.051000,0.1319,0.000900,0.026400,0.001000,0,768,256,11229,3565.7148,15494.9102,239.1602,0.003200,5,0.000300,0.009000,0.001900,0.013800,0.1800,0,0,0.056300,0.2169,2.9291,0.071100,0.000200,0.001200,0.000300,0.000200,0.006700,0.008000,0.046600,0.005200,0.031200,0.1039,0.011600,0.005900,1.5277,0.029900,0.009200,0.044300,0.011800,0.020400,0.082500,0.010600,0.075800,0.002300,0.096200,0.009700,0.069200,0.5987,0.004700,2.3727,0.000300,0.1849,0.000600,0.000300,0.029200,0.3091,0.6965,0.023400,0.8876,0.1605,0.001800,0.010500,0.000400,0.035300,0.1076,9.1090,8.7628,13.0955,634,16,0.2500,0,16,3.8438,1,0,0,629,1,0,115,102,13,0,-1,-1,0,-1,-1,13.9904,4.9185,0,1525.2227,1525.2227,1525.0977,95,880,535,318,0,0,0.000900,0,0,0.016300,0.078900,0.000800,0.012700,0.068700,0.039900,0.001000,0.001700,0.000300,0.001600,0.006500,0.001300,0.004100,0.023700,0.1626,0.054700,0.076800,0.1470,0.044600,0.1958,0.055300,0.097800,0.000100,0.001400,0.062000,0.007800,0.001200,0.000600,0.024700,0.006400,0.011400,0.001000,0.1340,0.012900,0.039200,0.2073,0.069000,0.001200,0.042000,0.002200,0.033800,0.022800,0.017800,8.5796,0.064000,0.007000,0.000100,0,10.6928,0,0,0,0,0,0,0,50,0,0,0,0,1,1,9,9,2,1,1,4,1,1,1,1,1,1,7,7,1,1,50,9,6,42,76,794,950,0,0,0,0,0,-100,-100,-100,-100,600,1440,107.7673,0,0,-0.000000,-1,0,0,0,1,0,13.7344,5,50,75.1289,13.7344,0,0,48.9844,0,100,0,0,0,0,0,0,0,0,0,0.5144,0.5144,1,0.5144,0.5144,57.4925,8.9635,20141,90,568,135,12271.5391,3608.0625,7258.2383,0,15879.6328,10.5884,2.0870,7.1774,10.5884,2.0870,2.9855,33.3333,6.1767,24.2008,0.000200,0.022700,0.000600,0.000600,0.001800,0.011200,0.000700,0.075200,0,0.019500,0.030300,0.035700,0.7731,0.2840,0.020500,0.006100,0.066800,0,0.045700,0.014600,0.082900,0.006200,0.036700,0.1829,0.019500,0.1041,0.4315,0.6961,0.3794,0.057300,2.0787,0.094200,0.031800,0.039700,0.6886,0.065600,0.001900,0.002500,0.060900,0.1945,0.050200,0.000700,0.9347,1050,397858,0,0,0,0,0,0,0,0,0.008100,0,0,0,0,0,0,0,0,0,0,0,0,0,0,0,0,0,0,0
,0.012800,0.013100,2,64,0,62,0,0,13,233,27,0,454,3,0,0,12,2,0,0,0,0,0.009300,0.003300,0.3461,0.005900,0.009800,0.000900,0.8393,0.1869,0.049300,0.1267,0.002000,0.027800,0.002600,1,768,256,11229,3565.7148,15494.9102,239.1602,0.002300,2,0.000200,0.008900,0.002000,0.013400,0.2349,0,0,0.063800,0.3050,2.7870,0.065200,0.000300,0.001400,0.000200,0.000400,0.006500,0.006300,0.047600,0.005000,0.030800,0.1056,0.010800,0.006100,1.5601,0.027600,0.008800,0.030600,0.012000,0.018200,0.090100,0.011700,0.075000,0.002000,0.078900,0.008100,0.067200,0.6057,0.005000,2.3895,0.000300,0.1872,0.000600,0.000500,0.030800,0.3100,0.7736,0.026900,1.0590,0.1196,0.002400,0.011200,0.000600,0.034200,0.054900,9.3247,8.7628,13.0955,634,16,0.2500,0,16,3.8438,1,0,0,629,1,0,115,102,13,0,-1,-1,0,-1,-1,13.9904,4.9185,0,1525.2227,1525.2227,1525.0977,95,880,535,318,0,0,0.001500,0,0,0.014000,0.081300,0.000500,0.012600,0.074600,0.045100,0.001000,0.001500,0.000300,0.001600,0.006600,0.000800,0.004000,0.022000,0.1402,0.059100,0.081600,0.1594,0.043600,0.2052,0.022900,0.1499,0.000200,0.001500,0.069000,0.008900,0.001700,0.000400,0.028500,0.007000,0.013900,0.001400,0.1482,0.016300,0.043400,0.2061,0.069300,0.001000,0.041100,0.002800,0.033100,0.022700,0.017500,8.6653,0.055100,0.005700,0.000200,0,10.6637,0,0,0,0,0,0,0,50,0,0,0,0,1,1,9,9,2,1,1,4,1,1,1,1,1,1,7,7,1,1,50,9,6,42,76,794,950,0,0,0,0,0,-100,-100,-100,-100,600,1440,107.7673,0,0,-0.000000,-1,0,0,0,1,0,13.7344,5,50,75.1289,13.7344,0,0,48.9844,0,100,0,0,0,0,0,0,0,0,0,0.4269,0.4269,1,0.4269,0.4269,6.7585,8.9635,20141,90,568,135,12271.3789,3608.0625,7258.2383,0,15879.6016,10.8688,2.1372,7.4334,10.8688,2.1372,2.9083,33.3333,6.1578,24.2760,0.000800,0.022500,0.000600,0.000600,0.001900,0.007500,0.000600,0.072600,0,0.019400,0.025500,0.036800,0.3584,0.1881,0.019500,0.006100,0.065000,0,0.045800,0.014500,0.082900,0.005100,0.032000,0.1316,0.015500,0.087600,1.4652,0.7623,0.3238,0.057300,2.4947,0.096200,0.031800,0.039600,0.6932,0.084900,0.001800,0.002500,0.061300,0.2007,0.049100,0.000700,0.5881,1021,390789,0,2357,1334,0,0.3863,0,0,0,0.008700,0,0,0,0,0,0,0,0,0,0,0,0,0,0,0,0,0,0,0
,0.016100,0.014900,2,57,0,55,0,0,13,233,14,0,454,3,0,0,12,2,0,0,0,0,0,0.006500,0.3497,0.006200,0.010100,0.001100,0.9055,0.1949,0.056200,0.1391,0,0.030500,0.003200,1,768,256,11229,3565.7148,15494.9102,239.1602,0,3,0.000400,0.012700,0.001900,0.016300,0.2386,0,0,0.058600,0.3448,3.0945,0.074900,0.000200,0.001000,0.000200,0.000200,0.006700,0.007500,0.055600,0.005100,0.031400,0.1017,0.011400,0.006800,1.7402,0.027500,0.008600,0.030700,0.018600,0.023500,0.098500,0.011600,0.075300,0.001900,0.081100,0.008400,0.074200,0.6121,0.005300,2.3973,0.000300,0.1961,0.000600,0.000500,0.027100,0.3203,0.7381,0.023900,0.9678,0.3817,0.002200,0.011300,0.000500,0.034900,0.2599,9.4292,8.7628,13.0955,634,16,0.2500,0,16,3.8438,1,0,0,629,1,0,115,102,13,0,-1,-1,0,-1,-1,13.9904,4.9185,0,1525.2227,1525.2227,1441.5039,95,907,561,321,0,0,0.000900,0,0,0.014600,0.080900,0.000700,0.012700,0.071600,0.044000,0.000800,0.001500,0.000300,0.001400,0.006100,0.000700,0.004000,0.023300,0.1545,0.060300,0.079300,0.1509,0.043200,0.2275,0.019100,0.031900,0.000300,0.001600,0.067600,0.009600,0.001800,0.000600,0.031000,0.006600,0.012700,0.001100,0.1410,0.015100,0.043200,0.1928,0.066700,0.001300,0.022300,0.003200,0.017700,0.024300,0.017000,8.8711,0.058300,0.006300,0.000100,0,10.9396,0,0,0,0,0,0,0,50,0,0,0,0,1,1,9,9,2,1,1,4,1,1,1,1,1,1,7,7,1,1,50,9,6,42,76,794,950,0,0,0,0,0,-100,-100,-100,-100,600,1440,107.7673,0,0,-0.000000,-1,0,0,0,1,0,13.7344,5,50,75.1289,13.7344,0,0,48.9844,0,100,0,0,0,0,0,0,0,0,0,0.4350,0.4350,1,0.4350,0.4350,17.7638,8.9635,20141,90,568,135,12271.1680,3608.0625,7258.2383,0,15879.4414,10.9940,2.1752,8.3515,10.9940,2.1752,2.8498,33.3333,6.0585,23.7914,0.000600,0.021900,0.000500,0.000600,0.001900,0.007300,0.000600,0.073100,0.001100,0.017400,0.026900,0.038600,0.3335,0.2941,0.019500,0.006100,0.067800,0,0.044500,0.013800,0.086800,0.005200,0.032300,0.1361,0.015000,0.090300,0.4259,0.6816,0.3874,0.057300,2.0838,0.094300,0.030700,0.039700,0.6903,0.098500,0.001900,0.002400,0.060700,0.1977,0.049100,0.000600,0.5975,1032,394989,0,0,0,0,0,0,0.004000,0,0.008000,0,0,0,0,0,0,0,0,0,0,0,0,0,0,0,0,0,0,0
,0.015900,0.006600,2,60,0,58,0,0,13,233,31,0,454,3,0,0,12,2,0,0,0,0,0.017900,0.008200,0.3415,0.007500,0.009300,0.001100,0.8775,0.1735,0.053800,0.1329,0.002400,0.043500,0,1,768,256,11229,3565.7148,15494.9102,239.1602,0.003700,6,0.000200,0.008600,0.001700,0.014300,0.1839,0,0,0.062100,0.2212,2.8529,0.070400,0.000200,0.001500,0.000200,0.000300,0.007600,0.008400,0.043100,0.004800,0.033600,0.1504,0.014300,0.006500,1.4960,0.030300,0.009600,0.033000,0.013100,0.019700,0.087200,0.010500,0.082800,0.002500,0.1194,0.009300,0.071000,0.6112,0.005100,2.3298,0.000200,0.1920,0.000600,0.000300,0.030500,0.3255,0.6379,0.025100,0.9461,0.1784,0.002600,0.009600,0.000400,0.037900,0.1286,10.4278,8.7628,13.0955,634,16,0.2500,0,16,3.8438,1,0,0,629,1,0,115,102,13,0,-1,-1,0,-1,-1,13.9904,4.9185,0,1525.2227,1525.2227,1525.0977,95,885,561,321,0,0,0.000900,0,0,0.015100,0.079300,0.000800,0.012000,0.067700,0.041400,0.000900,0.001800,0.000300,0.001500,0.006800,0.001100,0.003800,0.023400,0.1304,0.055600,0.076100,0.1586,0.046500,0.1619,0.029900,0.062700,0.000400,0.001600,0.060400,0.008100,0.001200,0.000500,0.027300,0.006100,0.011700,0.001100,0.1314,0.013700,0.038700,0.1963,0.068700,0.001100,0.030800,0.002200,0.031800,0.022100,0.019000,10.1725,0.063500,0.006000,0.000100,0,10.9901,0,0,0,0,0,0,0,50,0,0,0,0,1,1,9,9,2,1,1,4,1,1,1,1,1,1,7,7,1,1,50,9,6,42,76,794,950,0,0,0,0,0,-100,-100,-100,-100,600,1440,107.7673,0,0,-0.000000,-1,0,0,0,1,0,13.7344,5,50,75.1289,13.7344,0,0,48.9844,0,100,0,0,0,0,0,0,0,0,0,0.3931,0.3931,1,0.3931,0.3931,29.9898,8.9635,20141,90,568,135,12271.1680,3608.0625,7258.2383,0,15879.2305,11.8614,2.0527,7.1933,11.8614,2.0536,2.8691,33.3333,5.9095,24.4075,0.000200,0.022300,0.000700,0.000700,0.001700,0.008100,0.000600,0.074600,0,0.020500,0.029300,0.036800,0.7940,0.1826,0.020500,0.006100,0.062000,0,0.044100,0.015700,0.2061,0.005200,0.032900,0.1360,0.015500,0.094200,0.4352,0.8031,0.2996,0.057400,2.3421,0.094200,0.031800,0.047900,0.6934,0.090500,0.002000,0.002500,0.060600,0.1968,0.050100,0.000600,0.8307,1056,398328,0.1612,0,0,0,0,0,0,0.001000,0.008000,0,0,0,0,0,0,0,0,0,0,0,0,0,0,0,0,0,0,0
,0.015300,0.020300,2,64,0,62,0,0,13,233,28,0,454,3,0,0,12,2,0,0,0,0,0.009300,0,0.3262,0.005000,0.008900,0.001100,0.8801,0.1870,0.049800,0.1281,0.001200,0.022200,0.002900,2,768,256,11229,3565.7148,15494.9102,239.1602,0.001400,2,0.000300,0.008600,0.002300,0.020600,0.1918,0,0,0.064000,0.2633,2.8891,0.068300,0.000200,0.001300,0.000300,0.000200,0.007000,0.006500,0.051700,0.005200,0.031600,0.1043,0.011300,0.006000,1.4877,0.028600,0.008000,0.032700,0.011800,0.019900,0.079700,0.008400,0.083700,0.002400,0.1152,0.009200,0.069100,0.6566,0.006400,2.4812,0.000400,0.2072,0.000600,0.000400,0.031500,0.3040,0.7420,0.026700,0.9410,0.4619,0.001900,0.022400,0.000500,0.035000,0.037900,8.8555,8.7628,13.0955,634,16,0.2500,0,16,3.8438,1,0,0,629,1,0,115,102,13,0,-1,-1,0,-1,-1,13.9904,4.9185,0,1525.2227,1525.2227,1525.0977,95,896,561,321,0,0,0.001000,0,0,0.015200,0.084200,0.000700,0.012300,0.084300,0.040700,0.000900,0.001400,0.000200,0.001700,0.006200,0.000900,0.004000,0.020500,0.1716,0.068000,0.076900,0.1554,0.044500,0.1834,0.022400,0.1778,0.000200,0.005700,0.065700,0.009100,0.001100,0.000600,0.025300,0.005900,0.011700,0.001100,0.1394,0.014100,0.044100,0.2043,0.068100,0.001200,0.046000,0.002500,0.033100,0.022800,0.018000,8.5263,0.060300,0.006200,0,0,12.2709,0,0,0,0,0,0,0,50,0,0,0,0,1,1,9,9,2,1,1,4,1,1,1,1,1,1,7,7,1,1,50,9,6,42,76,794,950,0,0,0,0,0,-100,-100,-100,-100,600,1440,107.7673,0,0,-0.000000,-1,0,0,0,1,0,13.7344,5,50,75.1289,13.7344,0,0,48.9844,0,100,0,0,0,0,0,0,0,0,0,0.5033,0.5033,1,0.5033,0.5033,40.8497,8.9635,20141,90,568,135,12271.6016,3608.0625,7258.2383,0,15879.2305,10.9512,2.2961,7.8641,10.9512,2.2961,3.0163,33.3333,6.0321,23.1639,0.000600,0.021700,0.000600,0.000600,0.001900,0.007800,0.000700,0.072400,0,0.020500,0.027400,0.036700,0.3397,0.1901,0.019400,0.006200,0.066400,0,0.043900,0.025400,0.1951,0.005100,0.032400,0.1354,0.016300,0.089000,0.9158,0.7563,0.3326,0.058500,2.9156,0.096200,0.032800,0.038700,0.6916,0.098400,0.002400,0.002500,0.062000,0.1976,0.049100,0.000600,0.6019,960,386240,0,0,0,0,0,0,0,0,0.008300,0,0,0,0,0,0,0,0,0,0,0,0,0,0,0,0,0,0,0
,0.1211,0.007600,2,57,0,55,0,0,13,233,13,0,454,3,0,0,12,2,0,0,0,0,0,0.003000,0.3468,0.004600,0.009200,0.000700,0.8717,0.1774,0.054200,0.1268,0.001300,0.031200,0,1,768,256,11229,3565.7148,15494.9102,239.1602,0.002100,2,0.000500,0.008700,0.002200,0.019500,0.2042,0,0,0.060400,0.2841,3.0285,0.067400,0.000300,0.001400,0.000200,0.000300,0.007500,0.007800,0.042900,0.004900,0.031600,0.1524,0.010300,0.005900,1.3338,0.031400,0.009500,0.039600,0.011700,0.020200,0.087500,0.012000,0.083000,0.002300,0.1211,0.009300,0.072600,0.6595,0.005600,2.4275,0.000300,0.2028,0.000500,0.000400,0.032000,0.3214,0.8309,0.026800,0.9432,0.1480,0.002100,0.012400,0.000500,0.040000,0.016400,8.6051,8.7628,13.0955,634,16,0.2500,0,16,3.8438,1,0,0,629,1,0,115,102,13,0,-1,-1,0,-1,-1,13.9904,4.9185,0,1525.2227,1525.2227,1525.0977,95,880,535,317,0,0,0.000900,0,0,0.014800,0.080900,0.000500,0.011700,0.087100,0.040900,0.000900,0.001700,0.000300,0.002000,0.007000,0.001100,0.004000,0.024400,0.1297,0.055600,0.076900,0.1608,0.041500,0.2659,0.021400,0.9374,0.000400,0.001700,0.070700,0.008800,0.001800,0.000700,0.028300,0.006700,0.014700,0.001300,0.1566,0.014200,0.042500,0.1923,0.068500,0.001300,0.053200,0.001800,0.018000,0.022800,0.021800,7.9945,0.063500,0.005800,0.000100,0,10.8170,0,0,0,0,0,0,0,50,0,0,0,0,1,1,9,9,2,1,1,4,1,1,1,1,1,1,7,7,1,1,50,9,6,42,76,794,950,0,0,0,0,0,-100,-100,-100,-100,600,1440,107.7673,0,0,-0.000000,-1,0,0,0,1,0,13.7344,5,50,75.1289,13.7344,0,0,48.9844,0,100,0,0,0,0,0,0,0,0,0,1.3444,1.3444,1,1.3444,1.3444,51.9580,8.9635,20141,90,568,135,12270.5430,3608.0625,7258.2383,0,15879.6641,11.3823,3.0898,8.3377,11.3823,3.0898,2.8712,33.3333,5.7895,22.6322,0.000300,0.021400,0.000600,0.000600,0.001800,0.008400,0.000600,0.074700,0.001000,0.019400,0.019200,0.030400,0.3628,0.1861,0.019400,0.006200,0.068900,0,0.047600,0.022300,0.2015,0.006200,0.033400,0.1346,0.015000,0.091700,0.4280,0.7084,0.3662,0.057400,2.4586,0.095200,0.031800,0.038800,0.6917,0.063200,0.001900,0.002500,0.060900,0.1945,0.049100,0.000700,0.6039,992,389682,0,0,0,0,0,0,0,0,0.008200,0,0,0,0,0,0,0,0,0,0,0,0,0,0,0,0,0,0,0
,0.016300,0.020100,2,57,0,55,0,0,13,233,12,0,454,3,0,0,12,2,0,0,0,0,0.028900,0.014100,0.3510,0.005900,0.008900,0.001100,0.9336,0.2064,0.056900,0.1401,0.001000,0.033400,0,0,768,256,11229,3565.7148,15494.9102,239.1602,0.001300,5,0.000500,0.027600,0.002200,0.021900,0.1793,0,0,0.070700,0.2267,2.9102,0.076000,0.000300,0.001300,0.000200,0.000400,0.006700,0.008900,0.047300,0.005400,0.035400,0.1539,0.011900,0.007200,1.5626,0.029200,0.008900,0.037400,0.012100,0.020300,0.097400,0.017600,0.080200,0.002300,0.1056,0.008500,0.070100,0.6195,0.005000,2.4535,0.000300,0.2076,0.000600,0.000400,0.031100,0.3238,0.7716,0.025500,0.9353,0.1979,0.002300,0.009300,0.000400,0.039100,0.3463,9.6745,8.7628,13.0955,634,16,0.2500,0,16,3.8438,1,0,0,629,1,0,115,102,13,0,-1,-1,0,-1,-1,13.9904,4.9185,0,1525.2227,1525.2227,1525.0977,95,880,535,317,0,0,0.000800,0,0,0.016800,0.081700,0.000500,0.012400,0.070100,0.039500,0.001000,0.001900,0.000200,0.001700,0.006900,0.001300,0.003900,0.023600,0.1612,0.057700,0.080900,0.1460,0.038900,0.1911,0.033000,0.060500,0.000400,0.001600,0.064900,0.008600,0.001200,0.000600,0.024700,0.005900,0.011700,0.001100,0.1388,0.014100,0.040200,0.1981,0.068700,0.001100,0.038500,0.002300,0.033300,0.022500,0.016700,9.0864,0.061700,0.006900,0.000100,0,11.0538,0,0,0,0,0,0,0,50,0,0,0,0,1,1,9,9,2,1,1,4,1,1,1,1,1,1,7,7,1,1,50,9,6,42,76,794,950,0,0,0,0,0,-100,-100,-100,-100,600,1440,107.7673,0,0,-0.000000,-1,0,0,0,1,0,13.7344,5,50,75.1289,13.7344,0,0,48.9844,0,100,0,0,0,0,0,0,0,0,0,0.4303,0.4303,1,0.4303,0.4303,63.1219,8.9635,20141,90,568,135,12273.3555,3608.0625,7258.2383,0,15878.6055,11.1500,2.1102,7.4048,11.1500,2.1124,3.0261,33.3333,5.7904,22.1094,0.000200,0.022500,0.000600,0.000600,0.001600,0.011400,0.000500,0.076400,0,0.019500,0.029200,0.034200,0.3381,0.1852,0.019400,0.006200,0.066000,0,0.048500,0.021000,0.079000,0.006100,0.032400,0.1353,0.015800,0.093400,0.4278,0.6977,0.3183,0.057400,2.1421,0.093200,0.031700,0.039200,0.6880,0.1007,0.001800,0.002500,0.061600,0.1965,0.049200,0.000500,0.8175,1102,407610,0,0,0,0,0,0,0,0.002400,0.008100,0,0,0,0,0,0,0,0,0,0,0,0,0,0,0,0,0,0,0
,0.015100,0.099700,2,80,0,78,0,0,14,233,42,0,454,3,0,0,13,2,0,0,0,0,0.019100,0.006500,0.3653,0.005500,0.010000,0.001200,0.8657,0.1781,0.053500,0.1373,0.001000,0.032300,0,1,768,256,11229,3565.7148,15494.9102,239.1602,0.002200,4,0,0.008300,0.002100,0.019300,0.1837,0,0,0.061900,0.3139,3.1399,0.071900,0.000300,0.001500,0.000300,0.000400,0.007500,0.006900,0.043500,0.005800,0.045100,0.1377,0.010200,0.005900,1.8131,0.031200,0.008700,0.034300,0.013500,0.020800,0.084800,0.013700,0.078700,0.002400,0.1111,0.009400,0.077400,0.6294,0.005700,2.4491,0.000300,0.2103,0.000800,0.000400,0.042300,0.3044,1.6999,0.034300,1.0018,0.1725,0.001800,0.013500,0.001000,0.045800,0.091300,9.7329,8.7628,13.0955,634,16,0.2500,0,16,3.8438,1,0,0,629,1,0,115,102,13,0,-1,-1,0,-1,-1,13.9904,4.9185,0,1525.2227,1525.2227,1525.0977,95,908,561,321,0,0,0.001300,0,0,0.016100,0.085100,0.000500,0.014900,0.075900,0.042100,0.001000,0.001600,0.000200,0.001600,0.006600,0.000900,0.004200,0.023900,0.1405,0.056700,0.081100,0.1590,0.046500,0.1632,0.024400,0.4733,0.000200,0.001700,0.066000,0.009400,0.001300,0.000500,0.027300,0.006300,0.012600,0.001000,0.1498,0.014800,0.043500,0.2028,0.071100,0.001000,0.041900,0.002900,0.031700,0.021300,0.017200,9.1708,0.058800,0.006800,0.000100,0,11.1379,0,0,0,0,0,0,0,50,0,0,0,0,1,1,9,9,2,1,1,4,1,1,1,1,1,1,7,7,1,1,50,9,6,42,76,794,950,0,0,0,0,0,-100,-100,-100,-100,600,1440,107.7673,0,0,-0.000000,-1,0,0,0,1,0,13.7344,5,50,75.1289,13.7344,0,0,48.9844,0,100,0,0,0,0,0,0,0,0,0,0.8024,0.8024,1,0.8024,0.8024,11.7657,8.9635,20141,90,568,135,12272.3203,3608.0625,7258.2383,0,15881.4180,11.5611,2.4460,7.1628,11.5611,2.4460,3.1939,33.3333,5.8769,22.7750,0.000300,0.021900,0.000600,0.000600,0.001600,0.009800,0.000500,0.075300,0,0.017400,0.019600,0.027000,0.3594,0.1909,0.019400,0.005200,0.061900,0,0.046400,0.009600,0.088100,0.005200,0.033600,0.1366,0.016300,0.095800,0.4275,0.6483,0.2991,0.056300,3.4020,0.095200,0.030700,0.039600,0.6930,0.085600,0.001900,0.002400,0.062100,0.1977,0.050200,0.000600,0.5886,1028,391562,0,2151,1236,0,0.7930,0,0,0,0.008800,0,0,0,0,0,0,0,0,0,0,0,0,0,0,0,0,0,0,0
,0.026300,0.033600,2,57,0,55,0,0,13,233,15,0,454,3,0,0,12,2,0,0,0,0,0,0.006100,0.3324,0.006100,0.009400,0.001200,0.9073,0.2079,0.064600,0.1699,0.001100,0.064100,0,0,768,256,11229,3565.7148,15494.9102,239.1602,0.002900,4,0.000300,0.008100,0.002400,0.019000,0.1997,0,0,0.060700,0.2784,3.2311,0.060500,0.000200,0.001100,0.000300,0.000300,0.006200,0.008100,0.039200,0.005300,0.032300,0.1024,0.012000,0.007300,0.5040,0.027300,0.008400,0.027500,0.011400,0.020200,0.091800,0.014100,0.078700,0.002300,0.1083,0.009700,0.074900,0.6466,0.005600,2.4923,0.000400,0.2156,0.000600,0.000300,0.033900,0.3516,0.7913,0.030000,1.0109,0.1053,0.002700,0.010900,0.000500,0.040400,0.080200,11.1967,8.7628,13.0955,634,16,0.2500,0,16,3.8438,1,0,0,629,1,0,115,102,13,0,-1,-1,0,-1,-1,13.9904,4.9185,0,1525.2227,1525.2227,1525.0977,95,907,561,321,0,0,0.001100,0,0,0.014900,0.079200,0.000800,0.011400,0.067900,0.043400,0.001200,0.001700,0.000300,0.001700,0.006800,0.000900,0.004300,0.023000,0.1350,0.061200,0.095700,0.1430,0.038500,0.1928,0.031000,0.069100,0.000200,0.001400,0.062900,0.008900,0.001400,0.000800,0.026100,0.006100,0.012000,0.001200,0.1364,0.015500,0.038200,0.2007,0.064100,0.001300,0.045700,0.002000,0.016500,0.022200,0.019300,10.6430,0.060800,0.006600,0.000100,0,11.6871,0,0,0,0,0,0,0,50,0,0,0,0,1,1,9,9,2,1,1,4,1,1,1,1,1,1,7,7,1,1,50,9,6,42,76,794,950,0,0,0,0,0,-100,-100,-100,-100,600,1440,107.7673,0,0,-0.000000,-1,0,0,0,1,0,13.7344,5,50,75.1289,13.7344,0,0,48.9844,0,100,0,0,0,0,0,0,0,0,0,0.4293,0.4293,1,0.4293,0.4293,24.4999,8.9635,20141,90,568,135,12275.5156,3608.0625,7258.2383,0,15880.3828,12.8182,2.1113,8.3767,12.8182,2.1121,3.0403,33.3333,5.8056,21.9543,0.000200,0.021500,0.000600,0.000600,0.001700,0.009700,0.000600,0.074600,0.001000,0.020500,0.022100,0.032800,0.3408,0.1982,0.019500,0.006100,0.061800,0,0.047000,0.007500,0.2003,0.005100,0.031800,0.1407,0.016600,0.091600,0.4240,0.7325,0.3470,0.057400,2.4721,0.097200,0.030800,0.038800,0.6906,0.087000,0.001900,0.002600,0.061800,0.1977,0.050200,0.000600,0.5938,1074,402354,0,0,0,0,0,0,0,0.001000,0.008700,0,0,0,0,0,0,0,0,0,0,0,0,0,0,0,0,0,0,0
,0.018000,0.010000,2,64,0,62,0,0,13,233,44,0,454,3,0,0,12,2,0,0,0,0,0.009000,0.007800,0.3357,0.006500,0.009900,0.000900,0.9027,0.1700,0.057600,0.1370,0,0.025900,0.000800,1,768,256,11229,3565.7148,15494.9102,239.1602,0.002200,3,0,0.011100,0.002300,0.020100,0.1878,0,0,0.064800,0.3119,2.9166,0.067100,0.000200,0.001200,0.000300,0.000200,0.007100,0.008000,0.048900,0.005500,0.035300,0.1302,0.010600,0.006200,1.3978,0.028500,0.010400,0.037600,0.011700,0.019900,0.099600,0.010300,0.075600,0.002200,0.085800,0.008300,0.071900,0.6070,0.004800,2.3727,0.000200,0.1842,0.000600,0.000400,0.029000,0.3715,1.4287,0.026600,0.9730,0.1795,0.002000,0.010100,0.000500,0.037400,0.3281,8.2898,8.7628,13.0955,634,16,0.2500,0,16,3.8438,1,0,0,629,1,0,115,102,13,0,-1,-1,0,-1,-1,13.9904,4.9185,0,1525.2227,1525.2227,1525.0977,95,899,561,321,0,0,0.001100,0,0,0.016300,0.082600,0.000700,0.012100,0.075100,0.042500,0.001000,0.001500,0.000200,0.001500,0.006200,0.001300,0.004100,0.025000,0.1456,0.057000,0.084900,0.1586,0.040000,0.1703,0.023500,0.9364,0.000300,0.001700,0.066400,0.010000,0.001300,0.000600,0.028700,0.006400,0.014000,0.001100,0.1445,0.014200,0.040800,0.2184,0.066900,0.001200,0.023500,0.002900,0.046900,0.022300,0.022200,7.6358,0.062800,0.010400,0.000100,0,12.6979,0,0,0,0,0,0,0,50,0,0,0,0,1,1,9,9,2,1,1,4,1,1,1,1,1,1,7,7,1,1,50,9,6,42,76,794,950,0,0,0,0,0,-100,-100,-100,-100,600,1440,107.7673,0,0,-0.000000,-1,0,0,0,1,0,13.7344,5,50,75.1289,13.7344,0,0,48.9844,0,100,0,0,0,0,0,0,0,0,0,1.2773,1.2773,1,1.2773,1.2773,35.0760,8.9635,20141,90,568,135,12274.1328,3608.0625,7258.2383,0,15883.5781,10.5686,2.9256,7.3414,10.5686,2.9256,3.0420,33.3333,5.8797,22.5697,0.000200,0.022200,0.000600,0.000600,0.001700,0.006900,0.000600,0.072600,0,0.020500,0.019800,0.032400,0.3510,0.1977,0.019500,0.006100,0.066500,0,0.045400,0.008600,0.1954,0.006100,0.033300,0.1361,0.016000,0.089900,0.4244,0.7026,0.3107,0.057300,2.5466,0.096200,0.036900,0.038900,0.6948,0.084600,0.002000,0.002500,0.061100,0.1977,0.049100,0.000600,0.6171,1027,389864,0,0,0,0,0,0,0,0,0.007800,0,0,0,0,0,0,0,0,0,0,0,0,0,0,0,0,0,0,0
,0.027900,0.031700,2,56,0,54,0,0,13,233,16,0,454,3,0,0,12,2,0,0,0,0,0.017100,0.005600,0.4404,0.005900,0.009200,0.001000,0.8989,0.2122,0.073400,0.1861,0.002200,0.071300,0,1,768,256,11229,3565.7148,15494.9102,239.1602,0.001300,2,0.000100,0.012400,0.002500,0.019300,0.1799,0,0,0.061000,0.2295,2.6054,0.069000,0.000200,0.001600,0.000200,0.000300,0.006400,0.007700,0.046200,0.005800,0.039700,0.1457,0.011100,0.006400,1.3167,0.029500,0.008600,0.031500,0.013000,0.019600,0.093900,0.009700,0.077500,0.002100,0.084100,0.009400,0.070900,0.5955,0.005100,2.3444,0.000300,0.1834,0.000900,0.000300,0.030600,0.3635,0.6158,0.024000,0.9007,0.1784,0.002000,0.009700,0.000300,0.032400,0,10.4354,8.7628,13.0955,634,16,0.2500,0,16,3.8438,1,0,0,629,1,0,115,102,13,0,-1,-1,0,-1,-1,13.9904,4.9185,0,1525.2227,1525.2227,1525.0977,95,874,561,322,0,0,0.000700,0,0,0.015400,0.083000,0.000600,0.012100,0.073700,0.040600,0.000800,0.001800,0.000300,0.001600,0.007100,0.001100,0.004400,0.024500,0.1504,0.057200,0.078700,0.1551,0.041200,0.1946,0.033000,0.068100,0.000400,0.001700,0.066900,0.008800,0.001300,0.000600,0.027400,0.007000,0.011900,0.001200,0.1427,0.014600,0.050900,0.2009,0.069900,0.001100,0.031500,0.002200,0.031700,0.023200,0.016300,9.8603,0.062000,0.006700,0.000100,0,10.6085,0,0,0,0,0,0,0,50,0,0,0,0,1,1,9,9,2,1,1,4,1,1,1,1,1,1,7,7,1,1,50,9,6,42,76,794,950,0,0,0,0,0,-100,-100,-100,-100,600,1440,107.7673,0,0,-0.000000,-1,0,0,0,1,0,13.7344,5,50,75.1289,13.7344,0,0,48.9844,0,100,0,0,0,0,0,0,0,0,0,0.4374,0.4374,1,0.4374,0.4374,47.0640,8.9635,20141,90,568,135,12268.8203,3608.0625,7258.2383,0,15882.1953,11.9888,2.1242,7.3187,11.9888,2.1242,3.4183,33.3333,6.2020,22.4761,0.000300,0.021700,0.000600,0.000600,0.001700,0.007000,0.001600,0.072200,0,0.021500,0.028500,0.040000,0.3498,0.1863,0.019400,0.006200,0.066500,0,0.044200,0.020200,0.2063,0.006200,0.032700,0.1351,0.016600,0.090900,0.4324,1.6793,0.3534,0.060400,2.4475,0.096300,0.030700,0.037900,0.6903,0.067800,0.002000,0.002400,0.059700,0.1988,0.049100,0.000700,0.6045,1057,403686,0.050300,0,0,0,0,0,0,0,0.008600,0,0,0,0,0,0,0,0,0,0,0,0,0,0,0,0,0,0,0
,0.013600,0.009700,2,76,0,74,0,0,14,233,42,0,454,3,0,0,13,2,0,0,0,0,0.009200,0.002800,0.3201,0.005500,0.008700,0.000900,0.8587,0.1787,0.052600,0.1552,0.001200,0.040100,0.002600,1,768,256,11229,3565.7148,15494.9102,239.1602,0.002000,5,0.000400,0.012800,0.001900,0.013900,0.1897,0,0,0.070000,0.2263,2.5817,0.060800,0.000300,0.001400,0.000600,0.000200,0.007200,0.007300,0.042900,0.005100,0.031600,0.2987,0.010000,0.006100,0.5815,0.025200,0.008100,0.026200,0.012200,0.018100,0.085400,0.009900,0.067400,0.002000,0.074100,0.008100,0.069600,0.5993,0.004800,2.3969,0.000200,0.1881,0.000500,0.000300,0.029200,0.2951,0.6923,0.023400,0.9340,0.1793,0.001900,0.010500,0.000600,0.039100,0.1948,8.6660,8.7628,13.0955,634,16,0.2500,0,16,3.8438,1,0,0,629,1,0,115,102,13,0,-1,-1,0,-1,-1,13.9904,4.9185,0,1525.2227,1525.2227,1525.0977,95,875,561,322,0,0,0.000900,0,0,0.015400,0.089200,0.001000,0.012100,0.075000,0.042300,0.000900,0.001800,0.000200,0.002200,0.007300,0.000900,0.004000,0.023600,0.1743,0.058200,0.083600,0.1575,0.036700,0.1670,0.025500,0.1235,0.000400,0.001600,0.067500,0.007800,0.001900,0.000800,0.027300,0.006700,0.012200,0.001100,0.1439,0.015500,0.040400,0.2123,0.073000,0.001300,0.050100,0.003000,0.020100,0.027000,0.020000,8.1337,0.073700,0.006600,0,0,11.9837,0,0,0,0,0,0,0,50,0,0,0,0,1,1,9,9,2,1,1,4,1,1,1,1,1,1,7,7,1,1,50,9,6,42,76,794,950,0,0,0,0,0,-100,-100,-100,-100,600,1440,107.7673,0,0,-0.000000,-1,0,0,0,1,0,13.7344,5,50,75.1289,13.7344,0,0,48.9844,0,100,0,0,0,0,0,0,0,0,0,0.4566,0.4566,1,0.4566,0.4566,57.4168,8.9635,20141,90,568,135,12268.7930,3608.0625,7258.2383,0,15876.8828,10.2533,2.1726,8.3329,10.2533,2.1726,3.0303,33.3333,6.1677,23.0639,0.000700,0.022000,0.000700,0.000600,0.001700,0.009900,0.000700,0.075000,0.001000,0.020400,0.021200,0.031600,0.3405,0.1861,0.019500,0.006100,0.062400,0,0.045400,0.011100,0.1905,0.005100,0.032100,0.1399,0.016300,0.099300,0.4163,0.7105,0.3106,0.057200,2.1870,0.094300,0.031700,0.038800,0.6897,0.090400,0.002200,0.002600,0.060900,0.1988,0.050200,0.000800,0.6074,961,394908,0,0,0,0,0,0,0.002000,0,0.008900,0,0,0,0,0,0,0,0,0,0,0,0,0,0,0,0,0,0,0
,0.015700,0.018800,2,63,0,61,0,0,13,233,30,0,454,3,0,0,12,2,0,0,0,0,0.009600,0,0.3529,0.005800,0.008900,0.001000,0.9276,0.1955,0.058400,0.1361,0.001100,0.025100,0.001800,1,768,256,11229,3565.7148,15494.9102,239.1602,0.001300,1,0.000100,0.008000,0.002000,0.015200,0.2375,0,0,0.060500,0.2465,2.5623,0.072000,0.000200,0.001300,0.000300,0.000200,0.007200,0.007800,0.045300,0.004800,0.033400,0.1292,0.012300,0.006200,1.3653,0.025000,0.008400,0.038700,0.011400,0.018700,0.076200,0.012000,0.1298,0.003200,0.080200,0.008200,0.071300,0.5806,0.004500,2.3537,0.000300,0.1844,0.000500,0.000300,0.029000,0.3053,0.6331,0.022200,0.9706,0.1547,0.002100,0.010300,0.000500,0.033800,0.063000,8.2241,8.7628,13.0955,634,16,0.2500,0,16,3.8438,1,0,0,629,1,0,115,102,13,0,-1,-1,0,-1,-1,13.9904,4.9185,0,1525.2227,1525.2227,1525.0977,95,875,561,322,0,0,0.001000,0,0,0.014700,0.079100,0.000600,0.011200,0.068500,0.043300,0.000800,0.001500,0.000100,0.001500,0.006100,0.001000,0.003700,0.022400,0.1812,0.056900,0.078400,0.1518,0.040500,0.2104,0.031900,0.051600,0.000600,0.001500,0.063900,0.008900,0.001100,0.000500,0.027300,0.007000,0.012800,0.001500,0.1403,0.015400,0.041500,0.2048,0.067800,0.001300,0.039600,0.003100,0.032400,0.022600,0.016900,7.6314,0.060800,0.007600,0.000100,0,10.3739,0,0,0,0,0,0,0,50,0,0,0,0,1,1,9,9,2,1,1,4,1,1,1,1,1,1,7,7,1,1,50,9,6,42,76,794,950,0,0,0,0,0,-100,-100,-100,-100,600,1440,107.7673,0,0,-0.000000,-1,0,0,0,1,0,13.7344,5,50,75.1289,13.7344,0,0,48.9844,0,100,0,0,0,0,0,0,0,0,0,0.4172,0.4172,1,0.4172,0.4172,5.9615,8.9635,20141,90,568,135,12269.1211,3608.0625,7258.2383,0,15876.8555,9.8928,2.1986,7.3800,9.8928,2.1986,2.9063,33.3333,6.3967,23.8394,0.000600,0.022100,0.000600,0.000700,0.001800,0.006900,0.001600,0.073100,0,0.018400,0.030900,0.040300,0.3544,0.1955,0.020500,0.005100,0.070300,0,0.047200,0.012300,0.1826,0.005100,0.032100,0.1366,0.015700,0.091700,0.4271,0.7207,0.3651,0.056400,2.4932,0.095200,0.030700,0.039500,0.6903,0.084700,0.001800,0.002700,0.063200,0.1977,0.049100,0.000600,0.6597,985,398532,0,2198,1209,0,0.5107,0,0.005300,0,0.007800,0,0,0,0,0,0,0,0,0,0,0,0,0,0,0,0,0,0,0
,0.015100,0.017000,2,73,0,71,0,0,14,233,26,0,454,3,0,0,13,2,0,0,0,0,0.008400,0.022200,0.3247,0.005500,0.009400,0.000900,0.8373,0.1717,0.051400,0.1269,0.001300,0.024600,0,0,768,256,11229,3565.7148,15494.9102,239.1602,0.001400,6,0.000300,0.008200,0.002300,0.013000,0.1859,0,0,0.057400,0.2547,2.6104,0.063800,0.000300,0.001400,0.000200,0.000300,0.006700,0.007200,0.041200,0.005100,0.030600,0.1055,0.011200,0.006000,1.5869,0.026100,0.007900,0.033900,0.012100,0.018600,0.076600,0.009700,0.075900,0.002000,0.080000,0.007600,0.068100,0.6042,0.005000,2.3605,0.000300,0.1892,0.000600,0.000300,0.028900,0.3034,0.5858,0.026400,0.9553,0.095900,0.001800,0.008700,0.000500,0.047400,0.014100,8.7768,8.7628,13.0955,634,16,0.2500,0,16,3.8438,1,0,0,629,1,0,115,102,13,0,-1,-1,0,-1,-1,13.9904,4.9185,0,1525.2227,1525.2227,1525.0977,95,877,561,322,0,0,0.001000,0,0,0.015200,0.079500,0.000700,0.012600,0.069800,0.041200,0.000900,0.001700,0.000300,0.001600,0.006600,0.000800,0.004200,0.022700,0.1533,0.054800,0.085000,0.1585,0.042700,0.1637,0.024900,0.1475,0.000400,0.005400,0.063600,0.008200,0.001300,0.000600,0.026700,0.006100,0.011500,0.000800,0.1426,0.015900,0.041700,0.2027,0.067300,0.001200,0.038600,0.002400,0.032100,0.022400,0.018200,8.5171,0.060900,0.005600,0,0,9.7486,0,0,0,0,0,0,0,50,0,0,0,0,1,1,9,9,2,1,1,4,1,1,1,1,1,1,7,7,1,1,50,9,6,42,76,794,950,0,0,0,0,0,-100,-100,-100,-100,600,1440,107.7673,0,0,-0.000000,-1,0,0,0,1,0,13.7344,5,50,75.1289,13.7344,0,0,48.9844,0,100,0,0,0,0,0,0,0,0,0,0.4899,0.4899,1,0.4899,0.4899,16.6143,8.9635,20141,90,568,135,12269.1172,3608.0625,7258.2383,0,15877.1836,10.3377,2.1428,7.3865,10.3377,2.1428,2.8543,33.3333,6.2613,24.4860,0.000600,0.021100,0.000500,0.000600,0.001500,0.008600,0.000700,0.073900,0,0.020500,0.027600,0.040900,0.3415,0.3076,0.019400,0.006200,0.061600,0,0.046800,0.011300,0.1973,0.005100,0.031800,0.1360,0.015800,0.098400,0.8902,0.6928,0.3914,0.057400,2.0819,0.5294,0.031800,0.040600,0.6901,0.095600,0.002000,0.002500,0.062100,0.1977,0.050200,0.000500,0.6030,954,393196,0,0,0,0,0,0,0,0,0.008000,0,0,0,0,0,0,0,0,0,0,0,0,0,0,0,0,0,0,0
,0.017900,0.015100,2,59,0,57,0,0,13,233,26,0,454,3,0,0,12,2,0,0,0,0,0,0.001000,0.3443,0.005800,0.009400,0.001200,1.2668,0.1789,0.068800,0.1288,0,0.024100,0,1,768,256,11229,3565.7148,15494.9102,239.1602,0,3,0.000100,0.008700,0.001900,0.013900,0.1748,0,0,0.055100,0.2424,2.8122,0.074000,0.000300,0.001500,0.000200,0.000200,0.006500,0.007800,0.044500,0.005500,0.034000,0.1109,0.010900,0.006500,1.2053,0.027500,0.009300,0.036200,0.012000,0.019500,0.084400,0.009900,0.072000,0.001900,0.076500,0.008600,0.070300,0.6141,0.004900,2.3466,0.000300,0.1889,0.000500,0.000300,0.027900,0.3087,0.6414,0.024000,1.0489,0.1734,0.001800,0.009500,0.000500,0.032700,0.2830,8.4409,8.7628,13.0955,634,16,0.2500,0,16,3.8438,1,0,0,629,1,0,115,102,13,0,-1,-1,0,-1,-1,13.9904,4.9185,0,1525.2227,1525.2227,1525.0977,95,874,561,322,0,0,0.000900,0,0,0.014800,0.081600,0.000600,0.011800,0.069900,0.039100,0.000800,0.001900,0.000300,0.001700,0.007000,0.001400,0.003800,0.022300,0.1313,0.055000,0.080700,0.1457,0.045300,0.1606,0.052400,0.2185,0.000200,0.001500,0.062100,0.007800,0.001000,0.000500,0.025300,0.006900,0.011900,0.001100,0.1396,0.014200,0.042400,0.1893,0.069800,0.001200,0.042000,0.002500,0.016800,0.022500,0.017700,7.9713,0.056900,0.007100,0.000200,0,10.6453,0,0,0,0,0,0,0,50,0,0,0,0,1,1,9,9,2,1,1,4,1,1,1,1,1,1,7,7,1,1,50,9,6,42,76,794,950,0,0,0,0,0,-100,-100,-100,-100,600,1440,107.7673,0,0,-0.000000,-1,0,0,0,1,0,13.7344,5,50,75.1289,13.7344,0,0,48.9844,0,100,0,0,0,0,0,0,0,0,0,0.5591,0.5591,1,0.5591,0.5591,26.7573,8.9635,20141,90,568,135,12269.1328,3608.0625,7258.2383,0,15877.1797,10.3961,2.1837,8.1726,10.3961,2.1837,2.8136,33.3333,5.8404,24.6096,0.000200,0.021100,0.000600,0.000600,0.001600,0.008900,0.000700,0.075400,0,0.018500,0.021300,0.034100,0.3586,0.1889,0.019400,0.006200,0.061900,0,0.047700,0.010900,0.1784,0.005200,0.033200,0.1421,0.015200,0.090400,0.4272,0.7560,0.3333,0.055300,2.4618,0.095300,0.030700,0.038900,0.6957,0.088700,0.002400,0.002400,0.060700,0.1958,0.051200,0.000600,0.6010,1022,408472,0,0,0,0,0,0,0,0,0.007400,0,0,0,0,0,0,0,0,0,0,0,0,0,0,0,0,0,0,0
,0.012700,0.009500,2,80,0,78,0,0,14,233,39,0,454,3,0,0,13,2,0,0,0,0,0.017400,0.002500,0.3210,0.005300,0.009000,0.001100,0.8464,0.1732,0.051200,0.1235,0.002500,0.025000,0,0,768,256,11229,3565.7148,15494.9102,239.1602,0.003600,4,0.000100,0.007700,0.001700,0.013100,0.1818,0,0,0.053300,0.2927,2.5457,0.072100,0.001900,0.001400,0.000200,0.000200,0.007300,0.006900,0.045800,0.005900,0.035000,0.1133,0.011700,0.007000,1.6060,0.027800,0.008200,0.031000,0.011800,0.018700,0.080000,0.012500,0.086300,0.002200,0.080600,0.008400,0.072300,0.5957,0.004300,2.3039,0.000400,0.1815,0.000900,0.000300,0.027600,0.3001,0.6017,0.022800,0.9220,0.1728,0.001900,0.010200,0.000600,0.034700,0,9.1581,8.7628,13.0955,634,16,0.2500,0,16,3.8438,1,0,0,629,1,0,115,102,13,0,-1,-1,0,-1,-1,13.9904,4.9185,0,1525.2227,1525.2227,1525.0977,95,875,561,322,0,0,0.000900,0,0,0.013900,0.078100,0.001000,0.014200,0.067400,0.038100,0.001000,0.001500,0.000400,0.001600,0.006800,0.001100,0.004200,0.023400,0.1186,0.054000,0.076300,0.1543,0.040600,0.2988,0.021100,0,0.000200,0.001600,0.073700,0.008100,0.001100,0.000300,0.023700,0.005900,0.011600,0.001000,0.1304,0.013600,0.037500,0.1990,0.068600,0.001200,0.042200,0.002700,0.033200,0.023600,0.015500,8.5193,0.058900,0.006600,0.000200,0,10.2156,0,0,0,0,0,0,0,50,0,0,0,0,1,1,9,9,2,1,1,4,1,1,1,1,1,1,7,7,1,1,50,9,6,42,76,794,950,0,0,0,0,0,-100,-100,-100,-100,600,1440,107.7673,0,0,-0.000000,-1,0,0,0,1,0,13.7344,5,50,75.1289,13.7344,0,0,48.9844,0,100,0,0,0,0,0,0,0,0,0,0.4224,0.4224,1,0.4224,0.4224,37.4051,8.9635,20141,90,568,135,12269.1133,3608.0625,7258.2383,0,15877.1953,10.7071,2.1254,7.3470,10.7071,2.1266,2.8459,33.3333,6.2243,24.3651,0.000200,0.020600,0.000600,0.000700,0.001700,0.011700,0.000600,0.074000,0,0.017400,0.029600,0.035000,0.3411,0.2915,0.020500,0.005100,0.068800,0,0.047700,0.017300,1.0972,0.005100,0.039200,0.1852,0.025200,0.1010,0.4334,0.7030,0.3901,0.060400,2.0725,0.095200,0.031700,0.039300,0.6889,0.094000,0.002000,0.002600,0.061600,0.1977,0.049100,0.000600,0.6333,929,387520,0,0,0,0,0,0,0,0.001400,0.008600,0,0,0,0,0,0,0,0,0,0,0,0,0,0,0,0,0,0,0
,0.073300,0.010900,2,57,0,55,0,0,13,233,10,0,454,3,0,0,12,2,0,0,0,0,0.008900,0.006900,0.3548,0.005500,0.008800,0.001000,0.8945,0.2003,0.052400,0.1294,0.001400,0.025800,0.003900,0,768,256,11229,3565.7148,15494.9102,239.1602,0.001900,5,0.000400,0.017000,0.002300,0.014600,0.1855,0,0,0.055200,0.2350,2.6504,0.066400,0.000300,0.001100,0.000200,0.000200,0.006500,0.006900,0.042500,0.005500,0.031700,0.1235,0.010900,0.006500,1.5625,0.027000,0.008500,0.046900,0.011700,0.018600,0.080400,0.011400,0.076600,0.002400,0.089500,0.008300,0.069700,0.6247,0.004700,2.3668,0.000300,0.1941,0.000800,0.000300,0.030900,0.2973,0.6788,0.024700,0.9066,0.1158,0.002500,0.011300,0.000600,0.033400,0.3340,8.7165,8.7628,13.0955,634,16,0.2500,0,16,3.8438,1,0,0,629,1,0,115,102,13,0,-1,-1,0,-1,-1,13.9904,4.9185,0,1525.2227,1525.2227,1525.0977,95,874,561,322,0,0,0.001300,0,0,0.017400,0.087500,0.000700,0.013600,0.077300,0.043000,0.001000,0.001800,0.000400,0.001900,0.007300,0.001200,0.004500,0.033500,0.1749,0.069800,0.091100,0.1534,0.049200,0.1842,0.035100,0.079800,0.000100,0.001400,0.068000,0.008700,0.001900,0.000500,0.026300,0.006300,0.011800,0.001400,0.1483,0.016100,0.042700,0.2184,0.069800,0.001400,0.022200,0.003900,0.036100,0.022600,0.019700,8.1053,0.058400,0.006400,0.000300,0,10.6521,0,0,0,0,0,0,0,50,0,0,0,0,1,1,9,9,2,1,1,4,1,1,1,1,1,1,7,7,1,1,50,9,6,42,76,794,950,0,0,0,0,0,-100,-100,-100,-100,600,1440,107.7673,0,0,-0.000000,-1,0,0,0,1,0,13.7344,5,50,75.1289,13.7344,0,0,48.9844,0,100,0,0,0,0,0,0,0,0,0,0.4717,0.4717,1,0.4717,0.4717,47.7815,8.9635,20141,90,568,135,12269.0938,3608.0625,7258.2383,0,15877.1758,10.3896,2.2408,8.0661,10.3896,2.2408,2.9478,33.3333,6.3200,23.6087,0.000300,0.022300,0.000500,0.000600,0.001600,0.008000,0.000600,0.072600,0.001100,0.017400,0.025000,0.040900,0.3543,0.2944,0.019400,0.005200,0.062500,0,0.045800,0.013700,0.1955,0.005100,0.033600,0.1409,0.015400,0.085300,0.4385,0.6994,0.3936,0.056200,2.0684,0.095200,0.031800,0.039400,1.1358,0.4990,0.002200,0.005100,0.062800,0.1988,0.050200,0.000600,0.6138,943,388156,0,0,0,0,0,0,0,0,0.007400,0,0,0,0,0,0,0,0,0,0,0,0,0,0,0,0,0,0,0
,0.018000,0.007200,2,57,0,55,0,0,13,233,19,0,454,3,0,0,12,2,0,0,0,0,0.011800,0.013000,0.4109,0.005700,0.008900,0.001000,0.8641,0.1844,0.054500,0.1277,0.001100,0.029300,0.009300,2,768,256,11229,3565.7148,15494.9102,239.1602,0.001100,6,0,0.007200,0.001700,0.014000,0.1794,0,0,0.054900,0.2432,2.6469,0.061900,0.000300,0.001400,0.000200,0.000300,0.008000,0.010300,0.066700,0.005200,0.032500,0.1381,0.011400,0.005800,1.4994,0.028200,0.009300,0.033800,0.011600,0.019400,0.079100,0.010800,0.073800,0.001800,0.073800,0.008100,0.1666,0.6210,0.005400,2.3570,0.000300,0.1819,0.000600,0.000300,0.028900,0.3066,0.6192,0.023100,0.8889,0.1978,0.001900,0.008700,0.000600,0.033900,0.079000,9.3250,8.7628,13.0955,634,16,0.2500,0,16,3.8438,1,0,0,629,1,0,115,102,13,0,-1,-1,0,-1,-1,13.9904,4.9185,0,1525.2227,1525.2227,1525.0977,95,875,561,322,0,0,0.000800,0,0,0.015000,0.080200,0.000700,0.012300,0.067600,0.041900,0.000900,0.001100,0.000400,0.001600,0.005800,0.000900,0.003800,0.022300,0.1393,0.055800,0.076200,0.1561,0.035500,0.2115,0.021300,0.063100,0.000300,0.001400,0.071600,0.008900,0.001400,0.000600,0.026700,0.006000,0.012700,0.001000,0.1341,0.014200,0.050800,0.1874,0.066400,0.001300,0.030200,0.001900,0.016800,0.022900,0.019200,7.6588,0.058200,0.007000,0.000100,0,10.3370,0,0,0,0,0,0,0,50,0,0,0,0,1,1,9,9,2,1,1,4,1,1,1,1,1,1,7,7,1,1,50,9,6,42,76,794,950,0,0,0,0,0,-100,-100,-100,-100,600,1440,107.7673,0,0,-0.000000,-1,0,0,0,1,0,13.7344,5,50,75.1289,13.7344,0,0,48.9844,0,100,0,0,0,0,0,0,0,0,0,0.4296,0.4296,1,0.4296,0.4296,58.6601,8.9635,20141,90,568,135,12269.0898,3608.0625,7258.2383,0,15877.1562,10.8533,2.1156,7.4042,10.8533,2.1169,2.8136,33.3333,5.9735,24.2793,0.000700,0.022500,0.000700,0.000600,0.001700,0.008900,0.000600,0.072600,0.001000,0.019400,0.027900,0.039500,0.3419,0.1934,0.019400,0.006200,0.067000,0.001000,0.046400,0.013800,0.1916,0.005100,0.032300,0.1355,0.016000,0.090900,0.4272,0.7156,0.3609,0.056300,2.4872,0.095200,0.031700,0.039200,0.7088,0.088000,0.001900,0.002400,0.061300,0.1976,0.049100,0.000600,0.6047,924,385436,0.052400,0,0,0,0,0,0.006800,0.001400,0.008600,0,0,0,0,0,0,0,0,0,0,0,0,0,0,0,0,0,0,0
,0.016200,0.007000,2,56,0,54,0,0,13,233,12,0,454,3,0,0,12,2,0,0,0,0,0,0.006900,0.3386,0.005500,0.009000,0.000900,0.8678,0.1941,0.055100,0.1251,0.001000,0.029700,0,1,768,256,11229,3565.7148,15494.9102,239.1602,0.001300,3,0.000100,0.007700,0.002000,0.014200,0.1822,0,0,0.058100,0.2755,2.7052,0.086500,0.000200,0.001400,0.000200,0.000200,0.006700,0.006600,0.056600,0.004900,0.032200,0.1564,0.011900,0.006700,1.5849,0.027800,0.008800,0.045800,0.011500,0.018800,0.1039,0.011100,0.082400,0.002300,0.088600,0.009000,0.080400,0.6059,0.005400,2.4009,0.000300,0.1832,0.000600,0.000300,0.028800,0.2943,0.9146,0.024000,0.9357,0.8752,0.002100,0.010500,0.000400,0.074900,0.1074,9.0519,8.7628,13.0955,634,16,0.2500,0,16,3.8438,1,0,0,629,1,0,115,102,13,0,-1,-1,0,-1,-1,13.9904,4.9185,0,1525.2227,1525.2227,1441.5039,95,878,561,321,0,0,0.001100,0,0,0.014000,0.079000,0.000700,0.011100,0.069400,0.040900,0.000800,0.001800,0.000400,0.001500,0.006500,0.001000,0.003900,0.022600,0.1495,0.054600,0.083800,0.1509,0.045300,0.1840,0.019800,0.060500,0.000200,0.001400,0.075600,0.008500,0.001300,0.000600,0.025000,0.006600,0.011900,0.001200,0.1336,0.014700,0.041200,0.2001,0.066800,0.001100,0.043200,0.002600,0.032100,0.022100,0.016400,8.4820,0.055500,0.006400,0.000100,0,10.9184,0,0,0,0,0,0,0,50,0,0,0,0,1,1,9,9,2,1,1,4,1,1,1,1,1,1,7,7,1,1,50,9,6,42,76,794,950,0,0,0,0,0,-100,-100,-100,-100,600,1440,107.7673,0,0,-0.000000,-1,0,0,0,1,0,13.7344,5,50,75.1289,13.7344,0,0,48.9844,0,100,0,0,0,0,0,0,0,0,0,0.4078,0.4078,1,0.4078,0.4078,6.6820,8.9635,20141,90,568,135,12269.0977,3608.0625,7258.2383,0,15877.1523,10.6239,3.2441,7.3463,10.6239,3.2441,2.8806,33.3333,6.1292,24.1849,0.000200,0.023000,0.000500,0.000600,0.001700,0.008000,0.000700,0.072900,0,0.031800,0.033200,0.039400,0.3592,0.1919,0.019500,0.006100,0.065900,0,0.044900,0.013400,0.1812,0.005100,0.032500,0.1485,0.015500,0.091400,0.4245,1.5661,0.3439,0.056300,2.4798,0.094200,0.030700,0.039900,0.6902,0.092600,0.001900,0.002400,0.060400,0.2099,0.050200,0.000600,0.6370,975,397120,0,2392,1340,0,0.7348,0,0.007400,0,0.007800,0,0,0,0,0,0,0,0,0,0,0,0,0,0,0,0,0,0,0
,0.016700,0.006300,2,70,0,68,0,0,14,233,27,0,454,3,0,0,13,2,0,0,0,0,0.018300,0.013200,0.3464,0.005400,0.009600,0.001000,0.8526,0.1662,0.053600,0.1210,0.000900,0.069500,0.002200,1,768,256,11229,3565.7148,15494.9102,239.1602,0.002800,6,0.000100,0.007500,0.001700,0.012700,0.1987,0,0,0.062200,0.2125,2.5682,0.070500,0.000200,0.001100,0.000300,0.000300,0.007300,0.007800,0.040500,0.005100,0.041700,0.1815,0.010600,0.006300,0.7460,0.025100,0.008300,0.028400,0.011700,0.022500,0.099100,0.012700,0.078200,0.002100,0.1196,0.008500,0.074600,0.5978,0.004600,2.3824,0.000200,0.2234,0.000500,0.000400,0.030900,0.3710,0.6281,0.022500,0.9598,0.1145,0.001700,0.010400,0.000500,0.034700,0,10.4102,8.7628,13.0955,634,16,0.2500,0,16,3.8438,1,0,0,629,1,0,115,102,13,0,-1,-1,0,-1,-1,13.9904,4.9185,0,1525.2227,1525.2227,1525.0977,95,875,561,321,0,0,0.000800,0,0,0.014300,0.082500,0.000600,0.011600,0.066200,0.040200,0.000600,0.001600,0.000300,0.001600,0.006800,0.000900,0.003800,0.021800,0.1287,0.055300,0.082900,0.1484,0.040600,0.1970,0.021300,0.068000,0.000100,0.001900,0.061700,0.007600,0.001300,0.000600,0.024100,0.006100,0.011800,0.001000,0.1384,0.014600,0.040700,0.2217,0.095600,0.001400,0.043200,0.002200,0.034600,0.025500,0.019800,9.7854,0.060100,0.006100,0.000100,0,10.5612,0,0,0,0,0,0,0,50,0,0,0,0,1,1,9,9,2,1,1,4,1,1,1,1,1,1,7,7,1,1,50,9,6,42,76,794,950,0,0,0,0,0,-100,-100,-100,-100,600,1440,107.7673,0,0,-0.000000,-1,0,0,0,1,0,13.7344,5,50,75.1289,13.7344,0,0,48.9844,0,100,0,0,0,0,0,0,0,0,0,0.4198,0.4198,1,0.4198,0.4198,18.5851,8.9635,20141,90,568,135,12269.0547,3608.0625,7258.2383,0,15877.1602,11.8881,2.0514,8.3543,11.8881,2.0525,3.0402,33.3333,6.1672,24.0656,0.000300,0.020700,0.000600,0.000600,0.001600,0.008100,0.000500,0.072300,0,0.019500,0.026400,0.035300,0.3552,0.1897,0.019400,0.006200,0.067000,0,0.043200,0.021200,0.1677,0.005100,0.032100,0.1328,0.016100,0.095500,0.4414,0.7429,0.3353,0.056300,2.5168,0.094200,0.030800,0.049100,0.6933,0.087800,0.002000,0.002300,0.060900,0.2181,0.050100,0.000600,1.5347,996,404424,0,0,0,0,0,0,0,0.001300,0.009000,0,0,0,0,0,0,0,0,0,0,0,0,0,0,0,0,0,0,0
,0.015000,0.009600,2,64,0,62,0,0,13,233,43,0,454,3,0,0,12,2,0,0,0,0,0.008500,0.018500,0.3386,0.007700,0.008600,0.001000,0.8816,0.2041,0.051900,0.1317,0.000900,0.025800,0.008300,0,768,256,11229,3565.7148,15494.9102,239.1602,0.001500,6,0.000100,0.007600,0.001900,0.018600,0.1946,0,0,0.054900,0.2282,2.6145,0.065100,0.000300,0.001300,0.000200,0.000300,0.006800,0.007000,0.040300,0.005100,0.044700,0.1030,0.011300,0.006200,1.5493,0.024400,0.007800,0.041800,0.011800,0.019000,0.088200,0.010500,0.076800,0.001900,0.1091,0.007700,0.067900,0.6311,0.004900,2.3813,0.000300,0.1972,0.000600,0.000400,0.027900,0.3086,1.5366,0.023800,0.8722,0.1212,0.002000,0.011600,0.000500,0.030800,0.1160,8.2402,8.7628,13.0955,634,16,0.2500,0,16,3.8438,1,0,0,629,1,0,115,102,13,0,-1,-1,0,-1,-1,13.9904,4.9185,0,1525.2227,1525.2227,1525.0977,95,876,561,321,0,0,0.001000,0,0,0.014200,0.081500,0.000700,0.012400,0.069400,0.040200,0.000900,0.001700,0.000200,0.001300,0.006200,0.001300,0.003700,0.023000,0.1432,0.059700,0.093300,0.1453,0.038800,0.1952,0.033000,0.064400,0.000300,0.001700,0.062800,0.008200,0.001400,0.000500,0.025000,0.006000,0.011800,0.001100,0.1412,0.026900,0.043300,0.1908,0.069000,0.001200,0.041000,0.002800,0.017900,0.023700,0.017100,8.0390,0.057500,0.006500,0.000200,0,11.9112,0,0,0,0,0,0,0,50,0,0,0,0,1,1,9,9,2,1,1,4,1,1,1,1,1,1,7,7,1,1,50,9,6,42,76,794,950,0,0,0,0,0,-100,-100,-100,-100,600,1440,107.7673,0,0,-0.000000,-1,0,0,0,1,0,13.7344,5,50,75.1289,13.7344,0,0,48.9844,0,100,0,0,0,0,0,0,0,0,0,0.4309,0.4309,1,0.4309,0.4309,28.7378,8.9635,20141,90,568,135,12269.0430,3608.0625,7258.2383,0,15877.1172,9.8047,2.1567,8.3758,9.8047,2.1567,2.9899,33.3333,6.3273,23.8029,0.000600,0.021500,0.000600,0.000600,0.001600,0.007200,0.000600,0.082700,0,0.020500,0.028200,0.039700,0.3508,0.1930,0.019400,0.006200,0.067000,0,0.045900,0.025600,0.2077,0.005100,0.031900,0.1318,0.016100,0.1016,0.4275,0.6547,0.2917,0.057200,2.3935,0.095300,0.030700,0.039800,0.6845,0.086200,0.002000,0.002600,0.060500,0.1987,0.050200,0.000800,0.5957,933,387546,0,0,0,0,0,0,0.007800,0,0.008300,0,0,0,0,0,0,0,0,0,0,0,0,0,0,0,0,0,0,0
,0.012500,0.015300,2,57,0,55,0,0,13,233,12,0,454,3,0,0,12,2,0,0,0,0,0.010500,0.014400,0.3180,0.005000,0.009100,0.001000,0.8231,0.1842,0.047800,0.1287,0.000700,0.037000,0,0,768,256,11229,3565.7148,15494.9102,239.1602,0.001000,4,0.000300,0.1340,0.002100,0.2323,0.1853,0,0,0.095700,0.2520,2.9056,0.064300,0.000200,0.001200,0.000200,0.000200,0.006300,0.006300,0.048700,0.005200,0.031500,0.2093,0.010800,0.006300,0.3057,0.027600,0.009300,0.029700,0.011100,0.019000,0.095000,0.010000,0.077300,0.002100,0.1159,0.026000,0.1019,0.6205,0.005300,2.3839,0.000300,0.2434,0.000600,0.000400,0.030600,0.3136,0.6986,0.025500,1.0251,0.1518,0.002100,0.009900,0.000500,0.039000,0,9.0591,8.7628,13.0955,634,16,0.2500,0,16,3.8438,1,0,0,629,1,0,115,102,13,0,-1,-1,0,-1,-1,13.9904,4.9185,0,1525.2227,1525.2227,1525.0977,95,879,561,321,0,0,0.001000,0,0,0.015200,0.094600,0.000600,0.012800,0.089400,0.037400,0.001000,0.001900,0.000300,0.001600,0.006800,0.001100,0.004000,0.024100,0.1283,0.054700,0.074900,0.1555,0.042900,0.1817,0.022500,0.4778,0.000300,0.001800,0.064500,0.008600,0.001400,0.000700,0.028700,0.006700,0.012300,0.001300,0.1440,0.014600,0.040900,0.2133,0.072600,0.001000,0.042000,0.002400,0.032800,0.021900,0.017200,8.4809,0.062100,0.005400,0.000100,0,10.2139,0,0,0,0,0,0,0,50,0,0,0,0,1,1,9,9,2,1,1,4,1,1,1,1,1,1,7,7,1,1,50,9,6,42,76,794,950,0,0,0,0,0,-100,-100,-100,-100,600,1440,107.7673,0,0,-0.000000,-1,0,0,0,1,0,13.7344,5,50,75.1289,13.7344,0,0,48.9844,0,100,0,0,0,0,0,0,0,0,0,0.5910,0.5910,1,0.5910,0.5910,39.8241,8.9635,20141,90,568,135,12269.0234,3608.0625,7258.2383,0,15877.1055,11.4406,2.5861,7.5201,11.4406,2.5861,2.8956,33.3333,5.8688,24.5166,0.000200,0.018000,0.000500,0.000600,0.001800,0.007300,0.000600,0.068300,0,0.019500,0.028600,0.037900,0.3557,0.2409,0.019400,0.006200,0.069400,0,0.044600,0.025900,0.2193,0.005100,0.039100,0.1366,0.015600,0.1007,0.4441,1.1750,0.7546,0.059400,2.1288,0.094200,0.030700,0.037000,0.6822,0.092100,0.001800,0.002500,0.059700,0.2141,0.049200,0.000600,0.6342,959,393254,0,0,0,0,0,0,0,0,0.013100,0,0,0,0,0,0,0,0,0,0,0,0,0,0,0,0,0,0,0
,0.014400,0.006200,2,60,0,58,0,0,13,233,27,0,454,3,0,0,12,2,0,0,0,0,0,0.007700,0.3569,0.004300,0.010700,0.000900,0.8878,0.2252,0.052400,0.1299,0.001300,0.033300,0,1,768,256,11229,3565.7148,15494.9102,239.1602,0.002100,2,0.000500,0.013900,0.002200,0.020900,0.1850,0,0,0.063300,0.3232,2.6421,0.071100,0.000200,0.001400,0.000200,0.000300,0.006600,0.008000,0.058200,0.007300,0.041100,0.1087,0.014700,0.007200,1.2143,0.025000,0.008400,0.033700,0.011800,0.018700,0.094000,0.010600,0.078500,0.002200,0.098500,0.007900,0.070400,0.5969,0.004500,2.3049,0.000200,0.1791,0.000500,0.000400,0.030500,0.3741,0.6489,0.025900,0.9388,0.1304,0.001900,0.010700,0.000600,0.034900,0.3347,8.1274,8.7628,13.0955,634,16,0.2500,0,16,3.8438,1,0,0,629,1,0,115,102,13,0,-1,-1,0,-1,-1,13.9904,4.9185,0,1525.2227,1525.2227,1525.0977,95,878,561,321,0,0,0.000900,0,0,0.014800,0.076600,0.000500,0.011200,0.070300,0.040400,0.000800,0.001500,0.000200,0.001900,0.006300,0.001200,0.003700,0.045000,0.1426,0.055700,0.092200,0.1600,0.042900,0.2265,0.019600,0.3763,0.000200,0.005900,0.064700,0.008600,0.001300,0.000600,0.026800,0.006400,0.013100,0.001300,0.1664,0.017500,0.058000,0.2303,0.071000,0.001200,0.046600,0.002000,0.036300,0.022900,0.017900,7.3941,0.073200,0.006200,0.000100,0.002300,11.0016,0,0,0,0,0,0,0,50,0,0,0,0,1,1,9,9,2,1,1,4,1,1,1,1,1,1,7,7,1,1,50,9,6,42,76,794,950,0,0,0,0,0,-100,-100,-100,-100,600,1440,107.7673,0,0,-0.000000,-1,0,0,0,1,0,13.7344,5,50,75.1289,13.7344,0,0,48.9844,0,100,0,0,0,0,0,0,0,0,0,0.4511,0.4511,1,0.4511,0.4511,49.7861,8.9635,20141,90,568,135,12261.9375,3608.0625,7258.2383,0,15877.0859,9.9205,2.4849,8.3713,9.9205,2.4865,2.8062,33.3333,6.2729,23.2352,0.000600,0.022700,0.000600,0.000700,0.001700,0.008800,0.000700,0.074300,0,0.021500,0.028400,0.042700,0.3354,0.1921,0.018400,0.006100,0.061600,0,0.047000,0.022400,0.1961,0.005100,0.032000,0.1346,0.015200,0.089700,0.4319,0.6968,0.3696,0.057400,2.4589,0.095300,0.030700,0.039600,0.6865,0.095700,0.001900,0.002300,0.060600,0.1914,0.050200,0.000600,0.6001,976,398958,0,0,0,0,0,0,0.003800,0.001800,0.007900,0,0,0,0,0,0,0,0,0,0,0,0,0,0,0,0,0,0,0
,0.016300,0.006400,2,62,0,60,0,0,13,233,25,0,454,3,0,0,12,2,0,0,0,0,0.027000,0.009700,0.3564,0.007200,0.010100,0.001100,0.8908,0.2195,0.054900,0.1374,0.001100,0.028000,0,0,768,256,11229,3565.7148,15494.9102,239.1602,0.001400,5,0.000400,0.008900,0.002000,0.018300,0.1939,0,0,0.062200,0.2240,2.6705,0.070100,0.000200,0.001300,0.000300,0.000300,0.007600,0.007400,0.048000,0.006100,0.031900,0.1534,0.010200,0.007000,1.4066,0.027700,0.009000,0.031300,0.012100,0.018900,0.086000,0.010000,0.075200,0.002000,0.098400,0.008000,0.063200,0.6019,0.004600,2.2972,0.000300,0.1929,0.000600,0.000400,0.027700,0.3884,0.7080,0.024000,0.9577,0.1547,0.002100,0.010700,0.000500,0.032200,0.2153,8.7260,8.7628,13.0955,634,16,0.2500,0,16,3.8438,1,0,0,629,1,0,115,102,13,0,-1,-1,0,-1,-1,13.9904,4.9185,0,1525.2227,1525.2227,1525.0977,95,882,561,321,0,0,0.000900,0,0,0.016500,0.086500,0.000500,0.012300,0.075400,0.044500,0.000900,0.001800,0.000200,0.001600,0.007300,0.001100,0.005200,0.027500,0.1484,0.082200,0.083400,0.1832,0.065900,0.2013,0.023800,0.2253,0.000300,0.001900,0.066500,0.009300,0.001500,0.000700,0.028400,0.006200,0.012500,0.001100,0.1503,0.017800,0.045500,0.1987,0.069600,0.001200,0.021900,0.004100,0.017600,0.024300,0.018300,8.2949,0.058900,0.006800,0.000100,0,10.0030,0,0,0,0,0,0,0,50,0,0,0,0,1,1,9,9,2,1,1,4,1,1,1,1,1,1,7,7,1,1,50,9,6,42,76,794,950,0,0,0,0,0,-100,-100,-100,-100,600,1440,107.7673,0,0,-0.000000,-1,0,0,0,1,0,13.7344,5,50,75.1289,13.7344,0,0,48.9844,0,100,0,0,0,0,0,0,0,0,0,0.6178,0.6178,1,0.6178,0.6178,60.4847,8.9635,20141,90,568,135,12268.8828,3608.0625,7258.2383,0,15870,10.6196,2.5090,7.3553,10.6196,2.5090,3.0365,33.3333,6.3269,23.2816,0.000600,0.020000,0.000600,0.000700,0.001800,0.008600,0.000600,0.072200,0,0.018500,0.021100,0.037600,0.3695,0.1919,0.020500,0.005100,0.066600,0,0.045000,0.007400,0.2009,0.006200,0.032600,0.1377,0.015600,0.090700,0.4265,0.7547,0.3106,0.057300,2.1665,0.094200,0.030800,0.039100,0.6858,0.077400,0.002000,0.002300,0.060200,0.1956,0.050200,0.000500,0.6517,992,400710,0,0,0,0,0,0,0,0,0.007300,0,0,0,0,0,0,0,0,0,0,0,0,0,0,0,0,0,0,0
,0.020000,0.013900,2,70,0,68,0,0,14,233,27,0,454,3,0,0,13,2,0,0,0,0,0.008600,0.009000,0.3354,0.005600,0.009400,0.001000,0.8630,0.1832,0.053700,0.1277,0.001900,0.039700,0.007500,1,768,256,11229,3565.7148,15494.9102,239.1602,0.001700,5,0.000100,0.007800,0.002400,0.018300,0.2091,0,0,0.053700,0.2626,2.8532,0.067200,0.000300,0.001100,0.000200,0.000300,0.006600,0.006400,0.048200,0.005100,0.032600,0.1254,0.010800,0.006500,1.4335,0.028200,0.008700,0.041600,0.011200,0.018800,0.082900,0.010900,0.075800,0.002100,0.098000,0.008700,0.076000,0.6365,0.005900,2.4420,0.000100,0.2019,0.000500,0.000300,0.031500,0.3230,0.6995,0.025800,0.9682,0.1563,0.002100,0.011100,0.000400,0.036900,0.2840,9.0750,8.7628,13.0955,634,16,0.2500,0,16,3.8438,1,0,0,629,1,0,115,102,13,0,-1,-1,0,-1,-1,13.9904,4.9185,0,1525.2227,1525.2227,1525.0977,95,883,561,321,0,0,0.000800,0,0,0.015500,0.079500,0.000500,0.011900,0.069100,0.041000,0.000900,0.001500,0.000200,0.001500,0.006100,0.000900,0.003600,0.023600,0.1450,0.069500,0.081600,0.1436,0.035700,0.1730,0.032300,0.077900,0.000100,0.001800,0.061500,0.007700,0.001400,0.000500,0.023600,0.006000,0.011900,0.001200,0.1319,0.014000,0.038100,0.2045,0.066600,0.001200,0.043800,0.002200,0.033900,0.023100,0.017100,8.5897,0.090700,0.005900,0.000100,0,10.7033,0,0,0,0,0,0,0,50,0,0,0,0,1,1,9,9,2,1,1,4,1,1,1,1,1,1,7,7,1,1,50,9,6,42,76,794,950,0,0,0,0,0,-100,-100,-100,-100,600,1440,107.7673,0,0,-0.000000,-1,0,0,0,1,0,13.7344,5,50,75.1289,13.7344,0,0,48.9844,0,100,0,0,0,0,0,0,0,0,0,0.4239,0.4239,1,0.4239,0.4239,8.2808,8.9635,20141,90,568,135,12268.8711,3608.0625,7258.2383,0,15876.9453,10.7294,2.1145,7.3483,10.7294,2.1164,2.9139,33.3333,6.1681,24.5852,0.000600,0.020600,0.000600,0.000600,0.001700,0.008600,0.000600,0.072400,0.001000,0.018400,0.027500,0.039100,0.3419,0.3175,0.019500,0.006100,0.065600,0,0.047900,0.009000,0.1729,0.005100,0.031600,0.1371,0.014600,0.099200,0.4332,0.7106,0.3981,0.057300,2.8685,0.094200,0.031700,0.039900,0.6871,0.081400,0.001700,0.003000,0.061200,0.1978,0.051200,0.000700,0.6034,988,411812,0.047700,2375,1329,0,0.9447,0,0.007500,0.002100,0.008200,0,300000,0,0,0,0,0.8000,50000,1,0,0,0,0,0,0,0,0,0,0
,0.016900,0.005900,2,59,0,57,0,0,13,233,31,0,454,3,0,0,12,2,0,0,0,0,0,0.006300,0.3262,0.005000,0.008400,0.001200,0.8847,0.1794,0.052300,0.1263,0.000800,0.028700,0,1,768,256,11229,3565.7148,15494.9102,239.1602,0.001200,3,0.000500,0.007800,0.001900,0.018800,0.1821,0,0,0.059400,0.2537,2.6294,0.069100,0.000200,0.001200,0.000300,0.000200,0.006800,0.007800,0.048600,0.005500,0.030800,0.1244,0.011200,0.006400,1.3749,0.027900,0.008700,0.027800,0.012000,0.019500,0.077500,0.009300,0.073300,0.002200,0.084600,0.008300,0.067200,0.5875,0.004300,2.4622,0.000200,0.1879,0.000500,0.000300,0.030500,0.3776,0.9101,0.025900,0.9747,0.1759,0.002500,0.009300,0.000500,0.035100,0.1228,9.5358,8.7628,13.0955,634,16,0.2500,0,16,3.8438,1,0,0,629,1,0,115,102,13,0,-1,-1,0,-1,-1,13.9904,4.9185,0,1525.2227,1525.2227,1525.0977,95,886,561,321,0,0,0.000800,0,0,0.014800,0.080500,0.000600,0.010800,0.068000,0.037300,0.000900,0.001400,0.000200,0.001500,0.005800,0.001100,0.004200,0.022800,0.1617,0.054400,0.079300,0.1561,0.046000,0.1727,0.027000,0.1163,0.000200,0.001600,0.062400,0.007900,0.001100,0.000600,0.025400,0.006100,0.011600,0.001000,0.1391,0.015000,0.041400,0.2072,0.068800,0.001100,0.043400,0.003000,0.031700,0.023400,0.017600,8.9347,0.057100,0.006900,0.000200,0.006300,10.6582,0,0,0,0,0,0,0,50,0,0,0,0,1,1,9,9,2,1,1,4,1,1,1,1,1,1,7,7,1,1,50,9,6,42,76,794,950,0,0,0,0,0,-100,-100,-100,-100,600,1440,107.7673,0,0,-0.000000,-1,0,0,0,1,0,13.7344,5,50,75.1289,13.7344,0,0,48.9844,0,100,0,0,0,0,0,0,0,0,0,0.4911,0.4911,1,0.4911,0.4911,19.3200,8.9635,20141,90,568,135,12268.8438,3608.0625,7258.2383,0,15876.9336,11.1500,2.1131,8.0452,11.1500,2.1131,2.8914,33.3333,6.1882,23.5665,0.000700,0.022600,0.000500,0.000600,0.001700,0.008400,0.000700,0.072400,0,0.020500,0.032600,0.038400,0.3552,0.1952,0.018400,0.007200,0.066600,0,0.044300,0.008800,0.1917,0.005100,0.032700,0.1321,0.015000,0.090900,0.4259,0.7924,0.2987,0.057400,2.3120,0.094200,0.031800,0.038700,0.6924,0.091100,0.002200,0.004400,0.061600,0.1986,0.049200,0.000600,0.6098,1050,426304,0,0,0,0,0,0,0,0,0.008200,0,0,0,0,0,0,0,0,0,0,0,0,0,0,0,0,0,0,0
,0.017800,0.006600,2,80,0,78,0,0,14,233,43,0,454,3,0,0,13,2,0,0,0,0,0.018600,0.007200,0.3484,0.005700,0.009900,0.001300,0.8736,0.1880,0.052300,0.1382,0.001400,0.027500,0.001100,1,768,256,11229,3565.7148,15494.9102,239.1602,0.002600,3,0.000500,0.012900,0.002200,0.020800,0.1739,0,0,0.054600,0.2979,2.6100,0.068300,0.000300,0.001400,0.000200,0.000300,0.007000,0.008100,0.046000,0.005200,0.032800,0.1382,0.011400,0.006000,1.6106,0.027800,0.009200,0.036200,0.012700,0.018600,0.080900,0.009700,0.073600,0.002100,0.076500,0.008000,0.068600,0.5990,0.004500,2.3397,0.000200,0.1832,0.000800,0.000400,0.028500,0.3991,0.6471,0.025600,1.1165,0.4033,0.001800,0.011800,0.000700,0.034500,0.1404,9.5397,8.7628,13.0955,634,16,0.2500,0,16,3.8438,1,0,0,629,1,0,115,102,13,0,-1,-1,0,-1,-1,13.9904,4.9185,0,1525.2227,1525.2227,1441.6289,95,879,561,322,0,0,0.001200,0,0,0.016400,0.079200,0.000800,0.011300,0.069600,0.039500,0.000800,0.001500,0.000300,0.001400,0.006100,0.001200,0.004100,0.021500,0.1403,0.056000,0.075000,0.1579,0.045700,0.1762,0.031900,0.071500,0.000300,0.001400,0.061300,0.008600,0.001100,0.000400,0.026600,0.006200,0.012500,0.001100,0.1453,0.014100,0.042400,0.1924,0.069300,0.001200,0.041300,0.002600,0.017200,0.023100,0.017300,8.9177,0.067900,0.006500,0.000100,0,11.0178,0,0,0,0,0,0,0,50,0,0,0,0,1,1,9,9,2,1,1,4,1,1,1,1,1,1,7,7,1,1,50,9,6,42,76,794,950,0,0,0,0,0,-100,-100,-100,-100,600,1440,107.7673,0,0,-0.000000,-1,0,0,0,1,0,13.7344,5,50,75.1289,13.7344,0,0,48.9844,0,100,0,0,0,0,0,0,0,0,0,0.4205,0.4205,1,0.4205,0.4205,30.3434,8.9635,20141,90,568,135,12268.8438,3608.0625,7258.2383,0,15876.9062,10.9109,2.0250,7.3859,10.9109,2.0250,2.8510,33.3333,6.0132,24.0236,0.000200,0.022600,0.000500,0.000600,0.001600,0.013000,0.000600,0.076600,0.001000,0.020500,0.026900,0.034800,0.3434,0.1863,0.019500,0.005100,0.067500,0,0.046500,0.019800,0.2028,0.006100,0.032700,0.1336,0.015100,0.086900,0.4260,0.7076,0.3041,0.054400,2.5519,0.095200,0.031700,0.039800,0.6903,0.086900,0.002100,0.002500,0.061900,0.1927,0.050100,0.000500,0.8840,963,394744,0,0,0,0,0,0,0,0,0.008000,0,0,0,0,0,0,0,0,0,0,0,0,0,0,0,0,0,0,0
,0.015000,0.1251,2,57,0,55,0,0,13,233,14,0,454,3,0,0,12,2,0,0,0,0,0.008200,0.008000,0.3203,0.006000,0.008000,0.000900,0.8687,0.1631,0.047800,0.1249,0.000700,0.026000,0,1,768,256,11229,3565.7148,15494.9102,239.1602,0.001200,5,0.000200,0.006600,0.002000,0.012200,0.1958,0,0,0.059500,0.2822,2.5092,0.086900,0.000200,0.001000,0.000300,0.000300,0.006000,0.006200,0.043800,0.004700,0.030900,0.1022,0.011200,0.005900,1.3243,0.027700,0.008600,0.035000,0.011100,0.018400,0.094000,0.010900,0.079900,0.001700,0.077900,0.007800,0.069700,0.5972,0.005400,2.3727,0.000500,0.1900,0.000500,0.000300,0.028000,0.3050,0.6657,0.024000,0.9130,0.4219,0.002000,0.012000,0.000400,0.034700,0,9.5437,8.7628,13.0955,634,16,0.2500,0,16,3.8438,1,0,0,629,1,0,115,102,13,0,-1,-1,0,-1,-1,13.9904,4.9185,0,1525.2227,1525.2227,1525.0977,95,878,561,322,0,0,0.000900,0,0,0.015400,0.081000,0.000600,0.012200,0.073600,0.043800,0.000900,0.001600,0.000300,0.001800,0.006900,0.000700,0.003700,0.024300,0.1451,0.061200,0.082700,0.1561,0.045000,0.1485,0.020800,0.1580,0.000200,0.001500,0.065100,0.008800,0.001400,0.000500,0.024600,0.006100,0.013000,0.001100,0.1467,0.013800,0.042100,0.2055,0.068600,0.001200,0.039900,0.002600,0.032200,0.023100,0.017500,9.2271,0.059400,0.007400,0.000100,0,11.0556,0,0,0,0,0,0,0,50,0,0,0,0,1,1,9,9,2,1,1,4,1,1,1,1,1,1,7,7,1,1,50,9,6,42,76,794,950,0,0,0,0,0,-100,-100,-100,-100,600,1440,107.7673,0,0,-0.000000,-1,0,0,0,1,0,13.7344,5,50,75.1289,13.7344,0,0,48.9844,0,100,0,0,0,0,0,0,0,0,0,0.4370,0.4370,1,0.4370,0.4370,41.7361,8.9635,20141,90,568,135,12268.8828,3608.0625,7258.2383,0,15876.9062,11.2406,2.2397,7.3702,11.2406,2.2408,2.9855,33.3333,6.0490,24.4703,0.000200,0.021500,0.000600,0.000700,0.001700,0.011000,0.001800,0.074300,0,0.019500,0.020400,0.032700,0.3600,0.1946,0.019500,0.005100,0.061700,0,0.045400,0.011100,0.1932,0.005100,0.032500,0.1408,0.015100,0.093900,0.4290,0.7357,0.3279,0.057300,3.3373,0.097300,0.031700,0.037900,0.6915,0.082800,0.001700,0.002500,0.060800,0.1975,0.050200,0.000600,0.6024,950,417128,0,0,0,0,0,0,0,0.001200,0.008500,0,0,0,0,0,0,0,0,0,0,0,0,0,0,0,0,0,0,0
,0.014700,0.073700,2,57,0,55,0,0,13,233,12,0,454,3,0,0,12,2,0,0,0,0,0.007600,0.002900,0.3203,0.004800,0.008000,0.001100,0.8596,0.1925,0.053200,0.1256,0.000800,0.030300,0,1,768,256,11229,3565.7148,15494.9102,239.1602,0.001700,2,0.000200,0.008600,0.002000,0.013100,0.1710,0,0,0.061000,0.2861,2.3820,0.065900,0.000400,0.001200,0.000300,0.000300,0.006900,0.006600,0.038600,0.005100,0.030100,0.095000,0.009900,0.006200,1.1576,0.025600,0.008200,0.031200,0.011200,0.017800,0.085700,0.009900,0.084300,0.002100,0.074600,0.007500,0.068500,0.5703,0.004200,2.2962,0.000200,0.1800,0.000600,0.000300,0.028100,0.2952,0.6081,0.022400,0.8629,0.1796,0.001700,0.009500,0.000400,0.034100,0,7.5280,8.7628,13.0955,634,16,0.2500,0,16,3.8438,1,0,0,629,1,0,115,102,13,0,-1,-1,0,-1,-1,13.9904,4.9185,0,1525.2227,1525.2227,1525.0977,95,873,561,322,0,0,0.001100,0,0,0.015300,0.079500,0.000700,0.013400,0.076300,0.038400,0.000800,0.001400,0.000200,0.001600,0.005700,0.001000,0.003700,0.021700,0.1482,0.053800,0.076100,0.1507,0.046800,0.2729,0.019700,1.1658,0.000300,0.001400,0.067500,0.008700,0.001300,0.000700,0.028200,0.006600,0.013300,0.001000,0.1464,0.016300,0.042700,0.1960,0.067500,0.001400,0.041100,0.002300,0.032000,0.020800,0.017000,6.8940,0.058600,0.005800,0.000100,0,11.4190,0,0,0,0,0,0,0,50,0,0,0,0,1,1,9,9,2,1,1,4,1,1,1,1,1,1,7,7,1,1,50,9,6,42,76,794,950,0,0,0,0,0,-100,-100,-100,-100,600,1440,107.7673,0,0,-0.000000,-1,0,0,0,1,0,13.7344,5,50,75.1289,13.7344,0,0,48.9844,0,100,0,0,0,0,0,0,0,0,0,1.5925,1.5925,1,1.5925,1.5925,51.9115,8.9635,20141,90,568,135,12268.8750,3608.0625,7258.2383,0,15876.9453,10.4484,3.2907,8.2284,10.4484,3.2907,2.9038,33.3333,6.1658,23.9376,0.000700,0.021400,0.000600,0.000600,0.001800,0.008900,0.000600,0.077500,0,0.020500,0.020500,0.031300,0.3354,0.2026,0.019400,0.006200,0.062100,0,0.046000,0.010600,0.1890,0.005100,0.032100,0.1429,0.015400,0.092300,0.4366,0.7637,0.3290,0.056300,2.4607,0.095200,0.031800,0.038300,0.6890,0.087800,0.002200,0.002300,0.061100,0.1977,0.050200,0.000500,0.6042,952,404178,0,0,0,0,0,0,0,0,0.008700,0,0,0,0,0,0,0,0,0,0,0,0,0,0,0,0,0,0,0
,0.014100,0.006000,2,57,0,55,0,0,13,233,16,0,454,3,0,0,12,2,0,0,0,0,0.009500,0,0.3141,0.005400,0.008500,0.001000,0.8491,0.1691,0.054000,0.1271,0.000900,0.028200,0,0,768,256,11229,3565.7148,15494.9102,239.1602,0.001700,4,0.000400,0.009400,0.002100,0.013200,0.1829,0,0,0.054700,0.2397,2.7298,0.064700,0.000200,0.001400,0.000200,0.000300,0.006800,0.005800,0.048100,0.005200,0.032700,0.1284,0.011900,0.006000,0.7241,0.029000,0.009200,0.027600,0.012100,0.019600,0.1178,0.010600,0.072500,0.002300,0.091400,0.009400,0.073400,0.5942,0.004700,2.3356,0.000300,0.1848,0.000500,0.000500,0.028900,0.3036,0.5964,0.023600,0.9088,0.1321,0.001900,0.009600,0.000400,0.034800,0.062600,7.2994,8.7628,13.0955,634,16,0.2500,0,16,3.8438,1,0,0,629,1,0,115,102,13,0,-1,-1,0,-1,-1,13.9904,4.9185,0,1525.2227,1525.2227,1525.0977,95,875,561,322,0,0,0.000900,0,0,0.014100,0.078900,0.000500,0.012000,0.073700,0.042500,0.000800,0.001600,0.000200,0.001400,0.006800,0.001100,0.003700,0.024300,0.1611,0.068300,0.077900,0.1488,0.040200,0.1570,0.026500,0.8522,0.000100,0.001500,0.064000,0.008200,0.001600,0.000700,0.027400,0.006900,0.012300,0.001200,0.1324,0.014300,0.040100,0.1962,0.064200,0.001000,0.040200,0.002300,0.027900,0.022600,0.019200,7.0729,0.064600,0.006500,0.000100,0,10.1866,0,0,0,0,0,0,0,50,0,0,0,0,1,1,9,9,2,1,1,4,1,1,1,1,1,1,7,7,1,1,50,9,6,42,76,794,950,0,0,0,0,0,-100,-100,-100,-100,600,1440,107.7673,0,0,-0.000000,-1,0,0,0,1,0,13.7344,5,50,75.1289,13.7344,0,0,48.9844,0,100,0,0,0,0,0,0,0,0,0,1.2074,1.2074,1,1.2074,1.2074,61.8482,8.9635,20141,90,568,135,12268.8750,3608.0625,7258.2383,0,15876.9375,9.6197,2.8837,7.3575,9.6197,2.8853,2.7682,33.3333,5.7969,24.9034,0.000600,0.021800,0.000600,0.000600,0.001700,0.007500,0.001600,0.074400,0,0.019500,0.020200,0.026600,0.3604,0.6524,0.019500,0.005100,0.062500,0,0.046600,0.010900,0.2035,0.005100,0.032400,0.7242,0.018800,0.094900,0.4334,0.6596,0.2980,0.056300,2.2622,0.093200,0.031700,0.039000,0.6968,0.078800,0.002200,0.004900,0.063200,0.1975,0.050200,0.000600,0.7201,927,386360,0,0,0,0,0,0.1354,0.002800,0.001700,0.008200,0,0,0,0,0,0,0,0,0,0,0,0,0,0,0,0,0,0,0
,0.073600,0.025000,2,57,0,55,0,0,13,233,13,0,454,3,0,0,12,2,0,0,0,0,0,0.008900,0.3230,0.005100,0.008300,0.001100,0.8543,0.2197,0.052200,0.1209,0.001500,0.026000,0,1,768,256,11229,3565.7148,15494.9102,239.1602,0.001600,2,0.000200,0.008900,0.002200,0.014900,0.2021,0,0,0.057500,0.2750,2.4952,0.062600,0.000200,0.001300,0.000200,0.000200,0.006200,0.006600,0.046500,0.005300,0.034100,0.1203,0.010800,0.006300,1.4630,0.025800,0.008500,0.028100,0.011600,0.018500,0.076000,0.008800,0.070800,0.001800,0.076000,0.007300,0.071500,0.5643,0.004100,2.4359,0.000400,0.2035,0.000500,0.000500,0.030100,0.3120,0.6717,0.026100,0.9418,0.1600,0.002200,0.010500,0.000400,0.036800,0.2892,7.6075,8.7628,13.0955,634,16,0.2500,0,16,3.8438,1,0,0,629,1,0,115,102,13,0,-1,-1,0,-1,-1,13.9904,4.9185,0,1525.2227,1525.2227,1525.0977,95,878,561,322,0,0,0.001000,0,0,0.016400,0.088600,0.000700,0.012600,0.075900,0.041700,0.000800,0.001900,0.000500,0.001800,0.007600,0.001000,0.003900,0.021000,0.1685,0.058900,0.079900,0.1636,0.047700,0.2088,0.020700,0.4275,0.000200,0.001800,0.066600,0.010300,0.001500,0.000400,0.027800,0.006600,0.012900,0.001300,0.1584,0.017400,0.044600,0.2276,0.072100,0.001600,0.026500,0.002800,0.035800,0.021900,0.018600,6.9473,0.057200,0.007200,0.000100,0.010100,9.9515,0,0,0,0,0,0,0,50,0,0,0,0,1,1,9,9,2,1,1,4,1,1,1,1,1,1,7,7,1,1,50,9,6,42,76,794,950,0,0,0,0,0,-100,-100,-100,-100,600,1440,107.7673,0,0,-0.000000,-1,0,0,0,1,0,13.7344,5,50,75.1289,13.7344,0,0,48.9844,0,100,0,0,0,0,0,0,0,0,0,0.4439,0.4439,1,0.4439,0.4439,7.4050,8.9635,20141,90,568,135,12268.8750,3608.0625,7258.2383,0,15876.9375,9.8402,2.5352,8.1951,9.8402,2.5352,2.7664,33.3333,5.7077,24.1493,0.000300,0.021800,0.000600,0.000600,0.001600,0.008500,0.000600,0.072200,0,0.018500,0.032300,0.039000,0.3357,0.1890,0.018400,0.007200,0.063400,0,0.046200,0.011200,0.2036,0.005100,0.032500,0.1391,0.016300,0.088300,0.4288,0.7321,0.3485,0.057400,2.4956,0.095300,0.030700,0.038900,0.6916,0.087700,0.001900,0.002400,0.063200,0.1997,0.049200,0.000800,0.5902,978,412638,0,2388,1351,0,1.6113,0,0,0,0.008800,0,0,0,0,0,0,0,0,0,0,0,0,0,0,0,0,0,0,0
,0.013600,0.017000,2,64,0,62,0,0,13,233,43,0,454,3,0,0,12,2,0,0,0,0,0.019600,0.010000,0.3264,0.005400,0.008900,0.001100,0.8649,0.3504,0.056100,0.1299,0.000900,0.027800,0,0,768,256,11229,3565.7148,15494.9102,239.1602,0.002200,4,0.000100,0.008300,0.001700,0.013400,0.1769,0,0,0.056800,0.2438,2.3986,0.065300,0.000200,0.001100,0.000200,0.000400,0.006100,0.006400,0.048500,0.005600,0.033300,0.1017,0.010600,0.006300,1.4169,0.025400,0.008100,0.035300,0.010900,0.017700,0.080200,0.009600,0.071400,0.002200,0.073400,0.007700,0.063600,0.5799,0.004900,2.3128,0.000200,0.1748,0.000500,0.000300,0.026100,0.3000,1.2690,0.023100,0.8649,0.1679,0.002200,0.012500,0.000500,0.034200,0.2182,9.0809,8.7628,13.0955,634,16,0.2500,0,16,3.8438,1,0,0,629,1,0,115,102,13,0,-1,-1,0,-1,-1,13.9904,4.9185,0,1525.2227,1525.2227,1525.0977,95,870,551,322,0,0,0.000900,0,0,0.015200,0.077700,0.000600,0.012600,0.064100,0.036600,0.000700,0.001600,0.000400,0.001500,0.006400,0.000900,0.003700,0.021800,0.1254,0.055800,0.075400,0.1440,0.045600,0.3306,0.018900,0,0.000200,0.001600,0.059300,0.008000,0.001300,0.000500,0.024600,0.006600,0.011200,0.000900,0.1344,0.014000,0.040900,0.1947,0.066500,0.001400,0.030000,0.002700,0.030400,0.021500,0.015100,8.5394,0.058000,0.010400,0.000100,0,9.5578,0,0,0,0,0,0,0,50,0,0,0,0,1,1,9,9,2,1,1,4,1,1,1,1,1,1,7,7,1,1,50,9,6,42,76,794,950,0,0,0,0,0,-100,-100,-100,-100,600,1440,107.7673,0,0,-0.000000,-1,0,0,0,1,0,13.7344,5,50,75.1289,13.7344,0,0,48.9844,0,100,0,0,0,0,0,0,0,0,0,0.4339,0.4339,1,0.4339,0.4339,18.0652,8.9635,20141,90,568,135,12268.8906,3608.0625,7258.2383,0,15876.9375,10.6687,2.1823,7.3386,10.6687,2.1823,2.7937,33.3333,5.5228,24.6872,0.000200,0.021100,0.000700,0.000600,0.001700,0.009100,0.000900,0.076100,0,0.020500,0.021000,0.034400,0.3605,0.1761,0.020400,0.005200,0.061700,0,0.045400,0.015200,0.1845,0.005100,0.032900,0.1310,0.016000,0.1021,0.4179,0.6845,0.3005,0.056300,2.1870,0.094200,0.031800,0.039600,0.6867,0.089600,0.002000,0.002500,0.061600,0.1945,0.050100,0.000600,1.0340,953,392352,0.050400,0,0,0,0,0,0,0,0.008300,0,0,0,0,0,0,0,0,0,0,0,0,0,0,0,0,0,0,0
,0.022100,0.005900,2,57,0,55,0,0,13,233,14,0,454,3,0,0,12,2,0,0,0,0,0.008200,0.002300,0.7830,0.006400,0.007300,0.001000,1.0757,0.1921,0.054200,0.1263,0.001100,0.036100,0,0,768,256,11229,3565.7148,15494.9102,239.1602,0.001500,4,0.000200,0.007800,0.001800,0.012500,0.1710,0,0,0.055300,0.1997,2.5614,0.062600,0.000300,0.001200,0.000200,0.000300,0.006600,0.006200,0.041100,0.005100,0.030600,0.1077,0.010500,0.006400,0.9505,0.027600,0.008300,0.029300,0.011900,0.017900,0.090200,0.007900,0.065600,0.002000,0.089900,0.008700,0.071900,0.6046,0.005200,2.3417,0.000400,0.1796,0.000400,0.000500,0.030400,0.3077,0.6356,0.023800,0.8993,0.1639,0.002100,0.009800,0.000500,0.033300,0,9.1236,8.7628,13.0955,634,16,0.2500,0,16,3.8438,1,0,0,629,1,0,115,102,13,0,-1,-1,0,-1,-1,13.9904,4.9185,0,1525.2227,1525.2227,1525.0977,95,875,561,322,0,0,0.000900,0,0,0.015400,0.078500,0.000600,0.011900,0.070300,0.040400,0.000800,0.001300,0.000200,0.001400,0.005700,0.001000,0.003800,0.021100,0.1439,0.052500,0.083500,0.1541,0.048600,0.1867,0.023600,0.1529,0.000200,0.006000,0.064000,0.009000,0.001300,0.000500,0.028600,0.006400,0.012600,0.001000,0.1412,0.017900,0.041700,0.1976,0.069500,0.001300,0.044900,0.002700,0.018400,0.024100,0.016400,8.6666,0.059000,0.007100,0.000100,0,10.6292,0,0,0,0,0,0,0,50,0,0,0,0,1,1,9,9,2,1,1,4,1,1,1,1,1,1,7,7,1,1,50,9,6,42,76,794,950,0,0,0,0,0,-100,-100,-100,-100,600,1440,107.7673,0,0,-0.000000,-1,0,0,0,1,0,13.7344,5,50,75.1289,13.7344,0,0,48.9844,0,100,0,0,0,0,0,0,0,0,0,0.5163,0.5163,1,0.5163,0.5163,28.9179,8.9635,20141,90,568,135,12268.8906,3608.0625,7258.2383,0,15876.9531,10.7431,2.1611,7.7404,10.7431,2.1611,2.8274,33.3333,5.7968,24.8667,0.000200,0.020200,0.000600,0.000600,0.001600,0.007400,0.000800,0.072700,0,0.018500,0.019500,0.036000,0.3563,0.1954,0.019400,0.006200,0.065800,0,0.045100,0.016700,0.1650,0,0.032200,0.1367,0.015600,0.089200,0.4266,0.6279,0.3647,0.061500,3.2738,0.096300,0.030700,0.039000,0.6924,0.084100,0.002000,0.002500,0.061500,0.1956,0.050100,0.000600,0.6135,948,389736,0,0,0,0,0,0,0,0,0.007600,0,0,0,0,0,0,0,0,0,0,0,0,0,0,0,0,0,0,0
,0.014400,0.009500,2,60,0,58,0,0,13,233,33,0,454,3,0,0,12,2,0,0,0,0,0.010000,0,0.3284,0.005300,0.009900,0.000900,0.8566,0.1628,0.050300,0.1257,0.000900,0.025200,0.001600,0,768,256,11229,3565.7148,15494.9102,239.1602,0.002300,0,0.000200,0.007900,0.001700,0.013600,0.1940,0,0,0.054700,0.2783,2.4527,0.066200,0.000200,0.001200,0.000300,0.000300,0.006500,0.006800,0.040600,0.005000,0.029700,0.095500,0.010100,0.005500,2.0199,0.040200,0.008700,0.032700,0.011300,0.018500,0.071700,0.009900,0.072700,0.001900,0.076100,0.008000,0.063600,0.5973,0.004600,2.3108,0.000200,0.2265,0.000600,0.000300,0.031000,0.2974,1.0326,0.022300,0.8108,0.5561,0.002200,0.010400,0.000600,0.038600,0.029400,7.9947,8.7628,13.0955,634,16,0.2500,0,16,3.8438,1,0,0,629,1,0,115,102,13,0,-1,-1,0,-1,-1,13.9904,4.9185,0,1525.2227,1525.2227,1441.5039,95,871,551,322,0,0,0.001600,0,0,0.016100,0.083500,0.000600,0.012000,0.068900,0.038000,0.000900,0.001800,0.000400,0.001700,0.006700,0.001100,0.003900,0.023000,0.1501,0.058800,0.075900,0.1483,0.036600,0.1764,0.025800,0.1142,0.000200,0.001600,0.063100,0.009000,0.001100,0.001000,0.027200,0.007100,0.011700,0.001000,0.1390,0.017500,0.042600,0.2068,0.073300,0.001400,0.044900,0.002500,0.034300,0.023700,0.019200,7.4718,0.057000,0.006100,0.000100,0,10.8709,0,0,0,0,0,0,0,50,0,0,0,0,1,1,9,9,2,1,1,4,1,1,1,1,1,1,7,7,1,1,50,9,6,42,76,794,950,0,0,0,0,0,-100,-100,-100,-100,600,1440,107.7673,0,0,-0.000000,-1,0,0,0,1,0,13.7344,5,50,75.1289,13.7344,0,0,48.9844,0,100,0,0,0,0,0,0,0,0,0,0.4631,0.4631,1,0.4631,0.4631,38.5416,8.9635,20141,90,568,135,12268.8867,3608.0625,7258.2383,0,15876.9531,9.6906,2.1359,8.1749,9.6906,2.1359,2.6888,33.3333,5.3628,24.4184,0.000200,0.021800,0.000500,0.000600,0.001800,0.006900,0.000600,0.072100,0,0.019400,0.027000,0.038100,0.3382,0.1887,0.019400,0.005200,0.066500,0,0.043400,0.013600,0.1923,0.005200,0.032900,0.1366,0.015600,0.090800,0.4272,0.6874,0.3413,0.056300,2.4840,0.095200,0.030700,0.040100,0.6863,0.071000,0.002100,0.002400,0.062000,0.1967,0.050100,0.000600,0.6052,954,394204,0,0,0,0,0,0,0.006000,0,0.007800,0,0,0,0,0,0,0,0,0,0,0,0,0,0,0,0,0,0,0
,0.025700,0.016500,2,62,0,60,0,0,13,233,25,0,454,3,0,0,12,2,0,0,0,0,0.008000,0.028000,0.6362,0.006000,0.008800,0.001100,0.8516,0.1957,0.055300,0.1371,0.001300,0.026200,0,0,768,256,11229,3565.7148,15494.9102,239.1602,0.006100,3,0,0.009100,0.002000,0.013800,0.1707,0,0,0.063500,0.2353,2.5226,0.065500,0.000200,0.001100,0.000300,0.000200,0.006300,0.007400,0.040600,0.004400,0.030400,0.1035,0.009900,0.005800,0.7592,0.026100,0.008000,0.026500,0.011800,0.018600,0.1035,0.009100,0.076900,0.002300,0.1332,0.007700,0.066700,0.5999,0.004400,2.2969,0.000400,0.1799,0.000500,0.000400,0.031200,0.2978,0.6380,0.023100,0.9221,0.5563,0.001900,0.013900,0.000400,0.033600,0,9.8069,8.7628,13.0955,634,16,0.2500,0,16,3.8438,1,0,0,629,1,0,115,102,13,0,-1,-1,0,-1,-1,13.9904,4.9185,0,1525.2227,1525.2227,1441.5039,95,870,551,321,0,0,0.001000,0,0,0.013900,0.077300,0.000400,0.011000,0.063400,0.039100,0.000900,0.001900,0.000100,0.001500,0.006400,0.001000,0.004000,0.022200,0.1512,0.055000,0.085600,0.1465,0.046700,0.1814,0.019200,0.1748,0.000300,0.001500,0.060600,0.007700,0.001200,0.000500,0.023500,0.005900,0.012000,0.001500,0.1249,0.013300,0.037500,0.1965,0.065900,0.001000,0.041200,0.002500,0.030000,0.022600,0.016300,9.3156,0.058400,0.006400,0,0,9.5697,0,0,0,0,0,0,0,50,0,0,0,0,1,1,9,9,2,1,1,4,1,1,1,1,1,1,7,7,1,1,50,9,6,42,76,794,950,0,0,0,0,0,-100,-100,-100,-100,600,1440,107.7673,0,0,-0.000000,-1,0,0,0,1,0,13.7344,5,50,75.1289,13.7344,0,0,48.9844,0,100,0,0,0,0,0,0,0,0,0,0.5457,0.5457,1,0.5457,0.5457,49.9658,8.9635,20141,90,568,135,12268.8867,3608.0625,7258.2383,0,15876.9492,11.4096,2.1513,7.3430,11.4096,2.1513,2.7891,33.3333,5.1764,24.7612,0.000600,0.021800,0.000600,0.000600,0.001700,0.011200,0.001600,0.074200,0,0.019400,0.028000,0.034600,0.3596,0.1947,0.019500,0.006100,0.062900,0.001100,0.045500,0.012600,0.1769,0,0.032300,0.1425,0.015200,0.091200,0.4336,0.7447,0.3475,0.056300,2.5087,0.095200,0.030700,0.039500,0.6932,0.088700,0.001900,0.002300,0.060800,0.1987,0.050200,0.000600,1.0046,968,394764,0,0,0,0,0,0.2063,0,0,0.007500,0,0,0,0,0,0,0,0,0,0,0,0,0,0,0,0,0,0,0
,0.021400,0.007300,2,70,0,68,0,0,14,233,30,0,454,3,0,0,13,2,0,0,0,0,0.009300,0.005800,0.3193,0.004700,0.007600,0.001000,0.7997,0.1721,0.047900,0.1137,0.001000,0.025000,0,1,768,256,11229,3565.7148,15494.9102,239.1602,0.001300,6,0,0.006500,0.001800,0.011900,0.1843,0,0,0.057800,0.2064,2.8000,0.069400,0.000200,0.001200,0.000200,0.000300,0.006100,0.006500,0.042600,0.004400,0.028300,0.1575,0.009200,0.005100,1.1985,0.078500,0.007200,0.029300,0.011700,0.018600,0.076200,0.008600,0.072400,0.001900,0.1097,0.008100,0.067600,0.5975,0.004800,2.3093,0.000400,0.1832,0.000600,0.000300,0.027300,0.3089,0.5626,0.022600,0.9021,0.078600,0.001600,0.009900,0.000500,0.034900,0,8.4408,8.7628,13.0955,634,16,0.2500,0,16,3.8438,1,0,0,629,1,0,115,102,13,0,-1,-1,0,-1,-1,13.9904,4.9185,0,1525.2227,1525.2227,1525.0977,95,871,551,321,0,0,0.000700,0,0,0.015900,0.084100,0.000700,0.012500,0.069900,0.040900,0.000900,0.001500,0.000100,0.001500,0.006100,0.001100,0.004500,0.022600,0.1382,0.055200,0.079100,0.1580,0.044400,0.1549,0.024200,0.2079,0.000100,0.001700,0.065400,0.009200,0.001300,0.000600,0.029400,0.006800,0.012400,0.001100,0.1397,0.015300,0.042200,0.1914,0.067500,0.001200,0.042300,0.002600,0.018000,0.022800,0.017100,8.1095,0.070300,0.006200,0.000100,0,11.4319,0,0,0,0,0,0,0,50,0,0,0,0,1,1,9,9,2,1,1,4,1,1,1,1,1,1,7,7,1,1,50,9,6,42,76,794,950,0,0,0,0,0,-100,-100,-100,-100,600,1440,107.7673,0,0,-0.000000,-1,0,0,0,1,0,13.7344,5,50,75.1289,13.7344,0,0,48.9844,0,100,0,0,0,0,0,0,0,0,0,0.5091,0.5091,1,0.5091,0.5091,60.2529,8.9635,20141,90,568,135,12268.8867,3608.0625,7258.2383,0,15876.9492,10.0981,2.1475,7.3983,10.0981,2.1475,3.0289,33.3333,5.5262,25.2190,0.000200,0.022200,0.000800,0.000600,0.001800,0.007500,0.001600,0.072800,0,0.023500,0.027900,0.039000,0.3445,0.1803,0.019500,0.006100,0.062300,0,0.041500,0.024900,0.1796,0,0.031700,0.1319,0.016600,0.094000,0.4413,0.7419,0.3159,0.057300,2.8610,0.1004,0.4649,0.049800,0.6896,0.087900,0.001900,0.002300,0.061700,0.1975,0.049200,0.000500,0.5977,939,388368,0,0,0,0,0,0,0,0,0.008500,0,0,0,0,0,0,0,0,0,0,0,0,0,0,0,0,0,0,0
,0.014800,0.006800,2,57,0,55,0,0,13,233,30,0,454,3,0,0,12,2,0,0,0,0,0.008000,0.004600,0.5615,0.006100,0.009100,0.000800,0.8433,0.1816,0.055300,0.1264,0.001200,0.025100,0.004900,1,768,256,11229,3565.7148,15494.9102,239.1602,0.002100,1,0.000400,0.010600,0.002200,0.019600,0.1831,0,0,0.053800,0.2337,2.5387,0.062100,0.000200,0.001400,0.000300,0.000300,0.006800,0.006100,0.044500,0.005600,0.032300,0.1281,0.009900,0.006200,1.3862,0.025800,0.008700,0.031100,0.011000,0.017900,0.097600,0.013500,0.079400,0.002300,0.1158,0.008100,0.068000,0.5936,0.004600,2.4084,0.000300,0.2049,0.000500,0.000400,0.030500,0.3095,0.6991,0.026400,1.1338,0.1118,0.002000,0.010000,0.000500,0.038700,0.1344,8.1538,8.7628,13.0955,634,16,0.2500,0,16,3.8438,1,0,0,629,1,0,115,102,13,0,-1,-1,0,-1,-1,13.9904,4.9185,0,1525.2227,1525.2227,1525.0977,95,874,561,321,0,0,0.001100,0,0,0.013600,0.077100,0.000500,0.010600,0.068300,0.038400,0.001000,0.001300,0.000100,0.001600,0.005700,0.000700,0.004000,0.018600,0.1507,0.050800,0.076100,0.1482,0.039700,0.2062,0.017500,0.1765,0.000200,0.001600,0.062300,0.008000,0.001300,0.000600,0.027000,0.006400,0.012100,0.001000,0.1968,0.013800,0.043100,0.2067,0.068000,0.001100,0.042100,0.002600,0.031700,0.022600,0.017100,7.7047,0.062000,0.006000,0.000100,0,10.3412,0,0,0,0,0,0,0,50,0,0,0,0,1,1,9,9,2,1,1,4,1,1,1,1,1,1,7,7,1,1,50,9,6,42,76,794,950,0,0,0,0,0,-100,-100,-100,-100,600,1440,107.7673,0,0,-0.000000,-1,0,0,0,1,0,13.7344,5,50,75.1289,13.7344,0,0,48.9844,0,100,0,0,0,0,0,0,0,0,0,0.4960,0.4960,1,0.4960,0.4960,9.1406,8.9635,20141,90,568,135,12268.8945,3608.0625,7258.2383,0,15876.9492,10.1078,2.2071,8.1961,10.1078,2.2071,2.7335,33.3333,5.4570,24.6421,0.000600,0.020900,0.000600,0.000800,0.001500,0.008700,0.000600,0.073200,0.001100,0.018400,0.031200,0.037100,0.3543,0.1840,0.018400,0.007200,0.065200,0,0.047000,0.025600,0.1783,0,0.031900,0.1349,0.016000,0.091500,0.4266,0.6836,0.3010,0.057300,2.3235,0.093200,0.031700,0.039300,0.6917,0.074600,0.002000,0.002900,0.061200,0.1996,0.050200,0.000600,0.6171,991,402150,0,2252,1261,0,2.2156,0,0.004400,0,0.008100,0,0,0,0,0,0,0,0,0,0,0,0,0,0,0,0,0,0,0
,0.014800,0.006400,2,74,0,72,0,0,14,233,43,0,454,3,0,0,13,2,0,0,0,0,0,0.006600,0.3320,0.006500,0.011100,0.001300,0.8834,0.1877,0.056500,0.1415,0,0.026600,0,0,768,256,11229,3565.7148,15494.9102,239.1602,0,5,0.000100,0.008100,0.002000,0.020000,0.2782,0,0,0.072400,0.2707,2.7011,0.066100,0.000200,0.001300,0.000300,0.000300,0.007400,0.007800,0.043400,0.005500,0.032800,0.2236,0.011700,0.007000,0.7393,0.027600,0.008100,0.036000,0.012200,0.020400,0.078600,0.008400,0.082800,0.002200,0.1265,0.009900,0.072200,0.6578,0.006100,2.4588,0.000300,0.2214,0.000600,0.000300,0.033700,0.3280,0.7074,0.029100,0.9324,0.1369,0.002000,0.009400,0.000600,0.037400,0.1375,9.0210,8.7628,13.0955,634,16,0.2500,0,16,3.8438,1,0,0,629,1,0,115,102,13,0,-1,-1,0,-1,-1,13.9904,4.9185,0,1525.2227,1525.2227,1525.0977,95,871,551,321,0,0,0.000900,0,0,0.014300,0.075300,0.000600,0.012000,0.068200,0.042900,0.001100,0.001600,0.000200,0.001400,0.006100,0.000800,0.004000,0.023100,0.1762,0.058400,0.086100,0.1525,0.041600,0.1604,0.024700,0.1115,0.000100,0.001400,0.062900,0.009100,0.001100,0.000400,0.026600,0.006600,0.012700,0.001100,0.1387,0.015200,0.040400,0.1961,0.067000,0.001100,0.019700,0.003400,0.032000,0.021500,0.016900,8.5091,0.059900,0.006900,0.000100,0.003400,9.9157,0,0,0,0,0,0,0,50,0,0,0,0,1,1,9,9,2,1,1,4,1,1,1,1,1,1,7,7,1,1,50,9,6,42,76,794,950,0,0,0,0,0,-100,-100,-100,-100,600,1440,107.7673,0,0,-0.000000,-1,0,0,0,1,0,13.7344,5,50,75.1289,13.7344,0,0,48.9844,0,100,0,0,0,0,0,0,0,0,0,0.4754,0.4754,1,0.4754,0.4754,19.7240,8.9635,20141,90,568,135,12268.8945,3608.0625,7258.2383,0,15876.9570,10.6710,2.1678,7.3990,10.6710,2.1688,2.7034,33.3333,5.2815,23.9168,0.000200,0.020600,0.000600,0.000600,0.001600,0.006900,0.000600,0.075500,0.001000,0.019300,0.019200,0.025700,0.3325,0.3141,0.019500,0.005100,0.067500,0.001000,0.044600,0.025000,0.1822,0.005100,0.033100,0.6184,0.020900,0.1130,0.4208,0.7006,0.3917,0.055400,2.0750,0.094300,0.030700,0.039700,0.6981,0.063700,0.001900,0.002500,0.062100,0.1997,0.049100,0.000600,0.6151,929,385942,0,0,0,0,0,0,0,0.001100,0.008100,0,0,0,0,0,0,0,0,0,0,0,0,0,0,0,0,0,0,0
,0.024700,0.006000,2,56,0,54,0,0,13,233,15,0,454,3,0,0,12,2,0,0,0,0,0.007300,0.009200,0.3427,0.006800,0.009400,0.001100,0.8950,0.1971,0.057600,0.1338,0.002500,0.028300,0.002200,1,768,256,11229,3565.7148,15494.9102,239.1602,0.003800,5,0.000400,0.009100,0.002200,0.020000,0.1893,0,0,0.060500,0.2915,2.6465,0.1141,0.000400,0.001300,0.000200,0.000200,0.007000,0.008300,0.046300,0.006300,0.032600,0.1762,0.011800,0.006600,1.4746,0.029200,0.008100,0.039300,0.012400,0.019800,0.085200,0.009900,0.079000,0.002500,0.1074,0.008400,0.072500,0.6352,0.006000,2.4604,0.000400,0.2240,0.000700,0.000300,0.031600,0.3182,0.7025,0.028000,0.9832,0.1577,0.001800,0.010800,0.000500,0.035800,0.2556,8.8594,8.7628,13.0955,634,16,0.2500,0,16,3.8438,1,0,0,629,1,0,115,102,13,0,-1,-1,0,-1,-1,13.9904,4.9185,0,1525.2227,1525.2227,1525.0977,95,874,561,321,0.002000,0.002000,0.001000,0,0,0.014800,0.088100,0.000900,0.011600,0.071100,0.038100,0.001000,0.001600,0.000300,0.001800,0.006700,0.001100,0.003900,0.021700,0.1638,0.054000,0.079900,0.1616,0.042100,0.1924,0.033300,0.059500,0.000100,0.001700,0.068000,0.008500,0.001300,0.000600,0.026200,0.006400,0.012600,0.001000,0.1424,0.015300,0.040500,0.2043,0.073200,0.001300,0.032700,0.002300,0.018600,0.023800,0.018600,8.2301,0.064600,0.007000,0.000100,0,10.5664,0,0,0,0,0,0,0,50,0,0,0,0,1,1,9,9,2,1,1,4,1,1,1,1,1,1,7,7,1,1,50,9,6,42,76,794,950,0,0,0,0,0,-100,-100,-100,-100,600,1440,107.7673,0,0,-0.000000,-1,0,0,0,1,0,13.7344,5,50,75.1289,13.7344,0,0,48.9844,0,100,0,0,0,0,0,0,0,0,0,0.4528,0.4528,1,0.4528,0.4528,30.0466,8.9635,20141,90,568,135,12267.8125,3608.0625,7258.2383,0,15876.9570,10.2877,2.0364,7.5654,10.2877,2.0373,2.9733,33.3333,5.7562,21.9076,0.000600,0.019300,0.000600,0.000700,0.001700,0.007400,0.000700,0.073100,0,0.019500,0.028000,0.040000,0.3562,0.1952,0.020400,0.005200,0.066200,0,0.046500,0.020800,0.1845,0,0.032000,0.1385,0.016400,0.090400,0.4258,0.6987,0.3093,0.057400,2.5417,0.095200,0.030800,0.038700,0.7004,0.074300,0.001700,0.002500,0.066500,0.2037,0.050200,0.000500,0.6024,972,393882,0.1154,0,0,0,0,0,0.004600,0.001100,0.008500,0,0,0,0,0,0,0,0,0,0,0,0,0,0,0,0,0,0,0
,0.083100,0.009400,2,72,0,70,0,0,14,233,28,0,454,3,0,0,13,2,0,0,0,0,0.032400,0.006400,0.3415,0.006300,0.009300,0.001200,0.9120,0.2032,0.054900,0.1311,0.001000,0.032200,0,1,768,256,11229,3565.7148,15494.9102,239.1602,0.002700,4,0.000100,0.008100,0.001600,0.020700,0.1837,0,0,0.061300,0.3137,2.8191,0.076500,0.000300,0.001400,0.000300,0.000200,0.007000,0.008800,0.052100,0.005200,0.035000,0.1360,0.011100,0.007200,1.1374,0.027000,0.009600,0.029500,0.012400,0.019700,0.087500,0.009500,0.072400,0.002200,0.1072,0.008300,0.068700,0.7016,0.007200,2.4885,0.000400,0.2473,0.000800,0.000300,0.034100,0.3349,0.7657,0.029100,1.1199,0.1675,0.002800,0.013000,0.000600,0.040200,0.3848,9.4261,8.7628,13.0955,634,16,0.2500,0,16,3.8438,1,0,0,629,1,0,115,102,13,0,-1,-1,0,-1,-1,13.9904,4.9185,0,1525.2227,1525.2227,1525.0977,95,871,551,321,0,0,0.001300,0,0,0.015600,0.080800,0.000600,0.011900,0.073000,0.042200,0.000800,0.001500,0.000300,0.001600,0.006500,0.001100,0.004000,0.022400,0.1857,0.057200,0.098900,0.2278,0.051300,0.1870,0.026800,0.1166,0.000300,0.001500,0.066800,0.008600,0.001500,0.000600,0.030200,0.006500,0.013300,0.001400,0.1501,0.015900,0.043200,0.2112,0.068100,0.001200,0.044100,0.002900,0.034800,0.022400,0.018400,8.8604,0.059700,0.006700,0.000100,0,10.4204,0,0,0,0,0,0,0,50,0,0,0,0,1,1,9,9,2,1,1,4,1,1,1,1,1,1,7,7,1,1,50,9,6,42,76,794,950,0,0,0,0,0,-100,-100,-100,-100,600,1440,107.7673,0,0,-0.000000,-1,0,0,0,1,0,13.7344,5,50,75.1289,13.7344,0,0,48.9844,0,100,0,0,0,0,0,0,0,0,0,0.5189,0.5189,1,0.5189,0.5189,41.2941,8.9635,20141,90,568,135,12266.7500,3608.0625,7258.2383,0,15875.8750,11.1984,2.3682,7.3611,11.2004,2.3682,3.1207,33.3333,5.4175,22.0470,0.000200,0.022600,0.000600,0.000700,0.001600,0.007600,0.000600,0.073300,0,0.018300,0.029700,0.039200,0.3418,0.1905,0.019400,0.007200,0.061000,0,0.045200,0.007100,0.1943,0.005100,0.032500,0.1379,0.014800,0.090000,0.4275,0.7540,0.2772,0.057400,2.3993,0.095200,0.030700,0.038900,0.6929,0.092900,0.003800,0.004400,0.062700,0.1997,0.050100,0.000600,1.0245,991,398298,0,0,0,0,0,0,0,0,0.009200,0,0,0,0,0,0,0,0,0,0,0,0,0,0,0,0,0,0,0
,0.016600,0.006000,2,73,0,71,0,0,13,233,43,0,454,3,0,0,12,2,0,0,0,0,0,0.002600,0.3739,0.007600,0.009200,0.001000,0.9547,0.2267,0.061100,0.1476,0,0.050300,0,0,768,256,11229,3565.7148,15494.9102,239.1602,0,4,0.000100,0.008800,0.002500,0.021600,0.1928,0,0,0.060700,0.2889,2.5434,0.074900,0.000200,0.001300,0.000300,0.000300,0.006900,0.009700,0.047900,0.005300,0.035400,0.1149,0.012200,0.005300,1.6000,0.031000,0.009100,0.032500,0.011600,0.019900,0.077200,0.009600,0.074500,0.002300,0.1157,0.008400,0.069600,0.6093,0.004900,2.3757,0.000300,0.2002,0.000600,0.000500,0.029900,0.2965,0.6883,0.026800,0.9288,0.1305,0.002100,0.009700,0.000300,0.035300,0.3310,9.7452,8.7628,13.0955,634,16,0.2500,0,16,3.8438,1,0,0,629,1,0,115,102,13,0,-1,-1,0,-1,-1,13.9904,4.9185,0,1525.2227,1525.2227,1525.0977,95,871,551,321,0,0,0.000900,0,0,0.016200,0.083900,0.000400,0.011500,0.071800,0.045200,0.000900,0.001400,0.000200,0.001500,0.005700,0.001000,0.003700,0.021700,0.1595,0.057500,0.081600,0.1675,0.040200,0.2167,0.031900,0.088700,0.000400,0.001800,0.069300,0.009500,0.001900,0.000600,0.026500,0.007100,0.012300,0.001400,0.1456,0.016400,0.042500,0.2105,0.072400,0.001400,0.042300,0.002700,0.034200,0.022800,0.018100,8.5503,0.061700,0.006000,0.000100,0,11.1938,0,0,0,0,0,0,0,50,0,0,0,0,1,1,9,9,2,1,1,4,1,1,1,1,1,1,7,7,1,1,50,9,6,42,76,794,950,0,0,0,0,0,-100,-100,-100,-100,600,1440,107.7673,0,0,-0.000000,-1,0,0,0,1,0,13.7344,5,50,75.1289,13.7344,0,0,48.9844,0,100,0,0,0,0,0,0,0,0,0,0.4836,0.4836,1,0.4836,0.4836,52.6031,8.9635,20141,90,568,135,12266.7070,3608.0625,7258.2383,0,15874.8125,11.4185,2.2216,7.8011,11.4185,2.2216,3.0141,33.3333,5.3423,20.6468,0.000600,0.022200,0.000600,0.000600,0.001700,0.008300,0.000600,0.072700,0,0.021500,0.027300,0.037400,0.3609,0.2089,0.019500,0.005100,0.065000,0.001000,0.045300,0.009700,0.1917,0,0.032600,0.1368,0.017300,0.093700,0.4380,0.7534,0.3269,0.056200,2.4567,0.095300,0.031700,0.039600,0.6897,0.089500,0.001800,0.002400,0.061100,0.1977,0.049200,0.000700,0.6197,924,385166,0,0,0,0,0,0,0,0,0.008400,0,0,0,0,0,0,0,0,0,0,0,0,0,0,0,0,0,0,0
,0.020100,0.009700,2,57,0,55,0,0,13,233,13,0,454,3,0,0,12,2,0,0,0,0,0.009000,0.012200,0.3592,0.005700,0.010000,0.001100,0.8951,0.2107,0.053400,0.1410,0.015500,0.030100,0,0,768,256,11229,3565.7148,15494.9102,239.1602,0.001600,6,0.000200,0.012700,0.002300,0.019400,0.1970,0,0,0.057100,0.3056,2.4545,0.060600,0.000200,0.001400,0.000200,0.000200,0.007000,0.007900,0.039400,0.005300,0.032900,0.1279,0.011500,0.006000,1.1787,0.026600,0.009400,0.040300,0.012100,0.017800,0.073500,0.013500,0.072600,0.001900,0.080000,0.007400,0.064500,0.5823,0.005200,2.3160,0.000300,0.1911,0.000600,0.000300,0.028100,0.2969,0.6929,0.025600,0.9149,0.4751,0.002200,0.011400,0.000500,0.034600,0.1158,9.2047,8.7628,13.0955,634,16,0.2500,0,16,3.8438,1,0,0,629,1,0,115,102,13,0,-1,-1,0,-1,-1,13.9904,4.9185,0,1525.2227,1525.2227,1525.0977,95,876,551,321,0,0,0.001000,0,0,0.015400,0.085000,0.000400,0.012100,0.078500,0.044400,0.000900,0.001900,0.000300,0.001800,0.007100,0.001400,0.004300,0.023200,0.2362,0.064000,0.078500,0.1654,0.044800,0.3644,0.023200,0.1082,0.000100,0.005800,0.065900,0.009100,0.001300,0.000400,0.025400,0.006700,0.012700,0.001100,0.1489,0.014900,0.042800,0.1998,0.071100,0.001100,0.040800,0.002600,0.019200,0.024800,0.017400,8.5393,0.063400,0.006000,0.000100,0,11.2011,0,0,0,0,0,0,0,50,0,0,0,0,1,1,9,9,2,1,1,4,1,1,1,1,1,1,7,7,1,1,50,9,6,42,76,794,950,0,0,0,0,0,-100,-100,-100,-100,600,1440,107.7673,0,0,-0.000000,-1,0,0,0,1,0,13.7344,5,50,75.1289,13.7344,0,0,48.9844,0,100,0,0,0,0,0,0,0,0,0,0.7240,0.7240,1,0.7240,0.7240,63.4899,8.9635,20141,90,568,135,12266.5000,3608.0625,7258.2383,0,15874.7695,10.8894,2.8967,7.8261,10.8894,2.8967,3.1300,33.3333,5.5406,22.5661,0.000600,0.022700,0.000600,0.000600,0.001900,0.007400,0.000600,0.072400,0,0.017400,0.030100,0.039500,0.3346,0.2040,0.019500,0.007100,0.066900,0,0.045400,0.009600,0.1804,0,0.032600,0.1325,0.016900,0.094400,0.4120,0.6447,0.2936,0.057400,2.3592,0.094200,0.030800,0.037700,0.6930,0.1301,0.002000,0.002700,0.062800,0.2017,0.050200,0.000500,0.5938,970,397274,0,0,0,0,0,0,0,0,0.008000,0,0,0,0,0,0,0,0,0,0,0,0,0,0,0,0,0,0,0
,0.018400,0.005700,2,64,0,62,0,0,13,233,45,0,454,3,0,0,12,2,0,0,0,0,0.013700,0.010300,0.3520,0.006500,0.008900,0.001100,0.8778,0.2109,0.055000,0.1264,0.002500,0.028700,0,0,768,256,11229,3565.7148,15494.9102,239.1602,0.008800,5,0.000400,0.012500,0.002400,0.020500,0.1802,0,0,0.063800,0.2200,2.3360,0.061100,0.000200,0.001600,0.000300,0.000500,0.007000,0.007800,0.039500,0.005500,0.030500,0.096200,0.010200,0.005800,0.4956,0.024500,0.008900,0.033900,0.011400,0.017000,0.080400,0.010300,0.068600,0.001800,0.089300,0.008200,0.076000,0.5883,0.004500,2.3913,0.000500,0.1900,0.000600,0.000300,0.029600,0.3829,0.5726,0.022200,0.8543,0.1592,0.001700,0.008500,0.000700,0.029200,0,9.0168,8.7628,13.0955,634,16,0.2500,0,16,3.8438,1,0,0,629,1,0,115,102,13,0,-1,-1,0,-1,-1,13.9904,4.9185,0,1525.2227,1525.2227,1525.0977,95,870,551,322,0,0,0.001200,0,0,0.015000,0.082300,0.000700,0.012000,0.067400,0.040000,0.001000,0.001800,0.000300,0.001400,0.006600,0.000900,0.003900,0.025000,0.1398,0.056700,0.077100,0.1431,0.045900,0.2716,0.018100,0,0.000300,0.001600,0.060400,0.008000,0.001000,0.000500,0.025400,0.006300,0.011800,0.000900,0.1411,0.015100,0.039500,0.2027,0.070100,0.001400,0.042500,0.002300,0.032700,0.023100,0.016600,8.4310,0.057300,0.006300,0.000100,0,10.8635,0,0,0,0,0,0,0,50,0,0,0,0,1,1,9,9,2,1,1,4,1,1,1,1,1,1,7,7,1,1,50,9,6,42,76,794,950,0,0,0,0,0,-100,-100,-100,-100,600,1440,107.7673,0,0,-0.000000,-1,0,0,0,1,0,13.7344,5,50,75.1289,13.7344,0,0,48.9844,0,100,0,0,0,0,0,0,0,0,0,0.4205,0.4205,1,0.4205,0.4205,11.6337,8.9635,20141,90,568,135,12266.5000,3608.0625,7258.2383,0,15874.5625,10.3625,1.9768,7.4018,10.3625,1.9768,2.9022,33.3333,5.6940,23.6556,0.000200,0.022400,0.000700,0.000600,0.001600,0.007300,0.000600,0.074600,0,0.019500,0.020900,0.026400,0.3547,0.1932,0.019400,0.005100,0.061600,0,0.045200,0.018500,0.1756,0,0.032500,0.1347,0.016000,0.087400,0.4255,0.7099,0.3078,0.057400,2.5528,0.096300,0.031700,0.039200,0.6873,0.092000,0.001900,0.002400,0.062600,0.1976,0.051200,0.000700,1.0358,918,385116,0,2127,1235,0,3.8368,0,0.001800,0,0.008500,0,0,0,0,0,0,0,0,0,0,0,0,0,0,0,0,0,0,0
,0.019800,0.005500,0,0,0,0,0,0,0,0,0,0,0,0,0,0,0,0,0,0,0,0,0.017200,0.008700,0.3358,0.005800,0.008700,0.001100,0.8937,0.1627,0.047800,0.1216,0.001300,0.024700,0,0,768,256,11229,3565.7148,15494.9102,239.1602,0.001700,2,0.000200,0.006800,0.001600,0.013000,0.1972,0,0,0.051300,0.2682,2.4245,0.061500,0.000200,0.001000,0.000300,0.000400,0.006800,0.005800,0.045900,0.004900,0.032400,0.1065,0.011300,0.006800,1.2790,0.025600,0.007800,0.029100,0.011400,0.018400,0.079900,0.010600,0.080800,0.002000,0.074300,0.007700,0.067300,0.5878,0.005100,2.3338,0.000300,0.1793,0.000500,0.000400,0.027200,0.3843,1.6074,0.022400,0.9019,0.8790,0.002200,0.010300,0.000500,0.040700,0.3487,7.5412,8.7628,13.0955,634,16,0.2500,0,16,3.8438,1,0,0,629,1,0,115,102,13,0,-1,-1,0,-1,-1,13.9904,4.9185,0,1525.2227,1525.2227,1441.5039,95,873,561,322,0,0,0.001000,0,0,0.017800,0.075600,0.000500,0.016100,0.067400,0.040000,0.000800,0.001400,0.000200,0.001800,0.006200,0.000900,0.003800,0.022800,0.1461,0.055700,0.1286,0.1498,0.044500,0.1405,0.021800,0.1276,0.000200,0.001300,0.063900,0.008700,0.001300,0.000500,0.026300,0.006800,0.011600,0.001100,0.1303,0.013700,0.040400,0.1884,0.065600,0.001100,0.038500,0.002100,0.030200,0.020200,0.014400,7.0352,0.057100,0.006900,0.000100,0.009300,10.3977,0,0,0,0,0,0,0,50,0,0,0,0,1,1,9,9,2,1,1,4,1,1,1,1,1,1,7,7,1,1,50,9,6,42,76,794,950,0,0,0,0,0,-100,-100,-100,-100,600,1440,107.7673,0,0,-0.000000,-1,0,0,0,1,0,13.7344,5,50,75.1289,13.7344,0,0,48.9844,0,100,0,0,0,0,0,0,0,0,0,0.4432,0.4432,1,0.4432,0.4432,20.6544,8.9635,20141,90,568,135,12266.5000,3608.0625,7258.2383,0,15874.5625,9.0148,2.0174,7.4018,9.0148,2.0182,2.7873,33.3333,5.7922,24.0278,0.000300,0.022400,0.000600,0.000900,0.001700,0.007200,0.001600,0.071500,0,0.019400,0.019200,0.032800,0.3530,0.1859,0.019500,0.006100,0.066200,0,0.046100,0.012100,0.1784,0,0.032700,0.1356,0.015900,0.090300,0.4301,0.7231,0.3271,0.057300,3.3792,0.096300,0.030700,0.038200,0.6951,0.077000,0.002100,0.002500,0.064500,0.1987,0.049200,0.000700,0.6033,940,389640,0,0,0,0,0,0,0,0.000900,0.007900,0,0,0,0,0,0,0,0,0,0,0,0,0,0,0,0,0,0,0
,0.014000,0.008900,4,117,0,113,0,0,26,466,34,0,908,6,0,0,24,4,0,0,0,0,0.009500,0,0.3449,0.005100,0.007700,0.001000,0.8870,0.2039,0.5791,0.1536,0.001000,0.088400,0,1,768,256,11229,3565.7148,15494.9102,239.1602,0.001900,5,0.000400,0.010100,0.002200,0.013200,0.1817,0,0,0.071000,0.2113,2.5094,0.054900,0.000300,0.001100,0.000300,0.000300,0.007000,0.008500,0.039700,0.004900,0.033900,0.1115,0.011100,0.005900,0.1070,0.025400,0.007800,0.030700,0.011600,0.019000,0.097000,0.011000,0.075700,0.002400,0.079600,0.008600,0.2818,0.6589,0.005800,2.4644,0.000400,0.2037,0.000500,0.000400,0.031700,0.3041,0.6669,0.024900,0.9111,0.1721,0.002100,0.009800,0.000600,0.036000,0,10.5466,8.7628,13.0955,634,16,0.2500,0,16,3.8438,1,0,0,629,1,0,115,102,13,0,-1,-1,0,-1,-1,13.9904,4.9185,0,1525.2227,1525.2227,1525.0977,95,875,561,322,0,0,0.000800,0,0,0.015000,0.080600,0.000600,0.013000,0.065500,0.039400,0.000900,0.001400,0.000400,0.001500,0.006000,0.001200,0.003800,0.023400,0.1330,0.058100,0.080000,0.1468,0.040600,0.3093,0.016300,0,0.000200,0.001400,0.060100,0.007700,0.001100,0.000600,0.022900,0.005700,0.011800,0.000900,0.1398,0.013200,0.036700,0.1844,0.068200,0.001400,0.022100,0.002900,0.016600,0.023000,0.016200,10.1253,0.092700,0.006300,0,0,9.0586,0,0,0,0,0,0,0,50,0,0,0,0,1,1,9,9,2,1,1,4,1,1,1,1,1,1,7,7,1,1,50,9,6,42,76,794,950,0,0,0,0,0,-100,-100,-100,-100,600,1440,107.7673,0,0,-0.000000,-1,0,0,0,1,0,13.7344,5,50,75.1289,13.7344,0,0,48.9844,0,100,0,0,0,0,0,0,0,0,0,0.4509,0.4509,1,0.4509,0.4509,32.7942,8.9635,20141,90,568,135,12266.5000,3608.0625,7258.2383,0,15874.5625,11.9959,1.9775,8.2541,11.9959,1.9787,2.7141,33.3333,5.4706,23.4135,0.000200,0.022000,0.000600,0.000600,0.001700,0.007400,0.000800,0.080100,0,0.018400,0.027900,0.034200,0.3519,0.1958,0.022600,0.006100,0.062400,0,0.047300,0.011400,0.1629,0.006200,0.031000,0.1371,0.016300,0.088300,0.4249,0.7548,0.3439,0.055400,2.4901,0.095200,0.030700,0.038500,0.6922,0.088600,0.001900,0.002400,0.062900,0.1976,0.050200,0.000600,0.6065,958,393956,0,0,0,0,0,0,0,0.001300,0.008700,0,0,0,0,0,0,0,0,0,0,0,0,0,0,0,0,0,0,0
,0.025400,0.006300,2,64,0,62,0,0,13,233,30,0,454,3,0,0,12,2,0,0,0,0,0.008900,0.009500,0.3465,0.005700,0.009300,0.001200,0.8733,0.1664,0.052500,0.1270,0.001200,0.024100,0.008600,0,768,256,11229,3565.7148,15494.9102,239.1602,0.001900,5,0.000300,0.008800,0.002200,0.014200,0.1837,0,0,0.062700,0.2943,2.6803,0.080000,0.000400,0.001700,0.000300,0.000200,0.007900,0.006800,0.048100,0.005000,0.035000,0.1436,0.011000,0.007200,1.7135,0.028200,0.007800,0.033300,0.012500,0.018600,0.082600,0.010300,0.073700,0.002300,0.076400,0.007500,0.069900,0.5838,0.004500,2.3071,0.000400,0.1805,0.000900,0.000400,0.027700,0.3019,0.8607,0.024100,0.9255,0.1476,0.001800,0.009900,0.000500,0.034800,0.1153,7.6208,8.7628,13.0955,634,16,0.2500,0,16,3.8438,1,0,0,629,1,0,115,102,13,0,-1,-1,0,-1,-1,13.9904,4.9185,0,1525.2227,1525.2227,1441.5039,95,873,561,322,0,0,0.001000,0,0,0.015100,0.081900,0.000500,0.011200,0.070300,0.042500,0.001000,0.001800,0.000400,0.001900,0.007100,0.001200,0.004500,0.022600,0.1827,0.054700,0.076900,0.1612,0.037300,0.1792,0.020600,0.031700,0.000200,0.001500,0.066700,0.007900,0.001100,0.000500,0.025800,0.006400,0.012700,0.001100,0.1399,0.014800,0.042100,0.2046,0.074100,0.001200,0.031500,0.002800,0.033600,0.022500,0.015800,7.0652,0.057600,0.006100,0.000100,0,12.2243,0,0,0,0,0,0,0,50,0,0,0,0,1,1,9,9,2,1,1,4,1,1,1,1,1,1,7,7,1,1,50,9,6,42,76,794,950,0,0,0,0,0,-100,-100,-100,-100,600,1440,107.7673,0,0,-0.000000,-1,0,0,0,1,0,13.7344,5,50,75.1289,13.7344,0,0,48.9844,0,100,0,0,0,0,0,0,0,0,0,0.4084,0.4084,1,0.4084,0.4084,41.9443,8.9635,20141,90,568,135,12265.7891,3608.0625,7258.2383,0,15874.5625,9.2887,2.0772,8.2541,9.2887,2.0772,3.1105,33.3333,5.8334,21.4782,0.000200,0.021700,0.000600,0.001300,0.001500,0.012300,0.000600,0.072400,0,0.018500,0.027500,0.034600,0.7987,0.2941,0.022500,0.006200,0.066000,0,0.044600,0.011700,0.2067,0.006200,0.036900,0.1847,0.023300,0.1025,0.4189,0.6883,0.3879,0.057300,2.0784,0.094200,0.031800,0.038800,0.6892,0.085100,0.002000,0.002400,0.062700,0.2007,0.049200,0.000600,0.6564,936,388740,0.052900,0,0,0,0,0,0.003200,0,0.007700,0,0,0,0,0,0,0,0,0,0,0,0,0,0,0,0,0,0,0
,0.020200,0.013400,2,57,0,55,0,0,13,233,12,0,454,3,0,0,12,2,0,0,0,0,0.009200,0.010600,0.3314,0.005200,0.007900,0.000700,0.8453,0.2132,0.050800,0.1253,0.000900,0.036300,0,0,768,256,11229,3565.7148,15494.9102,239.1602,0.001700,3,0.000400,0.008700,0.001900,0.014000,0.1823,0,0,0.061200,0.2466,2.5100,0.064500,0.000300,0.001800,0.000200,0.000300,0.006400,0.006700,0.040400,0.005100,0.033500,0.1120,0.011100,0.006200,0.5598,0.028900,0.009200,0.034600,0.011500,0.020000,0.092300,0.008500,0.069400,0.002000,0.084400,0.008000,0.068600,0.5985,0.004500,2.3117,0.000200,0.1988,0.000700,0.000400,0.029100,0.3057,0.9850,0.025600,0.9975,0.1426,0.002300,0.015700,0.000400,0.038300,0.1263,9.3509,8.7628,13.0955,634,16,0.2500,0,16,3.8438,1,0,0,629,1,0,115,102,13,0,-1,-1,0,-1,-1,13.9904,4.9185,0,1525.2227,1525.2227,1525.0977,95,874,561,322,0,0,0.000800,0,0,0.014200,0.080300,0.000500,0.012000,0.071000,0.041900,0.000800,0.001900,0.000300,0.001500,0.006300,0.001000,0.004100,0.021000,0.1485,0.057400,0.085400,0.1701,0.052900,0.2131,0.017800,0,0.000200,0.001900,0.064600,0.008300,0.001300,0.001000,0.025600,0.006200,0.012800,0.001200,0.1481,0.014800,0.045300,0.2129,0.068000,0.001100,0.047000,0.002800,0.034100,0.023500,0.017700,8.7605,0.059200,0.006400,0.000100,0.005700,9.1656,0,0,0,0,0,0,0,50,0,0,0,0,1,1,9,9,2,1,1,4,1,1,1,1,1,1,7,7,1,1,50,9,6,42,76,794,950,0,0,0,0,0,-100,-100,-100,-100,600,1440,107.7673,0,0,-0.000000,-1,0,0,0,1,0,13.7344,5,50,75.1289,13.7344,0,0,48.9844,0,100,0,0,0,0,0,0,0,0,0,0.4416,0.4416,1,0.4416,0.4416,52.9286,8.9635,20141,90,568,135,12259.6172,3608.0664,7258.2383,0,15873.8555,10.9873,2.0962,7.6233,10.9873,2.1907,2.9771,33.3333,5.5368,22.8537,0.000300,0.021900,0.000600,0.000600,0.001800,0.008900,0.000700,0.072000,0.001100,0.019500,0.019500,0.027300,0.3433,0.1950,0.019400,0.006200,0.067400,0,0.045200,0.010300,0.1763,0.005100,0.031900,0.1334,0.014900,0.088400,0.9019,0.7387,0.3493,0.057400,2.4790,0.096300,0.030700,0.039500,0.6988,0.4982,0.001900,0.002600,0.062800,0.1956,0.049200,0.000800,0.6127,948,390872,0,0,0,0,0,0.1529,0,0.094900,0.008300,0,0,0,0,0,0,0,0,0,0,0,0,0,0,0,0,0,0,0
,0.023600,0.005100,2,60,0,58,0,0,13,233,28,0,454,3,0,0,12,2,0,0,0,0,0,0.003500,0.3704,0.004800,0.008400,0.001100,0.9107,0.1681,0.052800,0.1503,0.001200,0.023500,0,0,768,256,11229,3565.7148,15494.9102,239.1602,0.001100,3,0.000200,0.010200,0.002100,0.014500,0.2307,0,0,0.066800,0.2694,2.5318,0.062800,0.000200,0.001200,0.000200,0.000200,0.007200,0.007400,0.040900,0.005200,0.032200,0.099900,0.010900,0.005900,1.2073,0.025100,0.007500,0.033400,0.011400,0.018600,0.078500,0.009800,0.073500,0.002100,0.1412,0.008300,0.080600,0.5968,0.004600,2.3352,0.000200,0.1923,0.000600,0.000400,0.028400,0.2945,0.6219,0.023500,1.3031,0.093000,0.002300,0.010000,0.000500,0.035700,0,8.3262,8.7628,13.0955,634,16,0.2500,0,16,3.8438,1,0,0,629,1,0,115,102,13,0,-1,-1,0,-1,-1,13.9904,4.9185,0,1525.2227,1525.2227,1525.0977,95,874,561,322,0,0,0.001100,0,0,0.014900,0.082600,0.000600,0.011700,0.070900,0.038400,0.000900,0.001600,0.000400,0.001500,0.006400,0.000900,0.004100,0.023300,0.1513,0.059400,0.082500,0.1522,0.045400,0.1596,0.023400,0.1669,0.000400,0.002000,0.067700,0.008500,0.001400,0.000500,0.027000,0.006300,0.012700,0.001100,0.1410,0.015700,0.042700,0.1887,0.067300,0.001300,0.040500,0.003200,0.017000,0.022800,0.017700,7.7408,0.061700,0.006200,0.000100,0,11.0377,0,0,0,0,0,0,0,50,0,0,0,0,1,1,9,9,2,1,1,4,1,1,1,1,1,1,7,7,1,1,50,9,6,42,76,794,950,0,0,0,0,0,-100,-100,-100,-100,600,1440,107.7673,0,0,-0.000000,-1,0,0,0,1,0,13.7344,5,50,75.1289,13.7344,0,0,48.9844,0,100,0,0,0,0,0,0,0,0,0,0.5059,0.5059,1,0.5059,0.5059,62.9192,8.9635,20141,90,568,135,12265.8398,3608.0664,7258.2383,0,15867.6836,10.0042,2.2814,7.6233,10.0042,2.2814,2.9138,33.3333,5.9232,22.3760,0.000200,0.022800,0.000600,0.000800,0.001800,0.008800,0.000500,0.072300,0,0.017400,0.027000,0.038200,0.3529,0.1953,0.019500,0.006100,0.061300,0,0.046200,0.015500,0.1936,0.005100,0.032700,0.1380,0.015600,0.089100,0.4270,0.6315,0.2837,0.061500,2.4033,0.095300,0.029700,0.038200,0.6851,0.097300,0.002100,0.005100,0.061600,0.1936,0.050100,0.000600,0.6071,963,395152,0,0,0,0,0,0,0,0,0.009300,0,0,0,0,0,0,0,0,0,0,0,0,0,0,0,0,0,0,0
,0.012400,0.008900,2,64,0,62,0,0,13,233,30,0,454,3,0,0,12,2,0,0,0,0,0.016700,0.007700,0.3212,0.005800,0.009100,0.001100,0.8659,0.1908,0.051900,0.1299,0.000600,0.021600,0,0,768,256,11229,3565.7148,15494.9102,239.1602,0.001600,3,0.000400,0.018500,0.002100,0.013300,0.1845,0,0,0.064800,0.2213,2.7171,0.070600,0.000300,0.001300,0.000200,0.000300,0.007400,0.007000,0.042800,0.005700,0.032900,0.1285,0.011900,0.006500,0.7664,0.026100,0.009400,0.8665,0.012400,0.019400,0.084600,0.009400,0.075600,0.002000,0.084400,0.009100,0.074100,0.6198,0.006100,2.4346,0.000200,0.1990,0.000600,0.000400,0.031900,0.3092,0.7931,0.026700,0.9579,0.1584,0.001700,0.009700,0.000500,0.034400,0.4776,8.8680,8.7628,13.0955,634,16,0.2500,0,16,3.8438,1,0,0,629,1,0,115,102,13,0,-1,-1,0,-1,-1,13.9904,4.9185,0,1525.2227,1525.2227,1525.0977,95,875,561,322,0,0,0.001300,0,0,0.014400,0.079100,0.001000,0.011600,0.070000,0.038200,0.000800,0.001500,0.000400,0.001800,0.007200,0.000900,0.004000,0.023100,0.1524,0.053000,0.075600,0.1474,0.043700,0.1809,0.033800,0.075800,0.000300,0.001700,0.065400,0.008800,0.001500,0.000800,0.026700,0.006400,0.012300,0.001100,0.1334,0.013600,0.038400,0.1998,0.067300,0.001100,0.039200,0.002400,0.031200,0.022700,0.016500,8.3882,0.058000,0.007000,0.000100,0,9.8528,0,0,0,0,0,0,0,50,0,0,0,0,1,1,9,9,2,1,1,4,1,1,1,1,1,1,7,7,1,1,50,9,6,42,76,794,950,0,0,0,0,0,-100,-100,-100,-100,600,1440,107.7673,0,0,-0.000000,-1,0,0,0,1,0,13.7344,5,50,75.1289,13.7344,0,0,48.9844,0,100,0,0,0,0,0,0,0,0,0,0.4407,0.4407,1,0.4407,0.4407,10.8218,8.9635,20141,90,568,135,12265.8398,3608.0664,7258.2383,0,15873.9062,10.3264,2.0274,7.4666,10.3264,2.0274,2.8251,33.3333,5.1942,23.2965,0.000200,0.022500,0.000600,0.000600,0.001800,0.010300,0.000600,0.074700,0,0.017400,0.020500,0.031800,0.3465,0.2231,0.019500,0.005100,0.062100,0,0.044700,0.013900,0.1912,0.005100,0.033200,0.1411,0.018200,0.095000,0.4142,0.7602,0.3179,0.057400,2.4716,0.095200,0.030700,0.038900,0.6975,0.088500,0.001800,0.002500,0.059400,0.1976,0.050200,0.000700,1.0672,930,387532,0,2614,1408,0,3.4204,0,0,0,0.008400,0,0,0,0,0,0,0,0,0,0,0,0,0,0,0,0,0,0,0
,0.020100,0.007900,2,57,0,55,0,0,13,233,11,0,454,3,0,0,12,2,0,0,0,0,0.008000,0.005200,0.3283,0.004800,0.008900,0.000900,0.8586,0.1628,0.055200,0.1269,0.001400,0.026200,0.001100,0,768,256,11229,3565.7148,15494.9102,239.1602,0.001200,4,0.000300,0.009400,0.002200,0.014900,0.1805,0,0,0.058300,0.3455,2.4939,0.067300,0.000200,0.001200,0.000200,0.000300,0.006700,0.006800,0.043200,0.024100,0.037000,0.1347,0.010300,0.006700,1.3416,0.029700,0.009300,0.029900,0.012300,0.019700,0.080100,0.024300,0.074700,0.002000,0.077900,0.007700,0.085200,0.5852,0.004500,2.3345,0.000300,0.1917,0.000600,0.000400,0.030200,0.3845,0.7351,0.027600,0.9669,0.4300,0.002100,0.011500,0.000400,0.039900,0.3378,9.8103,8.7628,13.0955,634,16,0.2500,0,16,3.8438,1,0,0,629,1,0,115,102,13,0,-1,-1,0,-1,-1,13.9904,4.9185,0,1525.2227,1525.2227,1441.5039,95,874,561,322,0,0,0.001000,0,0,0.015100,0.080300,0.000500,0.010800,0.064900,0.038900,0.001000,0.001800,0.000500,0.001500,0.006700,0.001000,0.004300,0.024400,0.1167,0.059100,0.077500,0.1497,0.045900,0.3607,0.016000,0,0.000200,0.001500,0.061800,0.008000,0.001200,0.000600,0.023600,0.006200,0.011600,0.001000,0.1313,0.013900,0.039600,0.2926,0.070400,0.001100,0.048600,0.002200,0.1068,0.025300,0.018000,9.0657,0.059600,0.007000,0.000100,0,10.4674,0,0,0,0,0,0,0,50,0,0,0,0,1,1,9,9,2,1,1,4,1,1,1,1,1,1,7,7,1,1,50,9,6,42,76,794,950,0,0,0,0,0,-100,-100,-100,-100,600,1440,107.7673,0,0,-0.000000,-1,0,0,0,1,0,13.7344,5,50,75.1289,13.7344,0,0,48.9844,0,100,0,0,0,0,0,0,0,0,0,0.4147,0.4147,1,0.4147,0.4147,22.1324,8.9635,20141,90,568,135,12265.7227,3608.0664,7258.2383,0,15873.9062,11.3831,2.1250,7.8101,11.3831,2.1250,2.9362,33.3333,5.1656,23.5096,0.000200,0.022700,0.000500,0.000600,0.001700,0.007300,0.000600,0.072200,0,0.033800,0.025100,0.037400,0.3601,0.1907,0.018500,0.006100,0.066800,0,0.046000,0.014100,0.1881,0.005200,0.033100,0.1368,0.015900,0.090300,0.4254,0.6928,0.3316,0.056200,2.4577,0.094200,0.031700,0.039400,0.6908,0.066400,0.002100,0.002500,0.060900,0.2038,0.049200,0.000600,0.6033,931,387544,0,0,0,0,0,0,0.002800,0,0.009200,0,0,0,0,0,0,0,0,0,0,0,0,0,0,0,0,0,0,0
,0.017100,0.096300,2,57,0,55,0,0,13,233,12,0,454,3,0,0,12,2,0,0,0,0,0.010200,0.008200,0.3456,0.005800,0.009700,0.001100,0.9389,0.2231,0.059300,0.1455,0.001100,0.042000,0,0,768,256,11229,3565.7148,15494.9102,239.1602,0.002400,5,0.000300,0.010300,0.002200,0.014900,0.1838,0,0,0.068800,0.2164,2.8914,0.063300,0.000200,0.001100,0.000300,0.000300,0.006900,0.009200,0.041700,0.005500,0.032800,0.1712,0.010700,0.006300,0.5499,0.028900,0.011000,0.028100,0.012100,0.020200,0.086000,0.009700,0.070700,0.002200,0.075900,0.008900,0.068900,0.6473,0.006100,2.4419,0.000300,0.2103,0.000600,0.000300,0.031700,0.3303,0.6647,0.025700,0.9833,0.1505,0.002000,0.009500,0.000400,0.035100,0.022000,9.5069,8.7628,13.0955,634,16,0.2500,0,16,3.8438,1,0,0,629,1,0,115,102,13,0,-1,-1,0,-1,-1,13.9904,4.9185,0,1525.2227,1525.2227,1525.0977,95,873,561,321,0,0,0.000900,0,0,0.016300,0.082100,0.000800,0.012700,0.067000,0.039700,0.001200,0.001800,0.000300,0.001600,0.007000,0.001200,0.004200,0.022700,0.1314,0.055800,0.078500,0.1414,0.039200,0.3208,0.018300,0,0.000200,0.001300,0.059900,0.008100,0.001200,0.000700,0.035200,0.005900,0.011200,0.001100,0.1336,0.014500,0.038700,0.1910,0.066300,0.001000,0.041900,0.002200,0.017700,0.023900,0.017300,8.9366,0.062800,0.006200,0.000100,0,11.3299,0,0,0,0,0,0,0,50,0,0,0,0,1,1,9,9,2,1,1,4,1,1,1,1,1,1,7,7,1,1,50,9,6,42,76,794,950,0,0,0,0,0,-100,-100,-100,-100,600,1440,107.7673,0,0,-0.000000,-1,0,0,0,1,0,13.7344,5,50,75.1289,13.7344,0,0,48.9844,0,100,0,0,0,0,0,0,0,0,0,0.4407,0.4407,1,0.4407,0.4407,33.1994,8.9635,20141,90,568,135,12265.6641,3608.0664,7258.2383,0,15873.7891,11.0452,2.2409,7.3822,11.0452,2.2421,3.0629,33.3333,5.5175,22.7092,0.000200,0.022400,0.000500,0.000600,0.001700,0.008400,0.000700,0.072400,0,0.019500,0.021300,0.025300,0.3463,0.1980,0.019500,0.006100,0.069400,0,0.044600,0.013600,0.1832,0.006100,0.031800,0.1297,0.014100,0.087000,0.4270,0.7739,0.3147,0.056400,2.4605,0.095200,0.030700,0.038600,0.6909,0.096700,0.002000,0.002500,0.061300,0.1976,0.050200,0.000600,0.6111,928,385976,0,0,0,0,0,0,0,0.001500,0.008500,0,0,0,0,0,0,0,0,0,0,0,0,0,0,0,0,0,0,0
,0.020000,0.007700,2,56,0,54,0,0,13,233,16,0,454,3,0,0,12,2,0,0,0,0,0,0.014500,0.3638,0.006200,0.010100,0.001200,0.8723,0.1838,0.051700,0.1196,0.001500,0.031700,0,1,768,256,11229,3565.7148,15494.9102,239.1602,0.001700,5,0.000100,0.009000,0.001600,0.014200,0.1752,0,0,0.060600,0.2811,2.8783,0.071200,0.000200,0.001300,0.000200,0.000200,0.007400,0.007200,0.042500,0.005700,0.032600,0.1246,0.010800,0.007600,1.7229,0.037000,0.009100,0.034300,0.012100,0.019200,0.084400,0.009900,0.077200,0.002300,0.1198,0.008100,0.068600,0.5917,0.004400,2.3276,0.000300,0.1812,0.000500,0.000400,0.030400,0.3927,0.6425,0.025300,0.9416,0.1503,0.002000,0.009800,0.000400,0.032600,0.3143,8.4633,8.7628,13.0955,634,16,0.2500,0,16,3.8438,1,0,0,629,1,0,115,102,13,0,-1,-1,0,-1,-1,13.9904,4.9185,0,1525.2227,1525.2227,1525.0977,95,875,561,321,0,0,0.000900,0,0,0.016400,0.082800,0.000800,0.012500,0.071700,0.043700,0.000900,0.001600,0.000200,0.001600,0.006100,0.001000,0.003800,0.022600,0.1779,0.058100,0.083400,0.1578,0.035000,0.1709,0.026800,0.1549,0.000200,0.005900,0.066400,0.009300,0.001500,0.000800,0.027400,0.007100,0.012100,0.001000,0.1381,0.015000,0.042500,0.2035,0.068700,0.001200,0.021800,0.003400,0.034200,0.022700,0.017300,7.8383,0.063600,0.006600,0.000200,0,11.0246,0,0,0,0,0,0,0,50,0,0,0,0,1,1,9,9,2,1,1,4,1,1,1,1,1,1,7,7,1,1,50,9,6,42,76,794,950,0,0,0,0,0,-100,-100,-100,-100,600,1440,107.7673,0,0,-0.000000,-1,0,0,0,1,0,13.7344,5,50,75.1289,13.7344,0,0,48.9844,0,100,0,0,0,0,0,0,0,0,0,0.4560,0.4560,1,0.4560,0.4560,43.2240,8.9635,20141,90,568,135,12265.8008,3608.0664,7258.2383,0,15873.7305,10.0359,2.1764,7.3659,10.0359,2.1783,3.1745,33.3333,5.7365,22.4706,0.000200,0.022800,0.000600,0.000700,0.001700,0.007400,0.000700,0.072200,0.001000,0.019400,0.026600,0.038900,0.3572,0.1812,0.025600,0.005200,0.061800,0,0.044300,0.015900,0.1935,0.005100,0.032300,0.1365,0.014900,0.098900,0.4163,1.1445,0.3928,0.055200,2.0716,0.093200,0.030700,0.049000,0.6949,0.090900,0.001700,0.002600,0.062200,0.1976,0.051200,0.000700,0.6150,974,395460,0,0,0,0,0,0,0,0.002000,0.008000,0,0,0,0,0,0,0,0,0,0,0,0,0,0,0,0,0,0,0
,0.083800,0.005800,2,73,0,71,0,0,14,233,25,0,454,3,0,0,13,2,0,0,0,0,0.018800,0.003600,0.3302,0.005400,0.009200,0.001100,0.8502,0.2066,0.054300,0.1269,0.001700,0.029900,0,1,768,256,11229,3565.7148,15494.9102,239.1602,0.001700,7,0.000300,0.009000,0.002000,0.019900,0.1865,0,0,0.054400,0.2489,2.6571,0.062100,0.000300,0.001300,0.000200,0.000200,0.005800,0.006400,0.043000,0.004900,0.031400,0.1182,0.010100,0.006400,1.2594,0.026500,0.009100,0.028400,0.011800,0.018600,0.082800,0.010900,0.075100,0.002100,0.1117,0.008400,0.060900,0.5751,0.004900,2.4280,0.000300,0.2009,0.000600,0.000400,0.032000,0.3127,0.7178,0.024800,0.9380,0.1667,0.002000,0.010600,0.000400,0.036700,0.1778,9.7919,8.7628,13.0955,634,16,0.2500,0,16,3.8438,1,0,0,629,1,0,115,102,13,0,-1,-1,0,-1,-1,13.9904,4.9185,0,1525.2227,1525.2227,1525.0977,95,871,551,321,0,0,0.000800,0,0,0.015200,0.080400,0.000800,0.012500,0.070200,0.041600,0.000800,0.002400,0.000300,0.001700,0.007100,0.001100,0.003700,0.024600,0.1532,0.059200,0.079200,0.1512,0.040600,0.1918,0.035000,0.057900,0.000300,0.001500,0.063100,0.008600,0.001100,0.000800,0.026000,0.006600,0.012300,0.001300,0.1335,0.014500,0.039600,0.1984,0.067200,0.000900,0.035700,0.002300,0.031100,0.022100,0.018500,9.2594,0.058100,0.006900,0.000100,0,10.0474,0,0,0,0,0,0,0,50,0,0,0,0,1,1,9,9,2,1,1,4,1,1,1,1,1,1,7,7,1,1,50,9,6,42,76,794,950,0,0,0,0,0,-100,-100,-100,-100,600,1440,107.7673,0,0,-0.000000,-1,0,0,0,1,0,13.7344,5,50,75.1289,13.7344,0,0,48.9844,0,100,0,0,0,0,0,0,0,0,0,0.4445,0.4445,1,0.4445,0.4445,54.5730,8.9635,20141,90,568,135,12266.7695,3608.0664,7258.2383,0,15873.8672,11.3460,2.0968,7.8463,11.3460,2.0979,2.8474,33.3333,5.2091,23.7292,0.000200,0.022100,0.000600,0.000600,0.001500,0.009300,0.000700,0.077000,0,0.023600,0.022400,0.032400,0.3426,0.1962,0.019500,0.007200,0.062600,0,0.046100,0.022800,0.2002,0.005100,0.032800,0.1371,0.014900,0.094500,0.4195,0.7003,0.3059,0.055300,2.1443,0.094200,0.031700,0.039200,0.6898,0.098500,0.001900,0.002800,0.063600,0.2008,0.050200,0.000600,0.6093,1009,404342,0.049800,0,0,0,0,0,0,0.001300,0.008600,0,0,0,0,0,0,0,0,0,0,0,0,0,0,0,0,0,0,0
,0.013600,0.017100,2,73,0,71,0,0,13,233,56,0,454,3,0,0,12,2,0,0,0,0,0,0.006600,0.3329,0.006700,0.009300,0.001300,0.8988,0.1790,0.050000,0.1327,0.001100,0.030400,0.001500,1,768,256,11229,3565.7148,15494.9102,239.1602,0,2,0.000200,0.009500,0.002300,0.020200,0.1701,0,0,0.058500,0.3339,2.4681,0.062500,0.000200,0.001500,0.000200,0.000200,0.006700,0.007100,0.043900,0.005600,0.033400,0.1374,0.010100,0.006000,1.3237,0.027400,0.008000,0.031900,0.012700,0.018000,0.073500,0.008700,0.069200,0.001900,0.1174,0.008100,0.069500,0.5752,0.004500,2.3526,0.000200,0.1859,0.000500,0.000300,0.028900,0.3481,0.6288,0.023700,0.8790,0.8313,0.002000,0.011600,0.000500,0.036300,0.067800,9.0336,8.7628,13.0955,634,16,0.2500,0,16,3.8438,1,0,0,629,1,0,115,102,13,0,-1,-1,0,-1,-1,13.9904,4.9185,0,1525.2227,1525.2227,1441.5039,95,874,561,321,0,0,0.001200,0,0,0.015400,0.076900,0.000600,0.011400,0.068800,0.038700,0.000700,0.001700,0.000300,0.001400,0.006100,0.001300,0.003900,0.022100,0.1632,0.053900,0.082300,0.1501,0.047800,0.1729,0.027400,0.1193,0.000200,0.001600,0.061400,0.007100,0.001100,0.000300,0.027100,0.006600,0.011700,0.000900,0.1454,0.014200,0.039700,0.1835,0.067400,0.001100,0.043700,0.001800,0.017600,0.023200,0.016400,8.4016,0.060500,0.006900,0.000100,0,11.3511,0,0,0,0,0,0,0,50,0,0,0,0,1,1,9,9,2,1,1,4,1,1,1,1,1,1,7,7,1,1,50,9,6,42,76,794,950,0,0,0,0,0,-100,-100,-100,-100,600,1440,107.7673,0,0,-0.000000,-1,0,0,0,1,0,13.7344,5,50,75.1289,13.7344,0,0,48.9844,0,100,0,0,0,0,0,0,0,0,0,0.4884,0.4884,1,0.4884,0.4884,4.2687,8.9635,20141,90,568,135,12266.7734,3608.0664,7258.2383,0,15874.8359,10.5316,2.1245,7.3529,10.5316,2.1245,2.7694,33.3333,5.4226,24.3316,0.000200,0.021400,0.000500,0.000800,0.002000,0.008500,0.000600,0.072700,0,0.022600,0.027000,0.039700,0.3490,0.1943,0.019500,0.005100,0.066900,0,0.046600,0.025500,0.1802,0,0.032500,0.1390,0.015800,0.089600,0.4267,0.7203,0.2865,0.056300,2.0818,0.094200,0.031700,0.043800,0.6887,0.097000,0.002200,0.002500,0.061700,0.1997,0.050200,0.000600,1.0305,916,383806,0,2116,1219,0,0.9371,0,0.004200,0,0.008500,0,0,0,0,0,0,0,0,0,0,0,0,0,0,0,0,0,0,0
,0.022100,0.007800,2,54,0,52,0,0,13,233,11,0,454,3,0,0,12,2,0,0,0,0,0.018500,0.010700,0.3324,0.005500,0.010400,0.001000,0.8682,0.1991,0.056900,0.1197,0.001100,0.028300,0,1,768,256,11229,3565.7148,15494.9102,239.1602,0.003200,3,0.005100,0.014900,0.002700,0.019100,0.2102,0,0,0.058300,0.2842,2.6028,0.062100,0.000200,0.001200,0.000300,0.000400,0.006300,0.006200,0.037700,0.005500,0.030600,0.1350,0.011000,0.006600,0.8011,0.026000,0.008700,0.037100,0.012300,0.020200,0.086800,0.007500,0.072100,0.002000,0.097200,0.009700,0.072000,0.6256,0.005000,2.3250,0.000400,0.1883,0.000600,0.000400,0.026700,0.2955,0.6388,0.025200,0.9222,0.4128,0.002500,0.014200,0.000500,0.033800,0,9.3407,8.7628,13.0955,634,16,0.2500,0,16,3.8438,1,0,0,629,1,0,115,102,13,0,-1,-1,0,-1,-1,13.9904,4.9185,0,1525.2227,1525.2227,1525.0977,95,876,561,321,0,0,0.000800,0,0,0.015200,0.080100,0.000600,0.012000,0.070400,0.040400,0.000600,0.001800,0.000300,0.001700,0.006800,0.001000,0.003900,0.023100,0.1622,0.056200,0.079100,0.1592,0.041500,0.2111,0.032200,0.1225,0.000200,0.001400,0.063900,0.008600,0.001200,0.000400,0.026100,0.006300,0.012900,0.001400,0.1406,0.016400,0.041500,0.2061,0.069800,0.001200,0.042800,0.002500,0.031400,0.022200,0.018000,8.7743,0.056200,0.006800,0.000100,0,10.4337,0,0,0,0,0,0,0,50,0,0,0,0,1,1,9,9,2,1,1,4,1,1,1,1,1,1,7,7,1,1,50,9,6,42,76,794,950,0,0,0,0,0,-100,-100,-100,-100,600,1440,107.7673,0,0,-0.000000,-1,0,0,0,1,0,13.7344,5,50,75.1289,13.7344,0,0,48.9844,0,100,0,0,0,0,0,0,0,0,0,0.5083,0.5083,1,0.5083,0.5083,15.1526,8.9635,20141,90,568,135,12265.3984,3608.0664,7258.2383,0,15874.8398,10.8748,2.0869,7.7927,10.8748,2.0869,2.8916,33.3333,5.7424,24.4377,0.000600,0.021800,0.000600,0.000600,0.001700,0.007000,0.000600,0.073200,0,0.031800,0.027100,0.039700,0.3546,0.1904,0.018500,0.007100,0.066300,0,0.044400,0.020900,0.1940,0.005200,0.032400,0.1308,0.015200,0.088100,0.4301,0.6975,0.2925,0.055300,2.9613,0.095200,0.031700,0.039400,0.6931,0.088400,0.002000,0.002500,0.061700,0.1978,0.050100,0.000600,0.6120,992,400426,0,0,0,0,0,0,0,0,0.008300,0,0,0,0,0,0,0,0,0,0,0,0,0,0,0,0,0,0,0
,0.019400,0.2307,2,73,0,71,0,0,14,233,41,0,454,3,0,0,13,2,0,0,0,0,0.011300,0.006400,0.3278,0.007100,0.008900,0.001100,0.8334,0.1672,0.049500,0.1162,0.000900,0.031500,0,0,768,256,11229,3565.7148,15494.9102,239.1602,0.001800,4,0.000400,0.028600,0.002100,0.019300,0.1858,0,0,0.062300,0.2704,2.5130,0.062600,0.000300,0.001400,0.000200,0.000300,0.006300,0.006800,0.037900,0.005200,0.030600,0.099800,0.010600,0.005800,1.0356,0.025600,0.008600,0.028800,0.011700,0.019900,0.082300,0.011600,0.070400,0.002100,0.094500,0.007900,0.070000,0.5749,0.004200,2.3275,0.000200,0.1920,0.000500,0.000400,0.030000,0.3090,0.8552,0.024600,0.8589,0.6591,0.002100,0.014300,0.000500,0.037900,0,8.1311,8.7628,13.0955,634,16,0.2500,0,16,3.8438,1,0,0,629,1,0,115,102,13,0,-1,-1,0,-1,-1,13.9904,4.9185,0,1525.2227,1525.2227,1441.6289,95,874,561,321,0,0,0.000900,0,0,0.015100,0.082700,0.000500,0.011400,0.071800,0.040000,0.000800,0.001400,0.000200,0.001400,0.005600,0.000900,0.003900,0.022100,0.1252,0.057800,0.083900,0.1731,0.039400,0.5885,0.015600,0,0.000300,0.002000,0.068300,0.009300,0.001200,0.000700,0.026700,0.006400,0.012700,0.001300,0.1530,0.017200,0.046500,0.2086,0.072800,0.001400,0.049400,0.002600,0.031800,0.023300,0.024200,7.5276,0.068800,0.005700,0.000100,0,10.9716,0,0,0,0,0,0,0,50,0,0,0,0,1,1,9,9,2,1,1,4,1,1,1,1,1,1,7,7,1,1,50,9,6,42,76,794,950,0,0,0,0,0,-100,-100,-100,-100,600,1440,107.7673,0,0,-0.000000,-1,0,0,0,1,0,13.7344,5,50,75.1289,13.7344,0,0,48.9844,0,100,0,0,0,0,0,0,0,0,0,0.4320,0.4320,1,0.4320,0.4320,25.1434,8.9635,20141,90,568,135,12266.0156,3608.0664,7258.2383,0,15873.4648,9.9257,2.4221,8.2909,9.9257,2.4221,2.8670,33.3333,5.6453,24.6899,0.000200,0.021000,0.000600,0.000600,0.001700,0.010900,0.000600,0.074200,0.001000,0.018500,0.020600,0.024800,0.3437,0.1918,0.019400,0.006200,0.061400,0,0.045800,0.007700,0.1857,0.005200,0.032700,0.1395,0.016200,0.090700,0.4270,0.7127,0.2941,0.056300,2.0614,0.094200,0.030700,0.038000,0.6988,0.071300,0.001900,0.002600,0.062600,0.1975,0.050200,0.000700,0.6085,968,395658,0,0,0,0,0,0,0,0,0.008300,0,0,0,0,0,0,0,0,0,0,0,0,0,0,0,0,0,0,0
,0.016300,0.006500,2,64,0,62,0,0,13,233,28,0,454,3,0,0,12,2,0,0,0,0,0.008100,0.009800,0.3371,0.005400,0.008700,0.001000,0.8754,0.1846,0.053200,0.1269,0.010500,0.2564,0.002000,1,768,256,11229,3565.7148,15494.9102,239.1602,0.001700,6,0.000500,0.011300,0.002500,0.018200,0.1965,0,0,0.060600,0.2047,2.8124,0.071200,0.000200,0.001200,0.000200,0.000300,0.007900,0.009200,0.046400,0.006200,0.034900,0.1526,0.024200,0.006600,1.0209,0.027300,0.008600,0.029300,0.012100,0.018800,0.078200,0.009700,0.076700,0.002200,0.1037,0.009000,0.072700,0.5935,0.005300,2.3588,0.000500,0.1877,0.000600,0.000300,0.026300,0.3019,0.5466,0.022700,0.9264,0.1722,0.001600,0.008900,0.000700,0.032200,0,8.8754,8.7628,13.0955,634,16,0.2500,0,16,3.8438,1,0,0,629,1,0,115,102,13,0,-1,-1,0,-1,-1,13.9904,4.9185,0,1525.2227,1525.2227,1525.0977,95,874,561,321,0,0,0.000800,0,0,0.014900,0.090700,0.000600,0.011200,0.066700,0.036400,0.000900,0.001500,0.000200,0.001600,0.005900,0.000900,0.003800,0.022200,0.1406,0.058700,0.077700,0.1472,0.039300,0.2902,0.019100,0,0.000100,0.001700,0.064600,0.007900,0.001600,0.000500,0.023500,0.006100,0.012600,0.001000,0.1340,0.013800,0.040100,0.1995,0.073200,0.001400,0.045000,0.002700,0.018700,0.024400,0.018700,8.2992,0.066600,0.006500,0.000200,0,10.0112,0,0,0,0,0,0,0,50,0,0,0,0,1,1,9,9,2,1,1,4,1,1,1,1,1,1,7,7,1,1,50,9,6,42,76,794,950,0,0,0,0,0,-100,-100,-100,-100,600,1440,107.7673,0,0,-0.000000,-1,0,0,0,1,0,13.7344,5,50,75.1289,13.7344,0,0,48.9844,0,100,0,0,0,0,0,0,0,0,0,0.4085,0.4085,1,0.4085,0.4085,35.5720,8.9635,20141,90,568,135,12265.3203,3608.0664,7258.2383,0,15874.0820,10.4783,2.1593,7.3158,10.4783,2.1602,2.6307,33.3333,5.5212,24.3755,0.000200,0.023300,0.000600,0.000600,0.002000,0.007600,0.000600,0.078000,0,0.018400,0.018500,0.028600,0.8087,0.3043,0.021500,0.005200,0.068200,0,0.046200,0.009100,0.2002,0.007100,0.039400,0.1862,0.017000,0.1024,0.4333,0.6971,0.3853,0.056300,2.0848,0.094200,0.030700,0.039400,0.6883,0.071700,0.001900,0.002300,0.062100,0.1957,0.048100,0.000700,1.0448,928,385682,0,0,0,0,0,0,0,0.001100,0.007100,0,0,0,0,0,0,0,0,0,0,0,0,0,0,0,0,0,0,0
,0.025900,0.005400,2,57,0,55,0,0,13,233,12,0,454,3,0,0,12,2,0,0,0,0,0.009100,0.003700,0.3365,0.005700,0.008800,0.000800,0.8369,0.1905,0.046900,0.1199,0.001200,0.029300,0,1,768,256,11229,3565.7148,15494.9102,239.1602,0.001600,2,0.000100,0.008100,0.001500,0.017400,0.1781,0,0,0.050800,0.2791,2.4194,0.064500,0.000200,0.001200,0.000300,0.000200,0.006100,0.006300,0.058600,0.005200,0.032900,0.099700,0.009600,0.006000,1.8574,0.028600,0.008000,0.034400,0.012000,0.018000,0.077100,0.008900,0.072100,0.002000,0.086900,0.007900,0.077200,0.5712,0.004600,2.2946,0.000300,0.1826,0.000500,0.000300,0.028500,0.3105,0.6257,0.024100,0.8738,0.1720,0.001600,0.009000,0.000500,0.032500,0,7.8410,8.7628,13.0955,634,16,0.2500,0,16,3.8438,1,0,0,629,1,0,115,102,13,0,-1,-1,0,-1,-1,13.9904,4.9185,0,1525.2227,1525.2227,1525.0977,95,876,551,321,0,0,0.000800,0,0,0.015000,0.080000,0.000400,0.011100,0.073500,0.054100,0.000800,0.001700,0.000200,0.001900,0.006600,0.000700,0.003700,0.022300,0.1309,0.054400,0.082300,0.1876,0.040400,0.1753,0.023100,0.7334,0.000400,0.002000,0.069500,0.010000,0.001400,0.000800,0.028600,0.006900,0.012600,0.001200,0.1517,0.017800,0.043000,0.2027,0.067300,0.001200,0.045800,0.002400,0.030800,0.021800,0.021800,7.2088,0.056200,0.005900,0.000100,0,10.4483,0,0,0,0,0,0,0,50,0,0,0,0,1,1,9,9,2,1,1,4,1,1,1,1,1,1,7,7,1,1,50,9,6,42,76,794,950,0,0,0,0,0,-100,-100,-100,-100,600,1440,107.7673,0,0,-0.000000,-1,0,0,0,1,0,13.7344,5,50,75.1289,13.7344,0,0,48.9844,0,100,0,0,0,0,0,0,0,0,0,1.0712,1.0712,1,1.0712,1.0712,45.6167,8.9635,20141,90,568,135,12265.3047,3608.0664,7258.2383,0,15873.3867,10.0687,2.8368,8.0150,10.0687,2.8380,2.8931,33.3333,5.5980,24.9045,0.000600,0.022600,0.000600,0.000600,0.001700,0.008500,0.001700,0.072400,0,0.020400,0.028800,0.039800,0.3441,0.1869,0.022600,0.006100,0.066200,0,0.055100,0.008100,0.2041,0.005100,0.032000,0.1365,0.015400,0.089700,0.4318,0.7363,0.3458,0.055300,2.4870,0.095200,0.031800,0.038300,1.5393,0.085200,0.002000,0.002600,0.062800,0.1995,0.047100,0.000700,0.5973,998,400654,0,0,0,0,0,0,0,0.001400,0.007500,0,0,0,0,0,0,0,0,0,0,0,0,0,0,0,0,0,0,0
,0.018700,0.024800,2,76,0,74,0,0,14,233,41,0,454,3,0,0,13,2,0,0,0,0,0.009300,0,0.3213,0.005700,0.009200,0.000900,0.8492,0.2061,0.049700,0.1283,0.000900,0.023600,0,0,768,256,11229,3565.7148,15494.9102,239.1602,0.002100,4,0.000400,0.010100,0.001800,0.019300,0.1826,0,0,0.055500,0.3119,2.4834,0.061200,0.000200,0.002000,0.000200,0.000200,0.008100,0.006900,0.043600,0.006400,0.031700,0.1462,0.010200,0.006000,0.7409,0.024400,0.007100,0.026600,0.011700,0.019300,0.097000,0.009000,0.070000,0.002400,0.079500,0.008200,0.079500,0.5823,0.004400,2.3094,0.000500,0.2237,0.000500,0.000400,0.028200,0.3176,0.6318,0.021600,0.8864,0.5088,0.002000,0.009200,0.000500,0.034700,0.075200,8.8648,8.7628,13.0955,634,16,0.2500,0,16,3.8438,1,0,0,629,1,0,115,102,13,0,-1,-1,0,-1,-1,13.9904,4.9185,0,1525.2227,1525.2227,1441.5039,95,870,551,322,0,0,0.001100,0,0,0.012800,0.080800,0.000500,0.010800,0.079900,0.038500,0.000800,0.001800,0.000200,0.001500,0.006500,0.001000,0.003700,0.021400,0.1422,0.063100,0.073000,0.1433,0.037600,0.1949,0.032400,0.1053,0.000200,0.001500,0.063000,0.008400,0.001000,0.000500,0.032400,0.006600,0.025000,0.001100,0.1330,0.015400,0.039500,0.2075,0.065900,0.001200,0.022100,0.002700,0.034200,0.022900,0.017200,8.2669,0.061300,0.007000,0.000300,0,10.0641,0,0,0,0,0,0,0,50,0,0,0,0,1,1,9,9,2,1,1,4,1,1,1,1,1,1,7,7,1,1,50,9,6,42,76,794,950,0,0,0,0,0,-100,-100,-100,-100,600,1440,107.7673,0,0,-0.000000,-1,0,0,0,1,0,13.7344,5,50,75.1289,13.7344,0,0,48.9844,0,100,0,0,0,0,0,0,0,0,0,0.4456,0.4456,1,0.4456,0.4456,56.0684,8.9635,20141,90,568,135,12265.3047,3608.0664,7258.2383,0,15873.3711,10.4363,2.2119,7.8249,10.4363,2.2128,2.8096,33.3333,5.4740,24.6021,0.000200,0.022100,0.000600,0.000600,0.001600,0.007200,0.000600,0.073000,0.001000,0.020400,0.029900,0.049100,0.3637,0.1846,0.019500,0.006100,0.062300,0,0.046600,0.018100,0.1858,0,0.032900,0.1420,0.015900,0.090800,0.4256,0.7371,0.3332,0.057400,2.4758,0.094200,0.031700,0.039500,0.6938,0.090600,0.002100,0.002400,0.059800,0.1998,0.050100,0.000500,0.6154,952,392748,0,0,0,0,0,0.063200,0,0.001000,0.008500,0,0,0,0,0,0,0,0,0,0,0,0,0,0,0,0,0,0,0
,0.3804,0.008500,2,64,0,62,0,0,13,233,29,0,454,3,0,0,12,2,0,0,0,0,0.009400,0.002800,0.3249,0.004900,0.009200,0.000700,0.8412,0.1881,0.048200,0.1189,0.001600,0.024400,0.003000,0,768,256,11229,3565.7148,15494.9102,239.1602,0.001500,8,0.000200,0.008800,0.002000,0.013100,0.1799,0,0,0.078000,0.2978,2.5750,0.065600,0.000300,0.001200,0.000300,0.000200,0.006900,0.006300,0.039200,0.005300,0.043200,0.1198,0.011000,0.005900,1.1585,0.029100,0.009200,0.029200,0.011700,0.019100,0.098400,0.011700,0.068300,0.002000,0.079700,0.008300,0.078800,0.6079,0.005800,2.4141,0.000200,0.2136,0.000500,0.000500,0.028900,0.3001,1.0986,0.025000,0.9067,0.1749,0.002000,0.012100,0.000400,0.035400,0,8.3745,8.7628,13.0955,634,16,0.2500,0,16,3.8438,1,0,0,629,1,0,115,102,13,0,-1,-1,0,-1,-1,13.9904,4.9185,0,1525.2227,1525.2227,1525.0977,95,870,551,322,0,0,0.001100,0,0,0.015000,0.075800,0.000700,0.010900,0.068200,0.043500,0.000700,0.001700,0.000400,0.001300,0.006200,0.000900,0.003800,0.035900,0.1751,0.056500,0.085600,0.1503,0.040200,0.1749,0.022700,0.1098,0.000200,0.001400,0.063700,0.008100,0.001200,0.000600,0.025900,0.006000,0.013500,0.001100,0.1454,0.015900,0.041200,0.1912,0.072400,0.001500,0.029700,0.002900,0.016500,0.024500,0.017000,7.8339,0.069800,0.005900,0.000100,0,10.4023,0,0,0,0,0,0,0,50,0,0,0,0,1,1,9,9,2,1,1,4,1,1,1,1,1,1,7,7,1,1,50,9,6,42,76,794,950,0,0,0,0,0,-100,-100,-100,-100,600,1440,107.7673,0,0,-0.000000,-1,0,0,0,1,0,13.7344,5,50,75.1289,13.7344,0,0,48.9844,0,100,0,0,0,0,0,0,0,0,0,0.4319,0.4319,1,0.4319,0.4319,2.7519,8.9635,20141,90,568,135,12265.3047,3608.0664,7258.2383,0,15873.3711,9.9946,2.1404,7.4442,9.9946,2.1421,2.8097,33.3333,6.1543,24.3915,0.000200,0.020200,0.000500,0.000600,0.001600,0.007100,0.000600,0.081900,0.001000,0.019500,0.029800,0.038100,0.3450,0.2934,0.019400,0.006200,0.068100,0,0.045700,0.012600,0.1805,0,0.031200,0.1291,0.015200,0.1009,0.4320,0.6880,0.8174,0.057400,2.6336,0.1003,0.031800,0.043900,0.6823,0.1042,0.001900,0.002600,0.077800,0.1988,0.050200,0.000600,0.6152,922,385164,0.050600,2384,1338,0,1.2249,0,0,0.001900,0.007400,0,0,0,0,0,0,0,0,0,0,0,0,0,0,0,0,0,0,0
,0.024700,0.004600,2,57,0,55,0,0,13,233,13,0,454,3,0,0,12,2,0,0,0,0,0.010200,0.002200,0.3123,0.005500,0.008900,0.001100,0.8328,0.2032,0.052600,0.1247,0.001100,0.022800,0,0,768,256,11229,3565.7148,15494.9102,239.1602,0.002000,5,0.000100,0.008600,0.001700,0.013000,0.2266,0,0,0.062600,0.2156,2.5594,0.066600,0.000200,0.001500,0.000200,0.001600,0.006600,0.006600,0.041400,0.005100,0.029500,0.097100,0.011300,0.005900,2.0045,0.030400,0.009200,0.038300,0.011900,0.018900,0.089100,0.009100,0.076700,0.002100,0.088200,0.008500,0.075400,0.6078,0.005400,2.4196,0.000400,0.2024,0.000700,0.000400,0.031400,0.3223,0.6925,0.026500,1.0075,0.1763,0.001800,0.010800,0.000400,0.035800,0,8.4585,8.7628,13.0955,634,16,0.2500,0,16,3.8438,1,0,0,629,1,0,115,102,13,0,-1,-1,0,-1,-1,13.9904,4.9185,0,1525.2227,1525.2227,1525.0977,95,873,561,322,0,0,0.000900,0,0,0.013700,0.081300,0.000600,0.011200,0.081500,0.040700,0.000900,0.001500,0.000200,0.001300,0.005900,0.001000,0.003600,0.022800,0.1339,0.064000,0.078200,0.1652,0.041700,0.8235,0.014500,0,0.000300,0.006000,0.065600,0.009000,0.001400,0.000400,0.027200,0.007400,0.012800,0.001300,0.1682,0.016300,0.045500,0.2118,0.069400,0.001000,0.051800,0.002600,0.032000,0.021400,0.023900,7.8327,0.058200,0.006800,0.000100,0,10.0201,0,0,0,0,0,0,0,50,0,0,0,0,1,1,9,9,2,1,1,4,1,1,1,1,1,1,7,7,1,1,50,9,6,42,76,794,950,0,0,0,0,0,-100,-100,-100,-100,600,1440,107.7673,0,0,-0.000000,-1,0,0,0,1,0,13.7344,5,50,75.1289,13.7344,0,0,48.9844,0,100,0,0,0,0,0,0,0,0,0,0.4368,0.4368,1,0.4368,0.4368,13.3676,8.9635,20141,90,568,135,12263.6719,3608.0664,7258.2383,0,15873.3711,10.5543,2.6936,8.2565,10.5543,2.6936,2.8824,33.3333,5.4738,24.2726,0.000200,0.020100,0.000600,0.000700,0.001600,0.008200,0.000500,0.072900,0,0.020500,0.027300,0.036400,0.3551,0.1879,0.019400,0.005200,0.068500,0,0.047500,0.012600,0.1690,0,0.031800,0.1307,0.015700,0.088300,0.4284,0.7796,0.3144,0.056300,2.4698,0.094200,0.031800,0.038200,0.6978,0.092400,0.002100,0.002500,0.061400,0.1967,0.050200,0.000500,0.6222,921,385152,0,0,0,0,0,0,0,0,0.007700,0,0,0,0,0,0,0,0,0,0,0,0,0,0,0,0,0,0,0
,0.073500,0.011800,2,57,0,55,0,0,13,233,12,0,454,3,0,0,12,2,0,0,0,0,0,0.3711,0.3682,0.005700,0.009100,0.001100,0.9099,0.1604,0.056000,0.1337,0.001000,0.040000,0,0,768,256,11229,3565.7148,15494.9102,239.1602,0.001400,4,0.000300,0.009800,0.002500,0.014900,0.1825,0,0,0.063000,0.2928,2.5211,0.066400,0.000200,0.001300,0.000200,0.000200,0.007000,0.007500,0.042600,0.005000,0.034100,0.1017,0.010800,0.005700,1.2582,0.026100,0.008200,0.034000,0.012000,0.020700,0.086100,0.012800,0.075200,0.002100,0.1467,0.009100,0.070700,0.6259,0.005300,2.4930,0.000300,0.2202,0.000500,0.000400,0.030400,0.3190,0.6160,0.024500,0.9507,0.1245,0.002000,0.010100,0.000400,0.035000,0.2586,9.6275,8.7628,13.0955,634,16,0.2500,0,16,3.8438,1,0,0,629,1,0,115,102,13,0,-1,-1,0,-1,-1,13.9904,4.9185,0,1525.2227,1525.2227,1525.0977,95,870,551,322,0,0,0.001000,0,0,0.013800,0.079200,0.000700,0.011700,0.066000,0.038200,0.000600,0.001500,0.000300,0.001600,0.005900,0.000900,0.004000,0.020900,0.1165,0.056500,0.077300,0.1492,0.045100,0.3364,0.014000,0,0.000300,0.001300,0.061400,0.008100,0.001200,0.000300,0.023800,0.006100,0.022800,0.001200,0.1326,0.014300,0.037900,0.1947,0.065400,0.001300,0.054600,0.002200,0.032700,0.022600,0.015600,8.9862,0.059700,0.005700,0.000100,0,10.5707,0,0,0,0,0,0,0,50,0,0,0,0,1,1,9,9,2,1,1,4,1,1,1,1,1,1,7,7,1,1,50,9,6,42,76,794,950,0,0,0,0,0,-100,-100,-100,-100,600,1440,107.7673,0,0,-0.000000,-1,0,0,0,1,0,13.7344,5,50,75.1289,13.7344,0,0,48.9844,0,100,0,0,0,0,0,0,0,0,0,0.4008,0.4008,1,0.4008,0.4008,24.4429,8.9635,20141,90,568,135,12266.9297,3608.0664,7258.2383,0,15871.7383,11.1507,2.1832,7.3961,11.1507,2.1832,2.8009,33.3333,5.0464,22.5697,0.000200,0.022600,0.000600,0.000600,0.001900,0.008100,0.000600,0.073500,0.001000,0.017400,0.026000,0.037100,0.3395,0.1910,0.018400,0.005100,0.062100,0,0.041400,0.011200,0.1936,0.005100,0.032400,0.1372,0.015300,0.091200,0.4275,0.7410,0.3529,0.054200,2.4298,0.094200,0.031800,0.038200,0.6981,0.080500,0.002000,0.002500,0.063100,0.1956,0.049200,0.000600,0.6084,930,386396,0,0,0,0,0,0,0,0,0.008300,0,0,0,0,0,0,0,0,0,0,0,0,0,0,0,0,0,0,0
,0.019200,0.005500,2,57,0,55,0,0,13,233,16,0,454,3,0,0,12,2,0,0,0,0,0.017300,0.013100,0.3299,0.004600,0.008100,0.001200,0.8498,0.2182,0.053300,0.1260,0.001100,0.031800,0,0,768,256,11229,3565.7148,15494.9102,239.1602,0.001600,6,0.000100,0.007100,0.001700,0.013400,0.1849,0,0,0.055500,0.2716,2.5702,0.063300,0.000300,0.001100,0.000200,0.000300,0.006200,0.006400,0.041500,0.005000,0.034600,0.1010,0.011000,0.006400,1.6398,0.027200,0.007800,0.028900,0.011700,0.018900,0.096200,0.009000,0.071500,0.002100,0.077200,0.008000,0.071200,0.6162,0.005600,2.3352,0.000300,0.1831,0.000600,0.000500,0.029100,0.3026,0.6933,0.024200,0.8977,0.9119,0.001900,0.015400,0.000400,0.036400,0.1130,9.0886,8.7628,13.0955,634,16,0.2500,0,16,3.8438,1,0,0,629,1,0,115,102,13,0,-1,-1,0,-1,-1,13.9904,4.9185,0,1525.2227,1525.2227,1441.5039,95,875,561,322,0,0,0.001100,0,0,0.015200,0.084300,0.000800,0.013200,0.066400,0.037000,0.000900,0.001200,0.000300,0.001700,0.006100,0.001000,0.004500,0.024700,0.1355,0.055500,0.073700,0.1372,0.039200,0.2769,0.018100,0,0.000300,0.001900,0.062300,0.008100,0.001300,0.001300,0.025500,0.006300,0.011500,0.001100,0.1298,0.015000,0.038800,0.1890,0.068300,0.001400,0.044900,0.002500,0.018300,0.023200,0.016700,7.8749,0.057500,0.006300,0.000100,0,11.1025,0,0,0,0,0,0,0,50,0,0,0,0,1,1,9,9,2,1,1,4,1,1,1,1,1,1,7,7,1,1,50,9,6,42,76,794,950,0,0,0,0,0,-100,-100,-100,-100,600,1440,107.7673,0,0,-0.000000,-1,0,0,0,1,0,13.7344,5,50,75.1289,13.7344,0,0,48.9844,0,100,0,0,0,0,0,0,0,0,0,0.4337,0.4337,1,0.4337,0.4337,35.0349,8.9635,20141,90,568,135,12269.7148,3608.0664,7258.2383,0,15874.9961,10.5961,2.0632,7.3768,10.5961,2.0632,2.9061,33.3333,5.3994,23.6717,0.000200,0.021800,0.000600,0.000600,0.001700,0.008600,0.000600,0.072400,0.001000,0.018400,0.028200,0.038200,0.3540,0.1884,0.019500,0.005100,0.064800,0,0.046200,0.012500,0.1808,0,0.031500,0.1343,0.015700,0.091800,0.4276,0.7454,0.3488,0.056300,3.4670,0.096300,0.030700,0.039400,0.6982,0.089800,0.001400,0.002600,0.062700,0.1936,0.050100,0.000600,0.6393,921,385152,0,0,0,0,0,0,0,0,0.008500,0,0,0,0,0,0,0,0,0,0,0,0,0,0,0,0,0,0,0
,0.019900,0.011300,2,57,0,55,0,0,13,233,12,0,454,3,0,0,12,2,0,0,0,0,0.008900,0.011200,0.3096,0.005200,0.008800,0.003000,0.8388,0.1665,0.050900,0.1203,0.001800,0.042500,0,0,768,256,11229,3565.7148,15494.9102,239.1602,0.001600,4,0.000400,0.008200,0.002300,0.012700,0.1783,0,0,0.062400,0.2705,2.4075,0.054400,0.000200,0.001400,0.000300,0.000400,0.006200,0.007600,0.037700,0.005400,0.033300,0.1022,0.011400,0.008200,0,0.023700,0.008400,0.6547,0.011600,0.018700,0.084600,0.012300,0.073000,0.002200,0.076600,0.008000,0.065100,0.5893,0.004900,2.3265,0.000400,0.1840,0.000500,0.000600,0.028500,0.2992,0.5574,0.022200,0.8887,0.1739,0.002100,0.010400,0.000400,0.034700,0,9.8318,8.7628,13.0955,634,16,0.2500,0,16,3.8438,1,0,0,629,1,0,115,102,13,0,-1,-1,0,-1,-1,13.9904,4.9185,0,1525.2227,1525.2227,1525.0977,95,870,551,322,0,0,0.001000,0,0,0.014700,0.079500,0.000600,0.012300,0.068100,0.038100,0.000900,0.001600,0.000200,0.001500,0.006100,0.000800,0.003500,0.021600,0.1567,0.054900,0.076400,0.1597,0.040100,0.1726,0.026400,0.090100,0.000300,0.001500,0.065800,0.009000,0.001200,0.000300,0.026400,0.006300,0.012100,0.000900,0.2167,0.016900,0.042400,0.2117,0.068900,0.001300,0.039700,0.002400,0.033300,0.024100,0.016600,9.1947,0.060200,0.010100,0.000100,0,10.5705,0,0,0,0,0,0,0,50,0,0,0,0,1,1,9,9,2,1,1,4,1,1,1,1,1,1,7,7,1,1,50,9,6,42,76,794,950,0,0,0,0,0,-100,-100,-100,-100,600,1440,107.7673,0,0,-0.000000,-1,0,0,0,1,0,13.7344,5,50,75.1289,13.7344,0,0,48.9844,0,100,0,0,0,0,0,0,0,0,0,0.4490,0.4490,1,0.4490,0.4490,46.4160,8.9635,20141,90,568,135,12268.5000,3608.0664,7258.2383,0,15877.7812,11.3519,2.7318,8.3480,11.3519,2.7328,2.8876,33.3333,5.4605,24.6992,0.000700,0.021400,0.000600,0.000600,0.001600,0.010400,0.000600,0.075700,0.001100,0.024600,0.021700,0.033100,0.3435,0.1950,0.019400,0.007200,0.064900,0,0.043900,0.014800,0.1668,0.006100,0.031100,0.1287,0.014800,0.091700,0.4333,0.7246,0.3115,0.055300,2.4238,0.094200,0.031800,0.037900,0.6894,0.087800,0.001800,0.002300,0.058900,0.1967,0.049200,0.000600,0.6283,982,400848,0,0,0,0,0,0,0.002100,0.001300,0.008500,0,0,0,0,0,0,0,0,0,0,0,0,0,0,0,0,0,0,0
,0.013600,0.007700,2,64,0,62,0,0,13,233,44,0,454,3,0,0,12,2,0,0,0,0,0.008900,0.006400,0.3308,0.005200,0.007500,0.000900,0.8462,0.1969,0.053300,0.1280,0.001300,0.026600,0.000900,0,768,256,11229,3565.7148,15494.9102,239.1602,0.002600,5,0.000300,0.008900,0.001900,0.013500,0.1862,0,0,0.053800,0.2230,2.4931,0.066100,0.000200,0.001400,0.000200,0.000200,0.007100,0.007000,0.043500,0.005500,0.031100,0.1053,0.010700,0.006100,1.8151,0.026700,0.007700,0.038000,0.011700,0.018700,0.085500,0.008500,0.068400,0.002100,0.078700,0.007900,0.065800,0.5826,0.004300,2.3207,0.000200,0.1826,0.001000,0.000400,0.027500,0.3135,0.6092,0.023900,0.9818,0.1132,0.001900,0.009300,0.000500,0.034200,0.034100,7.4964,8.7628,13.0955,634,16,0.2500,0,16,3.8438,1,0,0,629,1,0,115,102,13,0,-1,-1,0,-1,-1,13.9904,4.9185,0,1525.2227,1525.2227,1525.0977,95,871,551,322,0,0,0.001100,0,0,0.015800,0.078600,0.000500,0.011000,0.069100,0.043800,0.000900,0.001600,0.000200,0.001700,0.006200,0.001000,0.003900,0.023800,0.1522,0.060800,0.087300,0.1595,0.038900,0.2064,0.017500,0.054500,0.000300,0.001400,0.069700,0.008700,0.001300,0.000600,0.026800,0.006200,0.013000,0.001200,0.1450,0.017800,0.042600,0.2098,0.069400,0.001200,0.041600,0.002200,0.031600,0.023200,0.023300,7.3368,0.066500,0.006400,0.000200,0,11.4586,0,0,0,0,0,0,0,50,0,0,0,0,1,1,9,9,2,1,1,4,1,1,1,1,1,1,7,7,1,1,50,9,6,42,76,794,950,0,0,0,0,0,-100,-100,-100,-100,600,1440,107.7673,0,0,-0.000000,-1,0,0,0,1,0,13.7344,5,50,75.1289,13.7344,0,0,48.9844,0,100,0,0,0,0,0,0,0,0,0,0.4236,0.4236,1,0.4236,0.4236,55.9632,8.9635,20141,90,568,135,12268.5625,3608.0664,7258.2383,0,15876.5664,9.1455,2.2819,7.3359,9.1455,2.2819,2.9043,33.3333,5.8905,24.3066,0.000300,0.024100,0.000500,0.000800,0.001800,0.013400,0.000700,0.075200,0,0.018400,0.027600,0.035000,0.7875,0.2855,0.022500,0.005100,0.068100,0,0.045000,0.014200,0.1745,0,0.037300,0.1875,0.028800,0.1014,0.4341,0.7073,0.3829,0.057400,2.0779,0.094200,0.031700,0.039700,0.6926,0.086300,0.002000,0.002600,0.059800,0.1997,0.051200,0.000800,0.9314,919,384908,0,0,0,0,0,0,0,0,0.008400,0,0,0,0,0,0,0,0,0,0,0,0,0,0,0,0,0,0,0
,0.019900,0.012900,2,56,0,54,0,0,13,233,12,0,454,3,0,0,12,2,0,0,0,0,0.007800,0.002700,0.3160,0.006400,0.009300,0.001000,0.8553,0.1520,0.049500,0.1285,0.000800,0.2771,0,0,768,256,11229,3565.7148,15494.9102,239.1602,0.001500,1,0,0.006500,0.001500,0.014200,0.2007,0,0,0.055900,0.2438,2.5123,0.064400,0.000400,0.001300,0.000200,0.000300,0.007300,0.007000,0.042400,0.004700,0.029900,0.094600,0.010200,0.006300,0.7007,0.026400,0.008500,0.026400,0.010800,0.017600,0.091100,0.011100,0.072700,0.001800,0.077800,0.007700,0.067300,0.5837,0.005300,2.3337,0.000200,0.1855,0.000500,0.000300,0.029100,0.2997,0.5923,0.023300,0.8928,0.1502,0.001900,0.009900,0.000600,0.033700,0.1191,7.9857,8.7628,13.0955,634,16,0.2500,0,16,3.8438,1,0,0,629,1,0,115,102,13,0,-1,-1,0,-1,-1,13.9904,4.9185,0,1525.2227,1525.2227,1525.0977,95,876,561,322,0,0,0.000900,0,0,0.016600,0.085900,0.000400,0.011900,0.066400,0.037500,0.000900,0.001400,0.000100,0.001600,0.006000,0.001100,0.004000,0.020600,0.6558,0.054600,0.075600,0.1488,0.037300,0.1768,0.022100,0.099100,0.000400,0.001800,0.062700,0.009100,0.001500,0.000500,0.024600,0.006700,0.012400,0.001100,0.2109,0.016000,0.041800,0.1892,0.073100,0.001600,0.021800,0.001800,0.017900,0.023500,0.016800,7.3696,0.055700,0.006700,0.000200,0,9.5310,0,0,0,0,0,0,0,50,0,0,0,0,1,1,9,9,2,1,1,4,1,1,1,1,1,1,7,7,1,1,50,9,6,42,76,794,950,0,0,0,0,0,-100,-100,-100,-100,600,1440,107.7673,0,0,-0.000000,-1,0,0,0,1,0,13.7344,5,50,75.1289,13.7344,0,0,48.9844,0,100,0,0,0,0,0,0,0,0,0,0.9477,0.9477,1,0.9477,0.9477,3.8198,8.9635,20141,90,568,135,12268.5625,3608.0664,7258.2383,0,15876.6289,10.4978,2.6663,7.5950,10.4978,2.6663,2.6847,33.3333,5.3554,24.9817,0.000600,0.022000,0.000600,0.000600,0.001600,0.011300,0.000600,0.075200,0,0.017500,0.021400,0.041800,0.3597,0.1973,0.020400,0.006200,0.061700,0,0.045500,0.013100,0.1852,0,0.032100,0.1407,0.015600,0.090600,0.4380,0.6637,0.3011,0.6553,2.3462,0.095300,0.030700,0.041100,0.6917,0.1097,0.003800,0.004500,0.064300,0.1935,0.049100,0.000600,0.5978,997,399528,0,2338,1334,0,0.9543,0.5571,0,0,0.008600,0,0,0,0,0,0,0,0,0,0,0,0,0,0,0,0,0,0,0
,0.016700,0.006000,2,76,0,74,0,0,14,233,47,0,454,3,0,0,13,2,0,0,0,0,0.008900,0.014800,0.3311,0.006500,0.009200,0.001000,0.8459,0.2131,0.050900,0.1217,0.001200,0.035700,0.001500,1,768,256,11229,3565.7148,15494.9102,239.1602,0.001400,9,0,0.007600,0.001700,0.015300,0.1828,0,0,0.060500,0.2676,2.4951,0.063000,0.000200,0.001100,0.000300,0.000300,0.006100,0.006700,0.053900,0.004900,0.031900,0.1110,0.010300,0.005900,1.3768,0.028000,0.008900,0.035900,0.022300,0.020000,0.095400,0.021800,0.083300,0.002400,0.080800,0.008000,0.065900,0.5965,0.004300,2.3334,0.000300,0.1849,0.000500,0.000400,0.028000,0.3043,0.5456,0.022500,0.9417,0.1233,0.002000,0.010100,0.000400,0.033200,0.064400,8.4371,8.7628,13.0955,634,16,0.2500,0,16,3.8438,1,0,0,629,1,0,115,102,13,0,-1,-1,0,-1,-1,13.9904,4.9185,0,1525.2227,1525.2227,1525.0977,95,870,551,321,0,0,0.001300,0,0,0.014300,0.081600,0.000500,0.011500,0.065000,0.036500,0.001000,0.001400,0.000300,0.001400,0.005900,0.001000,0.003700,0.020800,0.1573,0.054900,0.078400,0.1455,0.041800,0.1872,0.021300,0.1498,0.000200,0.001400,0.061100,0.008500,0.001500,0.000300,0.025100,0.006000,0.011700,0.001500,0.1323,0.015500,0.042700,0.1924,0.068200,0.001300,0.030300,0.002500,0.030600,0.020800,0.016300,8.2162,0.061600,0.006000,0.000100,0,10.0384,0,0,0,0,0,0,0,50,0,0,0,0,1,1,9,9,2,1,1,4,1,1,1,1,1,1,7,7,1,1,50,9,6,42,76,794,950,0,0,0,0,0,-100,-100,-100,-100,600,1440,107.7673,0,0,-0.000000,-1,0,0,0,1,0,13.7344,5,50,75.1289,13.7344,0,0,48.9844,0,100,0,0,0,0,0,0,0,0,0,0.5245,0.5245,1,0.5245,0.5245,14.1842,8.9635,20141,90,568,135,12268.5625,3608.0664,7258.2383,0,15876.6289,9.9689,2.2229,8.0598,9.9689,2.2229,2.8050,33.3333,5.7979,24.7572,0.000300,0.021200,0.000500,0.000600,0.001800,0.007800,0.000600,0.072600,0.001000,0.019500,0.027700,0.039600,0.3399,0.1885,0.018500,0.006100,0.067200,0,0.043900,0.013100,0.1922,0.005100,0.032900,0.1384,0.015200,0.090300,0.4289,0.7593,0.3479,0.057400,2.4785,0.095200,0.031700,0.038900,0.6890,0.086900,0.001900,0.002500,0.061100,0.1997,0.050200,0.000600,0.6150,963,395400,0.052300,0,0,0,0,0,0,0,0.007500,0,0,0,0,0,0,0,0,0,0,0,0,0,0,0,0,0,0,0
,0.017200,0.005800,2,63,0,61,0,0,13,233,27,0,454,3,0,0,12,2,0,0,0,0,0.007300,0.001500,0.3235,0.005300,0.007800,0.000800,0.8337,0.1722,0.053900,0.1151,0.000800,0.039900,0,0,768,256,11229,3565.7148,15494.9102,239.1602,0.001100,1,0.000500,0.011800,0.002200,0.013400,0.2041,0,0,0.054500,0.2702,2.6045,0.062700,0.000300,0.001500,0.000200,0.000200,0.006800,0.006600,0.044200,0.005300,0.032000,0.1137,0.011000,0.006100,1.3197,0.025300,0.007800,0.029300,0.011900,0.018600,0.087700,0.009400,0.1017,0.002800,0.1192,0.008900,0.066700,0.6017,0.004200,2.3247,0.000300,0.1909,0.000600,0.000400,0.030800,0.3115,0.7150,0.026700,0.9204,0.9527,0.002000,0.009900,0.000500,0.035400,0.088200,7.2634,8.7628,13.0955,634,16,0.2500,0,16,3.8438,1,0,0,629,1,0,115,102,13,0,-1,-1,0,-1,-1,13.9904,4.9185,0,1525.2227,1525.2227,1441.5039,95,871,551,321,0,0,0.001000,0,0,0.015500,0.091500,0.000600,0.010800,0.074200,0.038100,0.001100,0.001700,0.000100,0.001600,0.006400,0.001000,0.003800,0.021800,0.1360,0.052200,0.074600,0.1727,0.043900,0.1561,0.023800,1.0144,0.000200,0.001900,0.067800,0.009700,0.001500,0.000500,0.026600,0.006800,0.013300,0.001100,0.1381,0.014500,0.041100,0.2130,0.070000,0.001300,0.048600,0.002200,0.033900,0.022000,0.023500,6.7958,0.058800,0.007200,0.000100,0,10.3610,0,0,0,0,0,0,0,50,0,0,0,0,1,1,9,9,2,1,1,4,1,1,1,1,1,1,7,7,1,1,50,9,6,42,76,794,950,0,0,0,0,0,-100,-100,-100,-100,600,1440,107.7673,0,0,-0.000000,-1,0,0,0,1,0,13.7344,5,50,75.1289,13.7344,0,0,48.9844,0,100,0,0,0,0,0,0,0,0,0,1.3305,1.3305,1,1.3305,1.3305,24.0375,8.9635,20141,90,568,135,12268.5625,3608.0664,7258.2383,0,15876.6289,10.1344,3.0029,7.3782,10.1344,3.0029,2.8004,33.3333,5.5007,24.9658,0.000600,0.021500,0.000600,0.000600,0.001800,0.010400,0.000600,0.075600,0.001000,0.025600,0.020700,0.031700,0.3649,0.2884,0.019500,0.005100,0.062000,0.001000,0.044500,0.015700,0.1750,0,0.031500,0.1332,0.017700,0.1014,0.4160,1.5881,0.3899,0.058400,2.1013,0.093200,0.031700,0.049800,0.6897,0.087800,0.002000,0.002500,0.063200,0.1996,0.049200,0.000700,0.6203,964,394716,0,0,0,0,0,0,0.004000,0,0.007400,0,0,0,0,0,0,0,0,0,0,0,0,0,0,0,0,0,0,0
,0.020000,0.006400,2,70,0,68,0,0,14,233,26,0,454,3,0,0,13,2,0,0,0,0,0.021100,0.017100,0.4103,0.006300,0.009100,0.001200,0.8994,0.1997,0.053100,0.1510,0.001300,0.038400,0,0,768,256,11229,3565.7148,15494.9102,239.1602,0.001300,5,0,0.007600,0.002200,0.019200,0.2089,0,0,0.072700,0.2275,2.4852,0.051300,0.000400,0.001100,0.000200,0.000200,0.006400,0.006500,0.036400,0.005200,0.029900,0.096100,0.011700,0.006000,0,0.024800,0.009400,0.025500,0.011200,0.017200,0.3081,0.009100,0.072000,0.002000,0.1547,0.009300,0.071100,0.5913,0.005000,2.3287,0.000200,0.1885,0.000600,0.000300,0.028600,0.2944,0.6969,0.024100,0.9203,0.1780,0.002100,0.008700,0.000500,0.034500,0,9.5557,8.7628,13.0955,634,16,0.2500,0,16,3.8438,1,0,0,629,1,0,115,102,13,0,-1,-1,0,-1,-1,13.9904,4.9185,0,1525.2227,1525.2227,1525.0977,95,876,561,321,0,0,0.001100,0,0,0.013700,0.078400,0.000600,0.011200,0.068900,0.037600,0.000700,0.001600,0.000300,0.001300,0.005600,0.000800,0.003600,0.020800,0.1531,0.055100,0.076700,0.1553,0.035400,0.1909,0.017300,0.051800,0.000200,0.001300,0.065600,0.008700,0.001500,0.000600,0.026800,0.006300,0.012600,0.000900,0.1375,0.016200,0.041200,0.2146,0.066900,0.001200,0.039600,0.002400,0.017900,0.038800,0.017900,9.0647,0.055800,0.006800,0,0,9.8825,0,0,0,0,0,0,0,50,0,0,0,0,1,1,9,9,2,1,1,4,1,1,1,1,1,1,7,7,1,1,50,9,6,42,76,794,950,0,0,0,0,0,-100,-100,-100,-100,600,1440,107.7673,0,0,-0.000000,-1,0,0,0,1,0,13.7344,5,50,75.1289,13.7344,0,0,48.9844,0,100,0,0,0,0,0,0,0,0,0,0.3981,0.3981,1,0.3981,0.3981,35.2246,8.9635,20141,90,568,135,12268.5625,3608.0664,7258.2383,0,15876.6289,11.1770,2.1344,8.2092,11.1770,2.1361,2.7532,33.3333,5.5356,24.4728,0.000200,0.020400,0.000600,0.000600,0.001700,0.009200,0.000600,0.074500,0,0.018300,0.020100,0.039800,0.3536,0.1920,0.019500,0.005100,0.063000,0,0.045500,0.027400,0.1910,0,0.032700,0.1411,0.015100,0.091300,0.4292,0.7704,0.3301,0.057400,2.4943,0.094200,0.031800,0.038900,0.6920,0.089300,0.001800,0.002400,0.060400,0.2089,0.050200,0.000700,0.6065,943,389654,0,0,0,0,0,0,0.003700,0.001900,0.008200,0,0,0,0,0,0,0,0,0,0,0,0,0,0,0,0,0,0,0
,0.026100,0.006000,2,60,0,58,0,0,13,233,26,0,454,3,0,0,12,2,0,0,0,0,0.008600,0.007600,0.3977,0.004900,0.007300,0.001600,0.9041,0.1615,0.053700,0.1512,0.001300,0.032000,0.001800,0,768,256,11229,3565.7148,15494.9102,239.1602,0.001200,8,0.000200,0.008100,0.002000,0.018100,0,0,0,0.063900,0.2516,2.5267,0.064600,0.000200,0.001100,0.000300,0.000200,0.006700,0.007000,0.043400,0.004700,0.030400,0.1081,0.010100,0.005700,1.6334,0.030600,0.010200,0.033700,0.011200,0.019900,0.093500,0.008600,0.076300,0.002200,0.1145,0.008200,0.070400,0.6003,0.005200,2.5388,0.000800,0.2017,0.000400,0.000400,0.032100,0.3210,0.6243,0.025000,0.9422,0.1733,0.002500,0.010000,0.000500,0.036200,0,6.6381,8.7628,13.0955,634,16,0.2500,0,16,3.8438,1,0,0,629,1,0,115,102,13,0,-1,-1,0,-1,-1,13.9904,4.9185,0,1525.2227,1525.2227,1525.0977,95,876,561,321,0,0,0.000800,0,0,0.015100,0.077900,0.000600,0.012300,0.072000,0.039900,0.000800,0.001800,0.000300,0.001700,0.006700,0.001000,0.004200,0.025500,0.1359,0.060400,0.080800,0.1501,0.040200,0.1879,0.024600,0.8484,0.000300,0.001600,0.065600,0.008900,0.002000,0.000500,0.026400,0.006500,0.013000,0.001000,0.1377,0.013400,0.041400,0.1964,0.068700,0.001100,0.044600,0.002100,0.031700,0.021900,0.019200,6.3361,0.058000,0.005800,0.000100,0,11.1671,0,0,0,0,0,0,0,50,0,0,0,0,1,1,9,9,2,1,1,4,1,1,1,1,1,1,7,7,1,1,50,9,6,42,76,794,950,0,0,0,0,0,-100,-100,-100,-100,600,1440,107.7673,0,0,-0.000000,-1,0,0,0,1,0,13.7344,5,50,75.1289,13.7344,0,0,48.9844,0,100,0,0,0,0,0,0,0,0,0,1.1813,1.1813,1,1.1813,1.1813,44.4453,8.9635,20141,90,568,135,12268.5625,3608.0664,7258.2383,0,15876.6289,9.0141,2.9061,7.4223,9.0141,2.9061,2.8800,33.3333,5.9988,24.1171,0.000600,0.022200,0.000600,0.000600,0.001800,0.012000,0.000600,0.076800,0,0.019500,0.028500,0.035500,0.3555,0.1873,0.019500,0.006100,0.066500,0.001100,0.045300,0.024200,0.1986,0.005100,0.032700,0.1369,0.015600,0.1060,0.4316,0.7592,0.3416,0.056400,2.4841,0.094200,0.031700,0.044800,0.6968,0.098300,0.001900,0.002500,0.072700,0.1956,0.050100,0.000700,0.8106,966,396302,0,0,0,0,0,0,0,0,0.008600,0,0,0,0,0,0,0,0,0,0,0,0,0,0,0,0,0,0,0
,0.027700,0.006200,2,64,0,62,0,0,13,233,26,0,454,3,0,0,12,2,0,0,0,0,0.009100,0.004500,0.3311,0.005400,0.008200,0.001000,0.8394,0.1998,0.048900,0.1240,0.001400,0.023600,0,0,768,256,11229,3565.7148,15494.9102,239.1602,0.001600,1,0.000400,0.010200,0.002300,0.020200,0.1791,0,0,0.053500,0.2426,2.6986,0.066900,0.000300,0.001200,0.000200,0.000200,0.006800,0.005700,0.042600,0.005100,0.032800,0.1284,0.010700,0.018900,1.5393,0.030100,0.009100,0.053800,0.011800,0.019800,0.082900,0.011700,0.076000,0.002500,0.1018,0.008000,0.070500,0.6120,0.004800,2.4351,0.000300,0.1981,0.000500,0.000400,0.029800,0.3311,0.6912,0.025400,1.0705,0.1111,0.001900,0.010500,0.000700,0.035200,0.041500,8.5342,8.7628,13.0955,634,16,0.2500,0,16,3.8438,1,0,0,629,1,0,115,102,13,0,-1,-1,0,-1,-1,13.9904,4.9185,0,1525.2227,1525.2227,1525.0977,95,878,561,321,0,0,0.001200,0,0,0.014900,0.078500,0.000800,0.011900,0.065900,0.036200,0.000800,0.001800,0.000300,0.001400,0.006100,0.001000,0.003600,0.021200,0.1307,0.052700,0.073400,0.1598,0.041000,0.6122,0.015600,0,0.000300,0.005800,0.063300,0.009100,0.001200,0.000600,0.038600,0.006700,0.012300,0.001100,0.1427,0.014700,0.042600,0.2199,0.071100,0.001200,0.042800,0.002300,0.034500,0.021600,0.019800,7.9658,0.059500,0.007000,0.000100,0,9.2062,0,0,0,0,0,0,0,51,0,0,0,0,1,1,9,9,2,1,1,4,1,1,1,1,1,1,7,7,1,1,50,9,6,42,76,794,950,0,0,0,0,0,-100,-100,-100,-100,600,1440,107.7673,0,0,-0.000000,-1,0,0,0,1,0,13.7344,5,50,75.1289,13.7344,0,0,48.9844,0,100,0,0,0,0,0,0,0,0,0,0.3957,0.3957,1,0.3957,0.3957,54.8776,8.9635,20141,90,568,135,12268.5625,3608.0664,7258.2383,0,15876.6289,10.7278,2.4321,7.4326,10.7278,2.4321,2.6333,33.3333,5.1815,24.3750,0.000200,0.021200,0.000700,0.000600,0.001600,0.008700,0.000600,0.072800,0,0.043000,0.029800,0.043700,0.3377,0.1979,0.018500,0.005100,0.062600,0,0.046600,0.020100,0.2212,0.005100,0.032300,0.1351,0.021700,0.1010,0.4189,0.6733,0.3949,0.057300,2.5335,0.097300,0.034800,0.039500,0.6934,0.080400,0.001900,0.002300,0.060200,0.2141,0.050200,0.000600,0.6361,938,388742,0,0,0,0,0,0,0,0,0.008400,0,0,0,0,0,0,0,0,0,0,0,0,0,0,0,0,0,0,0
,0.020800,0.009000,2,57,0,55,0,0,13,233,12,0,454,3,0,0,12,2,0,0,0,0,0,0.003500,0.3371,0.006800,0.007700,0.001100,0.8936,0.1719,0.052400,0.1257,0.000900,0.027400,0,1,768,256,11229,3565.7148,15494.9102,239.1602,0.001400,5,0.000100,0.008000,0.002100,0.018800,0.1981,0,0,0.054500,0.2424,2.4221,0.070300,0.000200,0.001300,0.000300,0.000300,0.007700,0.007300,0.043800,0.017800,0.037500,0.1294,0.010200,0.006000,1.7695,0.027600,0.008400,0.030100,0.011000,0.017900,0.083900,0.009200,0.073500,0.002000,0.1034,0.007600,0.066900,0.6112,0.004500,2.2627,0.000200,0.1857,0.000500,0.000500,0.027100,0.3710,0.5744,0.022700,0.8650,0.1796,0.001600,0.009500,0.000600,0.035300,0.3571,9.1970,8.7628,13.0955,634,16,0.2500,0,16,3.8438,1,0,0,629,1,0,115,102,13,0,-1,-1,0,-1,-1,13.9904,4.9185,0,1525.2227,1525.2227,1525.0977,95,871,551,321,0,0,0.000800,0,0,0.014700,0.086900,0.000700,0.012600,0.080400,0.040600,0.000900,0.001500,0.000200,0.001600,0.006100,0.001200,0.003900,0.021600,0.1502,0.063300,0.095900,0.1538,0.038100,0.1629,0.021100,0.1212,0.000200,0.001500,0.067400,0.008900,0.001400,0.000600,0.025700,0.006600,0.013800,0.001200,0.1600,0.016800,0.042700,0.2130,0.069600,0.001300,0.043700,0.002800,0.018500,0.024200,0.022000,8.6207,0.056100,0.005800,0.000200,0,10.4818,0,0,0,0,0,0,0,50,0,0,0,0,1,1,9,9,2,1,1,4,1,1,1,1,1,1,7,7,1,1,50,9,6,42,76,794,950,0,0,0,0,0,-100,-100,-100,-100,600,1440,107.7673,0,0,-0.000000,-1,0,0,0,1,0,13.7344,5,50,75.1289,13.7344,0,0,48.9844,0,100,0,0,0,0,0,0,0,0,0,0.4552,0.4552,1,0.4552,0.4552,2.4348,8.9635,20141,90,568,135,12268.5781,3608.0664,7258.2383,0,15876.6289,10.8903,2.2471,7.9001,10.8903,2.2471,2.9105,33.3333,5.3568,24.4540,0.000300,0.022300,0.000500,0.000500,0.001700,0.007900,0.000600,0.073700,0.001000,0.017400,0.020400,0.039500,0.3582,0.1907,0.019500,0.005100,0.064200,0,0.046900,0.006500,0.1977,0.005100,0.032000,0.1325,0.015100,0.090100,0.4236,0.6362,0.2833,0.056300,2.3869,0.094200,0.031800,0.043800,0.7174,0.094600,0.002100,0.004400,0.058200,0.2171,0.050200,0.000600,0.5987,946,391110,0,2398,1338,0,1.7200,0,0,0,0.008500,0,0,0,0,0,0,0,0,0,0,0,0,0,0,0,0,0,0,0
,0.014800,0.007400,2,57,0,55,0,0,13,233,10,0,454,3,0,0,12,2,0,0,0,0,0.017200,0.009100,0.3101,0.005600,0.008600,0.001900,0.8489,0.2218,0.058100,0.1248,0.001300,0.038900,0,0,768,256,11229,3565.7148,15494.9102,239.1602,0.001400,4,0.000400,0.007600,0.002300,0.018200,0.1694,0,0,0.063100,0.3530,2.6104,0.068900,0.000300,0.001300,0.000200,0.000200,0.006900,0.006000,0.060800,0.005300,0.030400,0.1755,0.010400,0.006300,1.6295,0.029000,0.008900,0.035000,0.013000,0.018400,0.082000,0.008600,0.072600,0.002400,0.1002,0.007300,0.064200,0.5851,0.004700,2.3116,0.000400,0.1782,0.000500,0.000300,0.027700,0.3055,1.4795,0.023000,0.9031,0.1450,0.001800,0.012200,0.000400,0.034200,0.030300,9.0828,8.7628,13.0955,634,16,0.2500,0,16,3.8438,1,0,0,629,1,0,115,102,13,0,-1,-1,0,-1,-1,13.9904,4.9185,0,1525.2227,1525.2227,1441.6289,95,871,551,321,0,0,0.000900,0,0,0.014000,0.078300,0.000400,0.011500,0.069300,0.040800,0.000800,0.001800,0.000400,0.001600,0.006700,0.001100,0.003800,0.022800,0.1582,0.057200,0.080400,0.1558,0.042900,0.2093,0.020200,0.2145,0.000300,0.001500,0.059700,0.007900,0.001300,0.000600,0.027200,0.006200,0.011600,0.001100,0.1341,0.014200,0.040800,0.1969,0.065200,0.001100,0.022300,0.003000,0.033300,0.022200,0.016400,8.8057,0.059100,0.006200,0,0.002200,10.8211,0,0,0,0,0,0,0,50,0,0,0,0,1,1,9,9,2,1,1,4,1,1,1,1,1,1,7,7,1,1,50,9,6,42,76,794,950,0,0,0,0,0,-100,-100,-100,-100,600,1440,107.7673,0,0,-0.000000,-1,0,0,0,1,0,13.7344,5,50,75.1289,13.7344,0,0,48.9844,0,100,0,0,0,0,0,0,0,0,0,0.5965,0.5965,1,0.5965,0.5965,13.4633,8.9635,20141,90,568,135,12268.5781,3608.0664,7258.2383,0,15876.6445,10.7281,2.2979,7.4563,10.7281,2.2987,3.1032,33.3333,5.4748,25.2174,0.000300,0.022500,0.000600,0.000600,0.001700,0.010500,0.000600,0.075700,0,0.020500,0.026000,0.035000,0.7774,0.2828,0.022600,0.006100,0.067400,0,0.043600,0.009600,0.1966,0,0.037800,0.1857,0.028400,0.1081,0.4372,0.6961,0.3937,0.055300,2.0572,0.093200,0.030700,0.037900,0.6893,0.086900,0.001900,0.002400,0.062300,0.1987,0.049100,0.000800,0.6255,924,385166,0,0,0,0,0,0,0.006400,0.001000,0.008600,0,0,0,0,0,0,0,0,0,0,0,0,0,0,0,0,0,0,0
,0.025000,0.017600,2,57,0,55,0,0,13,233,13,0,454,3,0,0,12,2,0,0,0,0,0.009000,0.016200,0.3913,0.005000,0.008600,0.000800,0.9151,0.1637,0.039900,0.1248,0.001600,0.024700,0,0,768,256,11229,3565.7148,15494.9102,239.1602,0.002000,0,0.000100,0.007600,0.001900,0.017200,0.3478,0,0,0.050700,0.2027,2.4240,0.063000,0.000200,0.001200,0.000200,0.000200,0.006400,0.006500,0.038100,0.004400,0.030000,0.091600,0.010600,0.005700,0.6718,0.025800,0.008600,0.041200,0.013900,0.018700,0.070100,0.018800,0.068200,0.002300,0.079300,0.007400,0.064400,0.5859,0.004400,2.3575,0.000300,0.2226,0.000500,0.000300,0.028900,0.3342,0.6368,0.024100,0.8886,0.1110,0.002000,0.009500,0.000300,0.030800,0,9.4296,8.7628,13.0955,634,16,0.2500,0,16,3.8438,1,0,0,629,1,0,115,102,13,0,-1,-1,0,-1,-1,13.9904,4.9185,0,1525.2227,1525.2227,1525.0977,95,876,551,321,0,0,0.001100,0,0,0.014700,0.082700,0.000800,0.012100,0.072700,0.043300,0.001000,0.001700,0.000300,0.001600,0.006100,0.000900,0.004000,0.020300,0.1282,0.069100,0.079400,0.1549,0.044800,0.1638,0.021300,0.2023,0.000100,0.001900,0.064500,0.008900,0.001300,0.000800,0.026800,0.006500,0.012500,0.001300,0.1479,0.015600,0.043400,0.2032,0.067600,0.001300,0.034200,0.002400,0.032700,0.022000,0.017300,8.8516,0.059500,0.006600,0.000200,0.003900,11.1044,0,0,0,0,0,0,0,50,0,0,0,0,1,1,9,9,2,1,1,4,1,1,1,1,1,1,7,7,1,1,50,9,6,42,76,794,950,0,0,0,0,0,-100,-100,-100,-100,600,1440,107.7673,0,0,-0.000000,-1,0,0,0,1,0,13.7344,5,50,75.1289,13.7344,0,0,48.9844,0,100,0,0,0,0,0,0,0,0,0,0.5152,0.5152,1,0.5152,0.5152,24.6153,8.9635,20141,90,568,135,12268.5781,3608.0664,7258.2383,0,15876.6445,11.3976,2.2378,7.5502,11.3976,2.2378,2.8275,33.3333,5.4751,24.7814,0.000600,0.020400,0.000600,0.000600,0.001700,0.008000,0.000600,0.072500,0,0.021400,0.030000,0.042200,0.3720,0.2252,0.021500,0.005100,0.066800,0,0.044100,0.008700,0.2070,0,0.032800,0.1381,0.016700,0.098700,0.4306,0.7078,0.3295,0.057200,2.4660,0.095200,0.031700,0.039700,1.1233,0.4779,0.002200,0.002500,0.062400,0.2017,0.049100,0.000600,0.6046,924,385166,0.051400,0,0,0,0,0,0,0,0.007300,0,0,0,0,0,0,0,0,0,0,0,0,0,0,0,0,0,0,0
,0.018500,0.006000,2,57,0,55,0,0,13,233,13,0,454,3,0,0,12,2,0,0,0,0,0.010900,0,0.3266,0.006000,0.007700,0.001100,0.8563,0.1966,0.049800,0.1225,0.000800,0.045000,0,0,768,256,11229,3565.7148,15494.9102,239.1602,0.014700,1,0.000300,0.010800,0.002400,0.019400,0.1771,0,0,0.053800,0.2500,2.5217,0.060500,0.000200,0.001200,0.000200,0.000200,0.006700,0.012700,0.055100,0.005000,0.030600,0.1243,0.010300,0.005700,0.7313,0.025800,0.007900,0.026400,0.011700,0.017600,0.070900,0.011000,0.071200,0.001800,0.072400,0.007700,0.069600,0.5712,0.004300,2.2981,0.000200,0.1743,0.000500,0.000400,0.027600,0.3510,0.5885,0.023000,0.8438,0.1777,0.001700,0.008400,0.000500,0.032500,0.6132,7.3953,8.7628,13.0955,634,16,0.2500,0,16,3.8438,1,0,0,629,1,0,115,102,13,0,-1,-1,0,-1,-1,13.9904,4.9185,0,1525.2227,1525.2227,1525.0977,95,873,561,322,0,0,0.000800,0,0,0.015500,0.078200,0.000700,0.013200,0.071100,0.042300,0.000900,0.001900,0.000400,0.001600,0.006400,0.001100,0.004000,0.023100,0.1595,0.058900,0.079900,0.1458,0.040200,0.1914,0.019900,0.3565,0.000200,0.001300,0.065600,0.008300,0.001300,0.000500,0.029400,0.006700,0.012700,0.001200,0.1359,0.014200,0.041500,0.1840,0.065800,0.001100,0.046300,0.002200,0.016600,0.022700,0.019800,6.8573,0.059500,0.006000,0.000100,0,11.1035,0,0,0,0,0,0,0,50,0,0,0,0,1,1,9,9,2,1,1,4,1,1,1,1,1,1,7,7,1,1,50,9,6,42,76,794,950,0,0,0,0,0,-100,-100,-100,-100,600,1440,107.7673,0,0,-0.000000,-1,0,0,0,1,0,13.7344,5,50,75.1289,13.7344,0,0,48.9844,0,100,0,0,0,0,0,0,0,0,0,0.6952,0.6952,1,0.6952,0.6952,33.8675,8.9635,20141,90,568,135,12268.5781,3608.0664,7258.2383,0,15876.6445,9.3043,2.4389,7.8792,9.3043,2.4389,2.7522,33.3333,5.2506,24.8851,0.000200,0.022100,0.000600,0.000600,0.001700,0.010500,0.000600,0.073100,0,0.026500,0.021700,0.025200,0.3535,0.1951,0.020400,0.006200,0.066500,0,0.045600,0.018100,0.2089,0,0.032000,0.1394,0.015300,0.088700,0.4228,0.7491,0.3065,0.057300,2.3902,0.094200,0.033800,0.039700,0.6847,0.086200,0.002000,0.002600,0.060700,0.1954,0.049200,0.000600,0.5933,966,396798,0,0,0,0,0,0,0,0,0.008200,0,0,0,0,0,0,0,0,0,0,0,0,0,0,0,0,0,0,0
,0.042600,0.006100,2,64,0,62,0,0,13,233,43,0,454,3,0,0,12,2,0,0,0,0,0.008800,0.012800,0.4333,0.004700,0.008600,0.001000,0.8085,0.1756,0.051500,0.1297,0.000900,0.023400,0,0,768,256,11229,3565.7148,15494.9102,239.1602,0.001700,5,0.000400,0.012000,0.001600,0.013400,0.1766,0,0,0.052200,0.2286,2.4921,0.059900,0.000200,0.001600,0.000200,0.000300,0.005900,0.006300,0.047600,0.004300,0.031700,0.095400,0.010400,0.006300,0.6801,0.023500,0.008400,0.028500,0.010800,0.018100,0.083900,0.009200,0.072300,0.001900,0.098500,0.008800,0.080900,0.7113,0.006400,2.3509,0.000300,0.1914,0.000600,0.000300,0.043200,0.3092,0.6423,0.023000,0.8753,0.1884,0.002100,0.010200,0.000600,0.033600,0.1158,8.3776,8.7628,13.0955,634,16,0.2500,0,16,3.8438,1,0,0,629,1,0,115,102,13,0,-1,-1,0,-1,-1,13.9904,4.9185,0,1525.2227,1525.2227,1525.0977,95,844,535,318,0,0,0.000900,0,0,0.013200,0.079100,0.000600,0.011500,0.066500,0.036100,0.000700,0.001600,0.000200,0.001600,0.006000,0.000900,0.003900,0.022200,0.1197,0.055300,0.074400,0.1399,0.037600,0.1623,0.022800,0.1624,0.000200,0.002000,0.063900,0.008300,0.001400,0.000700,0.026900,0.006700,0.011200,0.001300,0.1321,0.014900,0.039000,0.1986,0.066000,0.001300,0.042400,0.002300,0.034100,0.023200,0.015400,8.1286,0.055600,0.006000,0.000200,0,9.2443,0,0,0,0,0,0,0,50,0,0,0,0,1,1,9,9,2,1,1,4,1,1,1,1,1,1,7,7,1,1,50,9,6,42,76,794,950,0,0,0,0,0,-100,-100,-100,-100,600,1440,107.7673,0,0,-0.000000,-1,0,0,0,1,0,13.7344,5,50,75.1289,13.7344,0,0,48.9844,0,100,0,0,0,0,0,0,0,0,0,0.4696,0.4696,1,0.4696,0.4696,44.0927,8.9635,20141,90,568,135,12268.5781,3608.0664,7258.2383,0,15876.6445,9.9264,2.0878,7.2968,9.9264,2.0878,3.0276,33.3333,5.7191,25.0898,0.000200,0.034100,0.000600,0.000600,0.001900,0.009300,0.000600,0.076400,0,0.018400,0.018400,0.033900,0.3514,0.1901,0.021500,0.005200,0.062900,0,0.046700,0.010900,0.1901,0.005100,0.032600,0.1398,0.016300,0.098500,0.4212,1.1685,0.3603,0.057200,3.1232,0.095200,0.044000,0.039300,0.6928,0.096100,0.002100,0.002900,0.061900,0.1967,0.051200,0.000700,0.5946,927,384584,0,0,0,0,0,0,0,0,0.006900,0,0,0,0,0,0,0,0,0,0,0,0,0,0,0,0,0,0,0
,0.018400,0.007700,2,57,0,55,0,0,13,233,17,0,454,3,0,0,12,2,0,0,0,0,0.053600,0.020000,0.3218,0.006500,0.007600,0.001100,0.8341,1.3684,0.050500,0.1221,0.001100,0.021800,0.001100,1,768,256,11229,3565.7148,15494.9102,239.1602,0.001600,8,0.000400,0.008500,0.002100,0.013900,0.1860,0,0,0.055000,0.2462,2.2918,0.062700,0.000200,0.001400,0.000300,0.000400,0.006700,0.006300,0.039900,0.005200,0.031900,0.1202,0.011400,0.009300,1.5930,0.028200,0.008600,0.029500,0.012200,0.018300,0.084900,0.009900,0.074000,0.001900,0.075800,0.007700,0.065600,0.6001,0.004600,2.3007,0.000600,0.1927,0.000600,0.000300,0.026700,0.2983,0.6151,0.022200,0.8548,0.1783,0.001900,0.009400,0.000500,0.034200,0,6.7605,8.7628,13.0955,634,16,0.2500,0,16,3.8438,1,0,0,629,1,0,115,102,13,0,-1,-1,0,-1,-1,13.9904,4.9185,0,1525.2227,1525.2227,1525.0977,95,844,535,318,0,0,0.000800,0,0,0.014900,0.077800,0.000500,0.011600,0.072400,0.036400,0.001100,0.001700,0.000200,0.001700,0.006500,0.001300,0.004100,0.020800,0.1403,0.053900,0.067900,0.1592,0.034400,1.2809,0.030300,0,0.000300,0.001400,0.089500,0.010900,0.001400,0.000500,0.027300,0.006400,0.014000,0.001300,0.1478,0.013700,0.042000,0.1992,0.066700,0.001000,0.044800,0.002100,0.031900,0.022400,0.020700,6.5996,0.057400,0.006600,0.000200,0,10.2496,0,0,0,0,0,0,0,50,0,0,0,0,1,1,9,9,2,1,1,4,1,1,1,1,1,1,7,7,1,1,50,9,6,42,76,794,950,0,0,0,0,0,-100,-100,-100,-100,600,1440,107.7673,0,0,-0.000000,-1,0,0,0,1,0,13.7344,5,50,75.1289,13.7344,0,0,48.9844,0,100,0,0,0,0,0,0,0,0,0,0.4351,0.4351,1,0.4351,0.4351,53.8675,8.9635,20141,90,568,135,12268.5781,3608.0664,7258.2383,0,15876.6445,9.6536,3.1510,7.2968,9.6536,3.1522,2.7469,33.3333,5.8318,24.2040,0.000300,0.021600,0.000600,0.000700,0.001900,0.007300,0.000700,0.072400,0.001000,0.019500,0.026900,0.048400,0.3482,0.1840,0.021500,0.006100,0.066900,0,0.043900,0.013100,0.064200,0.005100,0.032400,0.1326,0.015600,0.087200,0.4255,0.6967,0.3569,0.057300,2.4988,0.094200,0.036900,0.038000,0.6840,0.085500,0.002100,0.002500,0.060300,0.1966,0.049200,0.000800,0.6264,932,389014,0,0,0,0,0,0,0,0.001300,0.008500,0,0,0,0,0,0,0,0,0,0,0,0,0,0,0,0,0,0,0
,0.075500,0.028500,2,60,0,58,0,0,13,233,26,0,454,3,0,0,12,2,0,0,0,0,0,0.008100,0.3395,0.005000,0.008300,0.000900,0.8826,0.1718,0.054600,0.1248,0.001100,0.070400,0.006700,0,768,256,11229,3565.7148,15494.9102,239.1602,0.003300,2,0.000300,0.008100,0.001900,0.013000,0.1802,0,0,0.086000,0.2921,2.4201,0.082900,0.000200,0.001300,0.000200,0.000200,0.006600,0.008000,0.050100,0.005300,0.033300,0.1462,0.010800,0.006100,1.4427,0.026700,0.008100,0.033100,0.011400,0.018400,0.082800,0.016300,0.082400,0.002500,0.081800,0.009000,0.070900,0.6214,0.004600,2.4018,0.000300,0.1914,0.000500,0.000500,0.026300,0.3119,0.5685,0.024300,0.8809,0.1601,0.001900,0.009600,0.000400,0.033000,0.3080,8.0430,8.7628,13.0955,634,16,0.2500,0,16,3.8438,1,0,0,629,1,0,115,102,13,0,-1,-1,0,-1,-1,13.9904,4.9185,0,1525.2227,1525.2227,1525.0977,95,844,535,318,0,0,0.000900,0,0,0.013100,0.079300,0.000500,0.011400,0.068000,0.035200,0.001000,0.001500,0.000200,0.001300,0.005800,0.000900,0.003600,0.020400,0.2353,0.050800,0.073900,0.1417,0.041600,0.1941,0.018200,0.088200,0.000200,0.001700,0.060100,0.008100,0.001300,0.000500,0.025000,0.006500,0.011400,0.000900,0.1382,0.014700,0.041200,0.1993,0.067600,0.001200,0.039500,0.002300,0.016900,0.022400,0.025900,7.4061,0.060900,0.005700,0.000100,0,9.7398,0,0,0,0,0,0,0,50,0,0,0,0,1,1,9,9,2,1,1,4,1,1,1,1,1,1,7,7,1,1,50,9,6,42,76,794,950,0,0,0,0,0,-100,-100,-100,-100,600,1440,107.7673,0,0,-0.000000,-1,0,0,0,1,0,13.7344,5,50,75.1289,13.7344,0,0,48.9844,0,100,0,0,0,0,0,0,0,0,0,0.5437,0.5437,1,0.5437,0.5437,63.4270,8.9635,20141,90,568,135,12268.5781,3608.0664,7258.2383,0,15876.6445,10.0011,2.1649,7.2239,10.0011,2.1649,2.7926,33.3333,5.2941,24.9381,0.000200,0.019000,0.000600,0.000600,0.001800,0.012200,0.000600,0.073200,0,0.020400,0.027100,0.035100,0.3439,0.2032,0.019500,0.006100,0.067700,0,0.044400,0.011700,0.062800,0.005100,0.032500,0.1373,0.016700,0.087400,0.4329,0.6951,0.3565,0.055200,2.5096,0.095200,0.031800,0.038000,0.7117,0.078900,0.002200,0.002400,0.061700,0.1966,0.050200,0.000700,0.6544,942,392098,0,0,0,0,0,0,0,0,0.007700,0,0,0,0,0,0,0,0,0,0,0,0,0,0,0,0,0,0,0
,0.020000,0.005600,2,64,0,62,0,0,13,233,28,0,454,3,0,0,12,2,0,0,0,0,0.007700,0,0.3340,0.005200,0.008900,0.001200,0.8410,0.2172,0.048600,0.1218,0.001300,0.024900,0.002400,0,768,256,11229,3565.7148,15494.9102,239.1602,0.003100,3,0.000300,0.008500,0.002300,0.012400,0.1863,0,0,0.054700,0.3419,2.8735,0.061700,0.000200,0.001300,0.000200,0.000300,0.005800,0.006700,0.039000,0.005900,0.029500,0.1277,0.010200,0.005800,1.3122,0.025500,0.008900,0.028800,0.012200,0.019000,0.096100,0.014500,0.076500,0.002100,0.078900,0.008700,0.074700,0.6876,0.005600,2.4416,0.000200,0.2024,0.000800,0.000300,0.029600,0.3112,0.8267,0.026000,0.9789,0.5885,0.002000,0.012500,0.000700,0.039900,0.2434,9.0101,8.7628,13.0955,634,16,0.2500,0,16,3.8438,1,0,0,629,1,0,115,102,13,0,-1,-1,0,-1,-1,13.9904,4.9185,0,1525.2227,1525.2227,1525.0977,95,879,535,318,0,0,0.001000,0,0,0.016000,0.082700,0.000600,0.012400,0.067900,0.037600,0.000800,0.001700,0.000300,0.001500,0.006100,0.001000,0.004300,0.021600,0.1717,0.055000,0.093900,0.1446,0.049900,0.2050,0.037300,0.062500,0.000300,0.001500,0.060300,0.009100,0.001200,0.000600,0.024900,0.006000,0.011600,0.000900,0.1304,0.014600,0.039700,0.2041,0.065600,0.001300,0.043800,0.002300,0.035200,0.023500,0.017500,8.3756,0.055800,0.006400,0.000100,0,9.5631,0,0,0,0,0,0,0,50,0,0,0,0,1,1,9,9,2,1,1,4,1,1,1,1,1,1,7,7,1,1,50,9,6,42,76,794,950,0,0,0,0,0,-100,-100,-100,-100,600,1440,107.7673,0,0,-0.000000,-1,0,0,0,1,0,13.7344,5,50,75.1289,13.7344,0,0,48.9844,0,100,0,0,0,0,0,0,0,0,0,0.4816,0.4816,1,0.4816,0.4816,11.4510,8.9635,20141,90,568,135,12268.5781,3608.0664,7258.2383,0,15876.6445,10.4981,2.1429,7.1983,10.4981,2.1470,2.8456,33.3333,5.4263,24.2105,0.000600,0.022800,0.000500,0.000600,0.001800,0.007600,0.000600,0.073200,0,0.018400,0.020000,0.027300,0.3601,0.1962,0.019500,0.005100,0.066700,0,0.047300,0.011900,0.064900,0.006200,0.032700,0.1361,0.015700,0.1003,0.8915,0.7568,0.3376,0.059400,2.4788,0.095200,0.030800,0.4742,0.6841,0.097400,0.002200,0.002800,0.060800,0.1977,0.050200,0.000700,0.5953,914,384538,0,2383,1402,0,2.1882,0,0,0.004300,0.008500,0,0,0,0,0,0,0,0,0,0,0,0,0,0,0,0,0,0,0
,0.022200,0.005400,2,57,0,55,0,0,13,233,14,0,454,3,0,0,12,2,0,0,0,0,0.016800,0.010000,0.3206,0.005600,0.009200,0.000900,0.8448,0.1857,0.048900,0.1229,0.001700,0.037400,0,1,768,256,11229,3565.7148,15494.9102,239.1602,0.002700,6,0.000100,0.006800,0.001600,0.013200,0.1984,0,0,0.062700,0.2017,2.7987,0.060300,0.000300,0.001200,0.000200,0.000300,0.006300,0.006400,0.039200,0.005300,0.029900,0.1463,0.010000,0.005400,0.7867,0.026400,0.008800,0.027200,0.011700,0.018500,0.091700,0.009700,0.076600,0.002000,0.096100,0.009100,0.068000,0.6073,0.004400,2.3632,0.000200,0.1776,0.000500,0.000300,0.029300,0.3683,0.7092,0.023300,0.9023,0.1270,0.001700,0.009900,0.000500,0.030800,0,10.1202,8.7628,13.0955,634,16,0.2500,0,16,3.8438,1,0,0,629,1,0,115,102,13,0,-1,-1,0,-1,-1,13.9904,4.9185,0,1525.2227,1525.2227,1525.0977,95,879,535,318,0,0,0.001100,0,0,0.014800,0.079800,0.000700,0.011700,0.064800,0.036700,0.000600,0.001400,0.000400,0.001400,0.005500,0.000800,0.003800,0.022300,0.1474,0.056800,0.074000,0.1418,0.042900,0.1646,0.032500,0.1334,0.000200,0.001400,0.058800,0.008100,0.001000,0.000500,0.023700,0.006000,0.011900,0.001300,0.1265,0.013900,0.037400,0.1949,0.069200,0.001200,0.021400,0.003000,0.031200,0.022100,0.015300,9.5861,0.055300,0.007000,0,0.004800,10.5336,0,0,0,0,0,0,0,50,0,0,0,0,1,1,9,9,2,1,1,4,1,1,1,1,1,1,7,7,1,1,50,9,6,42,76,794,950,0,0,0,0,0,-100,-100,-100,-100,600,1440,107.7673,0,0,-0.000000,-1,0,0,0,1,0,13.7344,5,50,75.1289,13.7344,0,0,48.9844,0,100,0,0,0,0,0,0,0,0,0,0.4840,0.4840,1,0.4840,0.4840,23.1271,8.9635,20141,90,568,135,12268.5820,3608.0664,7258.2383,0,15876.6445,11.6593,2.1175,8.1522,11.6593,2.1184,2.7715,33.3333,5.4011,24.6505,0.000800,0.021100,0.000600,0.000700,0.001700,0.009200,0.000600,0.074100,0,0.027500,0.019800,0.037700,0.3409,0.1948,0.022500,0.006200,0.063200,0,0.043900,0.014600,0.078700,0.005100,0.031600,0.1247,0.015200,0.088400,0.4244,0.8165,0.3060,0.055200,2.4556,0.094300,0.030700,0.039700,0.6969,0.072600,0.002100,0.002400,0.060000,0.1946,0.049100,0.000700,0.6212,1046,397976,0,0,0,0,0,0,0,0.001200,0.009100,0,0,0,0,0,0,0,0,0,0,0,0,0,0,0,0,0,0,0
,0.017800,0.005600,2,60,0,58,0,0,13,233,27,0,454,3,0,0,12,2,0,0,0,0,0.009500,0,0.3189,0.006000,0.007900,0.000900,0.8468,0.1914,0.050900,0.1234,0.001200,0.026300,0,1,768,256,11229,3565.7148,15494.9102,239.1602,0.001600,2,0.000200,0.007900,0.002200,0.014600,0.1824,0,0,0.058600,0.2350,2.9669,0.059000,0.000200,0.001500,0.000200,0.000400,0.007100,0.019500,0.040000,0.004700,0.030200,0.1392,0.012800,0.006100,0.7693,0.027300,0.008200,0.026300,0.011000,0.018300,0.089500,0.009700,0.074200,0.002400,0.078100,0.008600,0.073000,0.6116,0.004400,2.3473,0.000400,0.1811,0.000500,0.000400,0.028700,0.2990,0.6790,0.023800,0.8722,0.1434,0.001700,0.009700,0.000400,0.034200,0.1330,7.6814,8.7628,13.0955,634,16,0.2500,0,16,3.8438,1,0,0,629,1,0,115,102,13,0,-1,-1,0,-1,-1,13.9904,4.9185,0,1525.2227,1525.2227,1525.0977,95,880,535,318,0,0,0.001000,0,0,0.014200,0.094600,0.000600,0.011800,0.068100,0.039300,0.001000,0.001500,0.000200,0.001700,0.006400,0.000900,0.003800,0.023300,0.1462,0.056200,0.079000,0.1596,0.051300,0.9150,0.016700,0,0.000300,0.005600,0.068300,0.009100,0.001600,0.000500,0.027300,0.006200,0.012100,0.001200,0.1538,0.015000,0.043500,0.2403,0.067200,0.001200,0.033900,0.002400,0.019400,0.039500,0.036600,7.0586,0.054800,0.006200,0.000100,0,11.6683,0,0,0,0,0,0,0,50,0,0,0,0,1,1,9,9,2,1,1,4,1,1,1,1,1,1,7,7,1,1,50,9,6,42,76,794,950,0,0,0,0,0,-100,-100,-100,-100,600,1440,107.7673,0,0,-0.000000,-1,0,0,0,1,0,13.7344,5,50,75.1289,13.7344,0,0,48.9844,0,100,0,0,0,0,0,0,0,0,0,0.4131,0.4131,1,0.4131,0.4131,33.0432,8.9635,20141,90,568,135,12268.5977,3608.0664,7258.2383,0,15876.6484,9.9532,2.7342,7.3137,9.9532,2.7503,2.8936,33.3333,5.3868,25.0712,0.000300,0.022200,0.000500,0.000600,0.001800,0.006800,0.001600,0.071800,0,0.019400,0.028400,0.038000,0.3571,0.2915,0.018500,0.007100,0.067000,0,0.047600,0.015200,0.5164,0.005100,0.034200,0.1368,0.015000,0.1011,0.4371,0.7131,0.3823,0.057400,2.0732,0.093200,0.030700,0.039100,0.6986,0.065200,0.001800,0.002700,0.063000,0.1966,0.050100,0.000500,0.6039,1066,397964,0.071600,0,0,0,0,0,0,0.016200,0.007700,0,0,0,0,0,0,0,0,0,0,0,0,0,0,0,0,0,0,0
,0.022400,0.005600,2,64,0,62,0,0,13,233,31,0,454,3,0,0,12,2,0,0,0,0,0.008800,0,0.3183,0.007100,0.008900,0.000700,0.8260,0.1654,0.049400,0.1228,0.000700,0.024900,0,1,768,256,11229,3565.7148,15494.9102,239.1602,0.001500,2,0.000500,0.017700,0.002200,0.013600,0.1832,0,0,0.051500,0.2735,2.8348,0.075800,0.000300,0.001300,0.000200,0.000300,0.006900,0.006200,0.045000,0.005200,0.032400,0.1045,0.009600,0.006000,1.5689,0.028200,0.008300,0.037000,0.011500,0.019400,0.077000,0.010400,0.077100,0.002200,0.081400,0.009300,0.066200,0.6139,0.004700,2.3412,0.000300,0.1862,0.000600,0.000400,0.030700,0.3333,0.6804,0.033200,0.8868,0.1069,0.001900,0.009000,0.000500,0.034800,0.059100,8.4970,8.7628,13.0955,634,16,0.2500,0,16,3.8438,1,0,0,629,1,0,115,102,13,0,-1,-1,0,-1,-1,13.9904,4.9185,0,1525.2227,1525.2227,1525.0977,95,880,535,318,0,0,0.000800,0,0,0.013500,0.081400,0.000800,0.024600,0.074800,0.039500,0.000600,0.001500,0.000400,0.001400,0.006100,0.001100,0.003700,0.022700,0.1545,0.056000,0.087900,0.1648,0.039000,0.1509,0.024800,0.1407,0.000300,0.001400,0.066000,0.008700,0.001300,0.000500,0.027800,0.006700,0.013400,0.001500,0.1489,0.017200,0.044400,0.2102,0.070900,0.001200,0.047500,0.003100,0.033500,0.022400,0.018200,7.9022,0.064000,0.006400,0.000100,0,9.9587,0,0,0,0,0,0,0,50,0,0,0,0,1,1,9,9,2,1,1,4,1,1,1,1,1,1,7,7,1,1,50,9,6,42,76,794,950,0,0,0,0,0,-100,-100,-100,-100,600,1440,107.7673,0,0,-0.000000,-1,0,0,0,1,0,13.7344,5,50,75.1289,13.7344,0,0,48.9844,0,100,0,0,0,0,0,0,0,0,0,0.4742,0.4742,1,0.4742,0.4742,43.2195,8.9635,20141,90,568,135,12268.5977,3608.0664,7258.2383,0,15876.6641,10.0957,2.2943,7.6291,10.0957,2.2955,2.9026,33.3333,5.6948,24.7552,0.000200,0.020900,0.000700,0.000500,0.001700,0.007500,0.000600,0.074100,0,0.023500,0.026500,0.038500,0.3399,0.1919,0.018400,0.006200,0.062400,0,0.045900,0.012700,0.085500,0.005100,0.030000,0.1210,0.015300,0.1054,0.4254,0.7015,0.3097,0.055300,2.4300,0.096300,0.030700,0.039800,0.6996,0.086200,0.002000,0.002400,0.061600,0.1998,0.049200,0.000600,0.5792,1023,391246,0,0,0,0,0,0,0.003800,0.001400,0.007500,0,0,0,0,0,0,0,0,0,0,0,0,0,0,0,0,0,0,0
,0.013500,0.009100,2,57,0,55,0,0,13,233,14,0,454,3,0,0,12,2,0,0,0,0,0.007900,0.027700,0.3248,0.005900,0.010600,0.001000,0.8643,0.2092,0.051500,0.1274,0.001200,0.021600,0.001300,0,768,256,11229,3565.7148,15494.9102,239.1602,0.001400,5,0.000200,0.008000,0.002200,0.014700,0.2437,0,0,0.056800,0.2373,2.8233,0.064300,0.000200,0.001100,0.000300,0.000300,0.006800,0.007000,0.044600,0.005300,0.032100,0.1337,0.010000,0.006200,1.4245,0.023700,0.007600,0.031300,0.011300,0.017700,0.090500,0.010500,0.1346,0.002600,0.082600,0.008200,0.080400,0.5853,0.004600,2.3070,0.000200,0.1791,0.000700,0.000300,0.025900,0.2899,1.0988,0.024000,0.9745,0.095500,0.001700,0.010400,0.000400,0.035000,0.1500,9.1046,8.7628,13.0955,634,16,0.2500,0,16,3.8438,1,0,0,629,1,0,115,102,13,0,-1,-1,0,-1,-1,13.9904,4.9185,0,1525.2227,1525.2227,1525.0977,95,879,535,317,0,0,0.001000,0,0,0.014200,0.075000,0.000900,0.011300,0.069800,0.038200,0.000900,0.001700,0.000300,0.001400,0.006100,0.001100,0.004000,0.023500,0.1480,0.058000,0.077800,0.1553,0.037800,0.1983,0.018400,0.048600,0.000300,0.001300,0.063300,0.008000,0.001100,0.000700,0.029900,0.006300,0.012900,0.001400,0.1392,0.016000,0.042000,0.2194,0.066900,0.001200,0.040400,0.002200,0.032300,0.022700,0.020500,8.6208,0.056100,0.005800,0.000100,0.006300,10.1650,0,0,0,0,0,0,0,50,0,0,0,0,1,1,9,9,2,1,1,4,1,1,1,1,1,1,7,7,1,1,50,9,6,42,76,794,950,0,0,0,0,0,-100,-100,-100,-100,600,1440,107.7673,0,0,-0.000000,-1,0,0,0,1,0,13.7344,5,50,75.1289,13.7344,0,0,48.9844,0,100,0,0,0,0,0,0,0,0,0,0.4158,0.4158,1,0.4158,0.4158,53.9736,8.9635,20141,90,568,135,12268.5977,3608.0664,7258.2383,0,15876.6641,10.7492,2.1569,7.2512,10.7492,2.1581,2.7487,33.3333,5.3091,24.7977,0.000200,0.021900,0.000600,0.000600,0.001700,0.008400,0.000600,0.072100,0,0.023600,0.026700,0.036200,0.3583,0.1911,0.019400,0.006200,0.078700,0,0.047500,0.013300,0.086200,0.006200,0.032100,0.1329,0.017100,0.089400,0.4256,0.7425,0.3718,0.057300,2.4741,0.094200,0.031800,0.039500,0.7026,0.071900,0.001900,0.002500,0.060700,0.1966,0.050100,0.000600,1.2225,1023,393062,0,0,0,0,0,0,0,0.001400,0.007600,0,0,0,0,0,0,0,0,0,0,0,0,0,0,0,0,0,0,0
,0.012500,0.009800,2,57,0,55,0,0,13,233,14,0,454,3,0,0,12,2,0,0,0,0,0,0.002400,0.3272,0.005400,0.009200,0.001000,0.8543,0.1627,0.052900,0.1229,0.001200,0.029200,0.007700,17,768,256,11229,3565.7148,15494.9102,239.1602,0.001100,3,0.000100,0.007500,0.001900,0.012200,0.1846,0,0,0.059600,0.2897,2.9867,0.069700,0.000300,0.001500,0.000200,0.000200,0.006700,0.007400,0.041700,0.005500,0.033400,0.1019,0.011400,0.006100,1.4012,0.028200,0.008700,0.041000,0.011900,0.019900,0.1037,0.008200,0.079900,0.002100,0.1355,0.008400,0.069700,0.5779,0.004300,2.3095,0.000400,0.1835,0.000500,0.000800,0.028100,0.2952,0.6531,0.023900,0.9474,0.1321,0.001900,0.009300,0.000600,0.035900,0,9.5371,8.7628,13.0955,634,16,0.2500,0,16,3.8438,1,0,0,629,1,0,115,102,13,0,-1,-1,0,-1,-1,13.9904,4.9185,0,1525.2227,1525.2227,1525.0977,95,909,561,321,0,0,0.001300,0,0,0.014100,0.082400,0.000500,0.011800,0.069300,0.039500,0.000900,0.001400,0.000300,0.001500,0.005800,0.000800,0.003400,0.022800,0.1539,0.054500,0.083000,0.1631,0.045700,0.1537,0.025200,0.1114,0.000200,0.001500,0.064800,0.009100,0.001300,0.000600,0.037800,0.007200,0.012200,0.001300,0.1429,0.014100,0.042100,0.1996,0.070700,0.001100,0.041400,0.002700,0.018300,0.024700,0.017600,8.8843,0.060800,0.006000,0.000100,0,10.6865,0,0,0,0,0,0,0,50,0,0,0,0,1,1,9,9,2,1,1,4,1,1,1,1,1,1,7,7,1,1,50,9,6,42,76,794,950,0,0,0,0,0,-100,-100,-100,-100,600,1440,107.7673,0,0,-0.000000,-1,0,0,0,1,0,13.7344,5,50,75.1289,13.7344,0,0,48.9844,0,100,0,0,0,0,0,0,0,0,0,0.4569,0.4569,1,0.4569,0.4569,64.9920,8.9635,20141,90,568,135,12268.6094,3608.0664,7258.2383,0,15876.6641,11.0940,2.1263,7.8947,11.0940,2.1272,2.9486,33.3333,5.4665,24.9625,0.000200,0.022600,0.000600,0.000700,0.001700,0.008300,0.000700,0.086600,0,0.017300,0.021300,0.028200,0.3436,0.2151,0.019400,0.007200,0.060400,0,0.048300,0.016900,0.080400,0.005200,0.030200,0.1331,0.017000,0.1016,0.4259,1.6827,0.3826,0.056400,2.4432,0.094200,0.030700,0.038700,0.6982,0.072100,0.001900,0.002400,0.057400,0.1977,0.049100,0.000600,0.6028,1102,410456,0,0,0,0,0,0,0,0.001000,0.008100,0,0,0,0,0,0,0,0,0,0,0,0,0,0,0,0,0,0,0
,0.1205,0.006200,2,80,0,78,0,0,14,233,44,0,454,3,0,0,13,2,0,0,0,0,0.015600,0.009900,0.3141,0.006700,0.009400,0.001000,0.8721,0.2008,0.058600,0.1299,0.001000,0.032100,0,1,768,256,11229,3565.7148,15494.9102,239.1602,0.001000,7,0.000200,0.008300,0.001900,0.018700,0.1811,0,0,0.058700,0.2317,2.5638,0.078600,0.000300,0.001800,0.000200,0.000300,0.007800,0.006900,0.049100,0.005800,0.032200,0.1418,0.009700,0.006800,1.5662,0.028100,0.009000,0.036900,0.012000,0.019200,0.1032,0.010000,0.074600,0.001900,0.1093,0.009100,0.069100,0.5743,0.004500,2.3125,0.000300,0.1792,0.000500,0.000300,0.029400,0.3973,0.7879,0.022400,0.9538,0.1266,0.002000,0.009500,0.000500,0.033300,0.1703,9.1255,8.7628,13.0955,634,16,0.2500,0,16,3.8438,1,0,0,629,1,0,115,102,13,0,-1,-1,0,-1,-1,13.9904,4.9185,0,1525.2227,1525.2227,1525.0977,95,874,561,321,0,0,0.000900,0,0,0.028500,0.093800,0.000500,0.010700,0.074200,0.042900,0.000800,0.001300,0.000200,0.001700,0.006300,0.001200,0.004000,0.026900,0.1555,0.057400,0.082900,0.1482,0.039400,0.1983,0.045600,0.082000,0.000200,0.002000,0.068300,0.009300,0.001300,0.000800,0.027600,0.006300,0.012700,0.001300,0.1359,0.013800,0.040800,0.2299,0.068300,0.001200,0.059700,0.003100,0.047300,0.023900,0.017700,8.5227,0.075100,0.006800,0.000100,0.001400,10.9872,0,0,0,0,0,0,0,50,0,0,0,0,1,1,9,9,2,1,1,4,1,1,1,1,1,1,7,7,1,1,50,9,6,42,76,794,950,0,0,0,0,0,-100,-100,-100,-100,600,1440,107.7673,0,0,-0.000000,-1,0,0,0,1,0,13.7344,5,50,75.1289,13.7344,0,0,48.9844,0,100,0,0,0,0,0,0,0,0,0,0.4808,0.4808,1,0.4808,0.4808,11.7958,8.9635,20141,90,568,135,12268.6055,3608.0664,7258.2383,0,15876.6758,10.6949,2.1707,8.1649,10.6949,2.1707,2.9156,33.3333,5.4596,24.6311,0.000200,0.022500,0.000600,0.000600,0.001700,0.007100,0.000600,0.072200,0.001100,0.032800,0.020700,0.039900,0.3621,0.1904,0.018400,0.006200,0.067000,0,0.044000,0.025400,0.1884,0.004100,0.032200,0.1359,0.015900,0.087600,0.4251,0.7316,0.3707,0.055100,2.4791,0.095300,0.030700,0.039100,0.6875,0.091500,0.002000,0.002400,0.061800,0.1996,0.050200,0.000600,0.6091,1025,390658,0,2378,1334,0,3.6423,0,0,0,0.009600,0,0,0,0,0,0,0,0,0,0,0,0,0,0,0,0,0,0,0
,0.017700,0.006200,2,57,0,55,0,0,13,233,14,0,454,3,0,0,12,2,0,0,0,0,0.009800,0.006700,0.3181,0.005200,0.009200,0.001000,0.8715,0.1790,0.054300,0.1246,0.001000,0.027700,0.001200,1,768,256,11229,3565.7148,15494.9102,239.1602,0.001000,3,0.000100,0.011100,0.002100,0.019500,0.1895,0,0,0.054400,0.2536,2.4242,0.065200,0.000300,0.001300,0.000200,0.000400,0.007200,0.006600,0.061900,0.005200,0.033100,0.095200,0.010200,0.006000,1.5187,0.025300,0.008000,0.028300,0.012100,0.018000,0.085800,0.010900,0.072200,0.001900,0.1065,0.007400,0.065300,0.5775,0.004200,2.3148,0.000400,0.1732,0.000600,0.000400,0.027100,0.3855,0.6702,0.024600,0.9361,0.5086,0.002200,0.013700,0.000400,0.035800,0.2458,9.2634,8.7628,13.0955,634,16,0.2500,0,16,3.8438,1,0,0,629,1,0,115,102,13,0,-1,-1,0,-1,-1,13.9904,4.9185,0,1525.2227,1525.2227,1525.0977,95,871,551,321,0,0,0.001200,0,0,0.014800,0.076600,0.000500,0.011300,0.065500,0.040600,0.000900,0.001600,0.000200,0.001600,0.006100,0.000900,0.004100,0.021900,0.1300,0.054000,0.079800,0.1574,0.064000,0.2050,0.019200,0.041800,0.000200,0.001600,0.061100,0.008300,0.001400,0.000700,0.024600,0.006000,0.011700,0.001100,0.1333,0.014500,0.039600,0.1912,0.066600,0.001100,0.042000,0.002500,0.031200,0.021400,0.015100,8.7282,0.056500,0.006400,0.000100,0,10.8033,0,0,0,0,0,0,0,50,0,0,0,0,1,1,9,9,2,1,1,4,1,1,1,1,1,1,7,7,1,1,50,9,6,42,76,794,950,0,0,0,0,0,-100,-100,-100,-100,600,1440,107.7673,0,0,-0.000000,-1,0,0,0,1,0,13.7344,5,50,75.1289,13.7344,0,0,48.9844,0,100,0,0,0,0,0,0,0,0,0,0.4204,0.4204,1,0.4204,0.4204,22.5738,8.9635,20141,90,568,135,12268.6055,3608.0664,7258.2383,0,15876.6719,10.8179,2.1448,7.3893,10.8179,2.1459,2.8300,33.3333,5.3533,24.9340,0.000200,0.022600,0.000600,0.000600,0.001900,0.008500,0.000600,0.075400,0,0.019500,0.028600,0.037700,0.3451,0.1959,0.019400,0.006200,0.062900,0,0.045400,0.022400,0.2048,0.005100,0.032000,0.1413,0.016100,0.090000,0.4256,0.6774,0.3006,0.056400,2.1575,0.094200,0.031700,0.039400,0.6968,0.084600,0.001800,0.002400,0.062200,0.1976,0.049200,0.000600,0.6073,968,397400,0,0,0,0,0,0,0,0.001300,0.008500,0,0,0,0,0,0,0,0,0,0,0,0,0,0,0,0,0,0,0
,0.015100,0.009500,2,64,0,62,0,0,13,233,40,0,454,3,0,0,12,2,0,0,0,0,0.009000,0.005200,0.3400,0.006200,0.009000,0.001000,0.8842,0.2093,0.052500,0.1343,0.001500,0.030500,0.004000,0,768,256,11229,3565.7148,15494.9102,239.1602,0.001500,5,0.000300,0.009000,0.002100,0.2241,0.1912,0,0,0.076300,0.3345,2.5663,0.066000,0.000200,0.001300,0.000200,0.000200,0.007500,0.007200,0.041500,0.005300,0.030900,0.1291,0.010100,0.005900,1.0392,0.028000,0.008200,0.033900,0.012400,0.019100,0.070500,0.008700,0.072700,0.002000,0.1147,0.021800,0.1107,0.6052,0.004800,2.3478,0.000400,0.1750,0.000500,0.000300,0.028700,0.3000,0.7172,0.023500,0.9002,0.1841,0.001600,0.009600,0.000600,0.037100,0,9.3977,8.7628,13.0955,634,16,0.2500,0,16,3.8438,1,0,0,629,1,0,115,102,13,0,-1,-1,0,-1,-1,13.9904,4.9185,0,1525.2227,1525.2227,1525.0977,95,871,551,321,0,0,0.002900,0,0,0.013800,0.075900,0.000800,0.011700,0.069400,0.039100,0.000800,0.001400,0.000300,0.001300,0.005900,0.001100,0.003800,0.022100,0.1432,0.052500,0.074400,0.1525,0.045300,0.1910,0.018900,0.048500,0.000300,0.001400,0.060900,0.007900,0.001300,0.000500,0.026400,0.006400,0.011800,0.001200,0.1310,0.014900,0.038700,0.2025,0.070500,0.001200,0.022900,0.003500,0.017100,0.036200,0.016300,8.8217,0.056500,0.006400,0.000300,0,10.7811,0,0,0,0,0,0,0,50,0,0,0,0,1,1,9,9,2,1,1,4,1,1,1,1,1,1,7,7,1,1,50,9,6,42,76,794,950,0,0,0,0,0,-100,-100,-100,-100,600,1440,107.7673,0,0,-0.000000,-1,0,0,0,1,0,13.7344,5,50,75.1289,13.7344,0,0,48.9844,0,100,0,0,0,0,0,0,0,0,0,0.4043,0.4043,1,0.4043,0.4043,33.4213,8.9635,20141,90,568,135,12268.6055,3608.0664,7258.2383,0,15876.6719,10.8564,2.0263,7.3381,10.8564,2.0263,2.8872,33.3333,5.5794,24.8861,0.000300,0.019400,0.000700,0.000600,0.001500,0.007500,0.001700,0.071500,0,0.020600,0.020300,0.033100,0.3473,0.1872,0.019500,0.005100,0.061800,0,0.044300,0.019300,0.2227,0,0.031800,0.1368,0.015700,0.085800,0.4276,0.7040,0.3684,0.059400,3.4478,0.096200,0.030800,0.039700,0.6916,0.089300,0.002000,0.002700,0.063400,0.1986,0.051200,0.000700,0.6139,921,385130,0,0,0,0,0,0,0.004400,0,0.009200,0,0,0,0,0,0,0,0,0,0,0,0,0,0,0,0,0,0,0
,0.087300,0.011600,2,57,0,55,0,0,13,233,10,0,454,3,0,0,12,2,0,0,0,0,0,0.007900,0.3338,0.006100,0.008900,0.001000,0.8497,0.1822,0.050100,0.1217,0,0.023100,0,0,768,256,11229,3565.7148,15494.9102,239.1602,0,3,0.000300,0.009800,0.002100,0.019500,0.1902,0,0,0.063500,0.2291,3.0945,0.063000,0.000200,0.001400,0.000200,0.000300,0.007500,0.006900,0.041400,0.004700,0.030300,0.1514,0.010800,0.005800,1.5540,0.026900,0.009700,0.028100,0.022700,0.019600,0.086800,0.011100,0.077300,0.002300,0.1108,0.011300,0.076100,0.6459,0.005700,2.4871,0.000300,0.2150,0.000600,0.000400,0.034400,0.3207,0.8150,0.028200,1.0768,0.1339,0.002400,0.010400,0.000400,0.035700,0.1842,7.1774,8.7628,13.0955,634,16,0.2500,0,16,3.8438,1,0,0,629,1,0,115,102,13,0,-1,-1,0,-1,-1,13.9904,4.9185,0,1525.2227,1525.2227,1525.0977,95,880,535,317,0,0,0.001100,0,0,0.014400,0.081900,0.000700,0.011600,0.074500,0.054800,0.000900,0.001500,0.000100,0.001400,0.006000,0.000900,0.003800,0.021800,0.1271,0.056400,0.075900,0.1562,0.043400,0.1961,0.019600,1.3906,0.000200,0.001500,0.077200,0.009400,0.001400,0.000700,0.028200,0.006000,0.012500,0.001300,0.1493,0.017600,0.048800,0.2289,0.070100,0.001500,0.032000,0.002300,0.051200,0.022500,0.020800,6.5809,0.052700,0.006000,0.000100,0.006000,10.8823,0,0,0,0,0,0,0,50,0,0,0,0,1,1,9,9,2,1,1,4,1,1,1,1,1,1,7,7,1,1,50,9,6,42,76,794,950,0,0,0,0,0,-100,-100,-100,-100,600,1440,107.7673,0,0,-0.000000,-1,0,0,0,1,0,13.7344,5,50,75.1289,13.7344,0,0,48.9844,0,100,0,0,0,0,0,0,0,0,0,1.7314,1.7314,1,1.7314,1.7314,43.5140,8.9635,20141,90,568,135,12268.6055,3608.0664,7258.2383,0,15876.6719,10.0102,3.4489,8.3897,10.0102,3.4489,2.7991,33.3333,5.3811,24.8211,0.000600,0.020900,0.000600,0.000700,0.002000,0.010100,0.000700,0.075200,0,0.018400,0.019300,0.031800,0.3876,0.1913,0.021500,0.006200,0.062500,0,0.046400,0.007100,0.2275,0,0.032200,0.1342,0.015100,0.088800,0.4339,0.7645,0.3304,0.058200,2.4760,0.094200,0.031700,0.039900,0.6920,0.070200,0.002100,0.002400,0.061900,0.1977,0.060400,0.000600,0.5983,941,389630,0.051300,0,0,0,0,0,0,0,0.008100,0,0,0,0,0,0,0,0,0,0,0,0,0,0,0,0,0,0,0
,0.017900,0.006300,2,60,0,58,0,0,13,233,24,0,454,3,0,0,12,2,0,0,0,0,0.015800,0.006400,0.3424,0.006000,0.008800,0.000900,0.8864,0.2383,0.053000,0.1629,0.002100,0.024200,0,1,768,256,11229,3565.7148,15494.9102,239.1602,0.006800,4,0.000100,0.009000,0.001800,0.019500,0.2010,0,0,0.067200,0.2366,2.9545,0.062800,0.000300,0.001100,0.000200,0.000400,0.006600,0.007200,0.046800,0.005200,0.032700,0.1005,0.011100,0.006300,0.7207,0.027000,0.009100,0.035200,0.013200,0.019000,0.078700,0.009700,0.075400,0.001900,0.1030,0.011000,0.071400,0.6246,0.005100,2.3908,0.000300,0.1989,0.000600,0.000300,0.028500,0.3116,0.7703,0.025800,0.9397,0.4845,0.001900,0.010200,0.000400,0.036200,0.5530,10.1099,8.7628,13.0955,634,16,0.2500,0,16,3.8438,1,0,0,629,1,0,115,102,13,0,-1,-1,0,-1,-1,13.9904,4.9185,0,1525.2227,1525.2227,1525.0977,95,880,535,317,0,0,0.000800,0,0,0.013700,0.077600,0.000800,0.011600,0.068700,0.035200,0.000800,0.001200,0.000300,0.001400,0.005400,0.000900,0.003600,0.019500,0.1821,0.053600,0.075600,0.1555,0.044800,0.2373,0.031500,0.066900,0.000400,0.001700,0.060000,0.007800,0.001700,0.000600,0.027000,0.006500,0.012200,0.001200,0.1341,0.013800,0.041800,0.2111,0.068700,0.001200,0.041900,0.002100,0.031100,0.021800,0.015000,9.5773,0.062200,0.006900,0.000100,0,10.0635,0,0,0,0,0,0,0,50,0,0,0,0,1,1,9,9,2,1,1,4,1,1,1,1,1,1,7,7,1,1,50,9,6,42,76,794,950,0,0,0,0,0,-100,-100,-100,-100,600,1440,107.7673,0,0,-0.000000,-1,0,0,0,1,0,13.7344,5,50,75.1289,13.7344,0,0,48.9844,0,100,0,0,0,0,0,0,0,0,0,0.4465,0.4465,1,0.4465,0.4465,55.2675,8.9635,20141,90,568,135,12268.6211,3608.0664,7258.2383,0,15876.6719,11.7905,2.2035,7.4861,11.7905,2.2035,2.9477,33.3333,5.0448,23.2116,0.000600,0.021900,0.000600,0.000600,0.001600,0.011400,0.000600,0.074400,0.001000,0.020500,0.019600,0.025100,0.3331,0.1961,0.018500,0.006100,0.062700,0,0.045000,0.008900,0.082500,0.005100,0.030900,0.1247,0.016500,0.089600,0.4251,0.7273,0.3530,0.057400,2.4792,0.095200,0.030700,0.039000,0.6907,0.089100,0.001900,0.002400,0.061300,0.1966,0.050200,0.000600,0.6093,1042,401596,0,0,0,0,0,0,0,0,0.007700,0,0,0,0,0,0,0,0,0,0,0,0,0,0,0,0,0,0,0
,0.025100,0.007100,2,64,0,62,0,0,13,233,33,0,454,3,0,0,12,2,0,0,0,0,0,0.002400,0.3330,0.006400,0.009400,0.001000,0.8781,0.1707,0.050700,0.1219,0,0.026900,0.001900,0,768,256,11229,3565.7148,15494.9102,239.1602,0,4,0.000200,0.008000,0.001700,0.018700,0.1892,0,0,0.062400,0.2381,2.8843,0.061000,0.000300,0.001100,0.000200,0.000200,0.006700,0.006300,0.038000,0.004900,0.029900,0.1229,0.010200,0.005500,1.6146,0.025700,0.008300,0.032700,0.022000,0.019000,0.089200,0.010300,0.072200,0.001900,0.079200,0.014500,0.070000,0.6060,0.004200,2.2908,0.000400,0.1817,0.000500,0.000400,0.029000,0.3626,0.7462,0.024700,0.8984,0.1662,0.001800,0.009700,0.000400,0.034900,0.1536,9.5143,8.7628,13.0955,634,16,0.2500,0,16,3.8438,1,0,0,629,1,0,115,102,13,0,-1,-1,0,-1,-1,13.9904,4.9185,0,1525.2227,1525.2227,1525.0977,95,885,535,317,0,0,0.000800,0,0,0.014100,0.078100,0.000700,0.012100,0.068400,0.041100,0.000700,0.001500,0.000300,0.001500,0.007100,0.000800,0.004000,0.023400,0.1291,0.057400,0.078500,0.1508,0.043100,0.2885,0.019400,0,0.000100,0.004900,0.062200,0.008200,0.001300,0.000600,0.023700,0.006500,0.011200,0.001300,0.1285,0.012800,0.038800,0.1848,0.063700,0.001100,0.041300,0.002300,0.016600,0.022300,0.019800,8.9131,0.058000,0.006200,0.000100,0,11.7219,0,0,0,0,0,0,0,50,0,0,0,0,1,1,9,9,2,1,1,4,1,1,1,1,1,1,7,7,1,1,50,9,6,42,76,794,950,0,0,0,0,0,-100,-100,-100,-100,600,1440,107.7673,0,0,-0.000000,-1,0,0,0,1,0,13.7344,5,50,75.1289,13.7344,0,0,48.9844,0,100,0,0,0,0,0,0,0,0,0,0.4231,0.4231,1,0.4231,0.4231,5.0670,8.9635,20141,90,568,135,12268.6602,3608.0664,7258.2383,0,15876.6875,11.0603,2.0778,7.1812,11.0603,2.0778,3.1247,33.3333,5.5335,22.9850,0.000200,0.022100,0.000500,0.000800,0.001600,0.008000,0.000600,0.073100,0,0.017400,0.026700,0.038300,0.3542,0.3054,0.019500,0.006100,0.066600,0,0.046500,0.009100,0.082800,0.005100,0.033100,0.1342,0.015700,0.088300,0.4348,1.4655,0.3434,0.057400,2.1442,0.093100,0.030800,0.038300,0.6969,0.067400,0.002100,0.002500,0.062700,0.1966,0.050200,0.000600,0.5967,1025,390518,0,2343,1264,0,0.8398,0,0.001400,0,0.008000,0,0,0,0,0,0,0,0,0,0,0,0,0,0,0,0,0,0,0
,0.023100,0.068600,2,57,0,55,0,0,13,233,14,0,454,3,0,0,12,2,0,0,0,0,0.008400,0.016500,0.3275,0.006000,0.008800,0.001500,0.8370,0.3737,0.054200,0.1279,0.001200,0.027700,0.004200,1,768,256,11229,3565.7148,15494.9102,239.1602,0.001300,2,0,0.007200,0.001800,0.018800,0.1877,0,0,0.061900,0.2547,2.7330,0.059700,0.000200,0.001400,0.000300,0.000300,0.007400,0.006000,0.041100,0.005500,0.083200,0.1292,0.011200,0.006400,1.0530,0.027200,0.009300,0.030700,0.011000,0.018600,0.082600,0.008600,0.070300,0.002000,0.084100,0.007300,0.066800,0.6046,0.004500,2.3429,0.000200,0.2004,0.000500,0.000400,0.030800,0.3686,0.8095,0.025800,0.9295,0.1928,0.002100,0.010400,0.000500,0.038000,0.2422,9.4751,8.7628,13.0955,634,16,0.2500,0,16,3.8438,1,0,0,629,1,0,115,102,13,0,-1,-1,0,-1,-1,13.9904,4.9185,0,1525.2227,1525.2227,1525.0977,95,879,535,318,0,0,0.000900,0,0,0.014800,0.077600,0.000600,0.012500,0.064900,0.038600,0.000800,0.001400,0.000200,0.001500,0.006000,0.000800,0.003900,0.020400,0.1257,0.054500,0.072000,0.1451,0.042500,0.3359,0.014000,0,0.000200,0.001700,0.061600,0.007800,0.001300,0.000400,0.023700,0.005700,0.011600,0.001300,0.1341,0.014500,0.038800,0.1968,0.068400,0.000900,0.040400,0.002500,0.032800,0.023100,0.014600,8.9199,0.060100,0.006400,0.000100,0,11.0161,0,0,0,0,0,0,0,50,0,0,0,0,1,1,9,9,2,1,1,4,1,1,1,1,1,1,7,7,1,1,50,9,6,42,76,794,950,0,0,0,0,0,-100,-100,-100,-100,600,1440,107.7673,0,0,-0.000000,-1,0,0,0,1,0,13.7344,5,50,75.1289,13.7344,0,0,48.9844,0,100,0,0,0,0,0,0,0,0,0,0.4080,0.4080,1,0.4080,0.4080,16.0601,8.9635,20141,90,568,135,12268.7148,3608.0664,7258.2383,0,15876.7266,10.9930,2.1093,8.0242,10.9930,2.1093,2.8994,33.3333,4.9673,23.8617,0.000600,0.022200,0.000600,0.000600,0.001600,0.007800,0.000700,0.072800,0,0.019500,0.026800,0.038100,0.3391,0.1925,0.019400,0.005100,0.062000,0,0.048100,0.017600,0.095600,0.006100,0.033700,0.1318,0.015800,0.088900,0.4273,0.6915,0.3349,0.057300,2.4913,0.094200,0.030700,0.037900,0.8602,0.097400,0.002200,0.002700,0.062000,0.1987,0.050200,0.000600,0.5940,1038,394176,0,0,0,0,0,0,0,0,0.008300,0,0,0,0,0,0,0,0,0,0,0,0,0,0,0,0,0,0,0
,0.089700,0.012900,2,59,0,57,0,0,13,233,25,0,454,3,0,0,12,2,0,0,0,0,0.017400,0.011800,0.3594,0.005800,0.009300,0.001300,0.8981,0.1692,0.059900,0.1391,0.002800,0.029900,0,0,768,256,11229,3565.7148,15494.9102,239.1602,0.003400,4,0.000600,0.009900,0.002800,0.014500,0.1739,0,0,0.069200,0.2796,3.0691,0.067100,0.000200,0.001100,0.000300,0.000200,0.005800,0.006800,0.048300,0.006200,0.037100,0.1372,0.011600,0.006400,1.3442,0.028600,0.008600,0.030500,0.012600,0.018600,0.084000,0.009600,0.074900,0.002300,0.078500,0.008000,0.078000,0.6144,0.005200,2.3529,0.000300,0.1828,0.000600,0.000300,0.030800,0.3081,1.1597,0.025400,0.9393,0.1236,0.002100,0.010500,0.000600,0.082600,0.3679,9.1335,8.7628,13.0955,634,16,0.2500,0,16,3.8438,1,0,0,629,1,0,115,102,13,0,-1,-1,0,-1,-1,13.9904,4.9185,0,1525.2227,1525.2227,1441.5039,95,907,561,322,0,0,0.001100,0,0,0.015500,0.078900,0.000600,0.012600,0.069800,0.042900,0.000700,0.001800,0.000200,0.001600,0.006400,0.000900,0.003700,0.022300,0.1470,0.057900,0.085000,0.1549,0.040900,0.1784,0.027800,0.097100,0.000200,0.001400,0.062300,0.008300,0.001400,0.000600,0.025600,0.006500,0.012000,0.001300,0.1361,0.015700,0.043100,0.2030,0.069300,0.001200,0.041700,0.002400,0.032300,0.022200,0.017200,8.5300,0.067100,0.007400,0.000200,0,10.9888,0,0,0,0,0,0,0,50,0,0,0,0,1,1,9,9,2,1,1,4,1,1,1,1,1,1,7,7,1,1,50,9,6,42,76,794,950,0,0,0,0,0,-100,-100,-100,-100,600,1440,107.7673,0,0,-0.000000,-1,0,0,0,1,0,13.7344,5,50,75.1289,13.7344,0,0,48.9844,0,100,0,0,0,0,0,0,0,0,0,0.4473,0.4473,1,0.4473,0.4473,26.7030,8.9635,20141,90,568,135,12268.7148,3608.0664,7258.2383,0,15876.7812,10.6186,2.0840,7.2579,10.6186,2.0851,2.8622,33.3333,5.4622,23.2158,0.000200,0.022600,0.000600,0.000500,0.001600,0.007900,0.000700,0.073200,0,0.019500,0.028100,0.036500,0.3606,0.1955,0.020500,0.007200,0.067000,0,0.044400,0.011800,0.083900,0.006100,0.032600,0.1330,0.016600,0.091600,0.4322,0.7559,0.2870,0.057400,2.4136,0.094200,0.031800,0.038400,0.6909,0.089300,0.001900,0.002400,0.060500,0.1967,0.049100,0.000600,0.6350,1101,408228,0,0,0,0,0,0,0,0.001300,0.008300,0,0,0,0,0,0,0,0,0,0,0,0,0,0,0,0,0,0,0
,0.015900,0.017700,2,80,0,78,0,0,14,233,43,0,454,3,0,0,13,2,0,0,0,0,0,0,0.3243,0.007300,0.009700,0.001100,0.8614,0.1986,0.050500,0.1222,0.001000,0.026700,0,1,768,256,11229,3565.7148,15494.9102,239.1602,0,3,0.000300,0.012100,0.002000,0.015200,0.1808,0,0,0.063900,0.2156,2.6081,0.065300,0.000400,0.001100,0.000300,0.000200,0.006400,0.007400,0.044200,0.005300,0.029900,0.1356,0.010400,0.005800,1.1992,0.028000,0.008100,0.039200,0.011800,0.018700,0.096100,0.011400,0.078700,0.002200,0.077900,0.008000,0.072800,0.6015,0.004600,2.3310,0.000300,0.1874,0.000600,0.000400,0.030500,0.3586,0.7118,0.024900,0.9136,0.1173,0.002000,0.010700,0.000500,0.033200,0.048600,10.1386,8.7628,13.0955,634,16,0.2500,0,16,3.8438,1,0,0,629,1,0,115,102,13,0,-1,-1,0,-1,-1,13.9904,4.9185,0,1525.2227,1525.2227,1525.0977,95,879,561,322,0,0,0.001300,0,0,0.016500,0.081800,0.000800,0.014400,0.070200,0.044600,0.000700,0.001900,0.000500,0.001700,0.007500,0.001000,0.004400,0.023900,0.1365,0.058800,0.079100,0.1517,0.037400,0.2981,0.019400,0,0.000100,0.001500,0.061400,0.008100,0.001100,0.000500,0.024600,0.006200,0.012100,0.000900,0.1343,0.015000,0.040100,0.1943,0.066500,0.001200,0.042200,0.002400,0.019400,0.023500,0.017700,9.5938,0.058800,0.007100,0.000100,0,10.6494,0,0,0,0,0,0,0,50,0,0,0,0,1,1,9,9,2,1,1,4,1,1,1,1,1,1,7,7,1,1,50,9,6,42,76,794,950,0,0,0,0,0,-100,-100,-100,-100,600,1440,107.7673,0,0,-0.000000,-1,0,0,0,1,0,13.7344,5,50,75.1289,13.7344,0,0,48.9844,0,100,0,0,0,0,0,0,0,0,0,0.4400,0.4400,1,0.4400,0.4400,38.3922,8.9635,20141,90,568,135,12268.6953,3608.0664,7258.2383,0,15876.7812,11.6771,2.1194,7.3017,11.6771,2.1194,2.9922,33.3333,5.7502,22.5752,0.000300,0.021800,0.000600,0.000600,0.001400,0.007200,0.000600,0.073200,0.001000,0.018400,0.027500,0.038600,0.3377,0.2819,0.018400,0.005100,0.062900,0,0.045800,0.011300,0.2103,0.006100,0.032500,0.1357,0.017400,0.1015,0.4346,0.6966,0.5737,0.057400,2.7517,0.095300,0.030700,0.039000,0.6879,0.089900,0.001900,0.002600,0.063600,0.1998,0.050200,0.000700,0.5991,1025,389866,0,0,0,0,0,0,0,0,0.009100,0,0,0,0,0,0,0,0,0,0,0,0,0,0,0,0,0,0,0
,0.014900,0.009300,2,56,0,54,0,0,13,233,13,0,454,3,0,0,12,2,0,0,0,0,0.020700,0.005400,0.3135,0.006000,0.008800,0.001000,0.8430,0.1793,0.055600,0.1270,0,0.032900,0,2,768,256,11229,3565.7148,15494.9102,239.1602,0.006700,4,0.000100,0.007500,0.001700,0.013200,0.1779,0,0,0.060400,0.2444,2.9293,0.065300,0.000200,0.001000,0.000300,0.000300,0.007500,0.006800,0.041800,0.005200,0.033000,0.1260,0.009900,0.005700,1.2942,0.030500,0.009600,0.030400,0.012100,0.019000,0.076000,0.008500,0.1491,0.002700,0.080600,0.008100,0.070800,0.6135,0.004800,2.3647,0.000300,0.1959,0.000600,0.000300,0.030000,0.3122,0.8797,0.024400,1.0432,0.1709,0.002000,0.010000,0.000800,0.035100,0.2121,8.6366,8.7628,13.0955,634,16,0.2500,0,16,3.8438,1,0,0,629,1,0,115,102,13,0,-1,-1,0,-1,-1,13.9904,4.9185,0,1525.2227,1525.2227,1525.0977,95,904,561,322,0,0,0.000800,0,0,0.014200,0.081900,0.000400,0.011300,0.071600,0.058100,0.001100,0.001200,0.000200,0.001400,0.005700,0.001300,0.003800,0.024500,0.1524,0.060500,0.079100,0.1605,0.039300,0.1735,0.017700,0.1781,0.000200,0.001700,0.068000,0.009000,0.001600,0.000700,0.026200,0.006200,0.012100,0.001000,0.1345,0.014900,0.038100,0.2109,0.069400,0.001100,0.023300,0.003500,0.034200,0.024000,0.017300,8.1766,0.058700,0.007200,0.000100,0,11.5806,0,0,0,0,0,0,0,50,0,0,0,0,1,1,9,9,2,1,1,4,1,1,1,1,1,1,7,7,1,1,50,9,6,42,76,794,950,0,0,0,0,0,-100,-100,-100,-100,600,1440,107.7673,0,0,-0.000000,-1,0,0,0,1,0,13.7344,5,50,75.1289,13.7344,0,0,48.9844,0,100,0,0,0,0,0,0,0,0,0,0.4569,0.4569,1,0.4569,0.4569,48.6572,8.9635,20141,90,568,135,12268.6875,3608.0664,7258.2383,0,15876.7617,10.1952,2.0805,8.1492,10.1952,2.0817,3.0380,33.3333,6.0398,23.8413,0.000300,0.020300,0.000500,0.000600,0.001600,0.007400,0.001600,0.072800,0,0.019500,0.030100,0.039900,0.3564,0.1904,0.019400,0.006200,0.062300,0,0.046600,0.012800,0.2079,0.005100,0.032700,0.1361,0.016500,0.091500,0.4281,0.7576,0.3408,0.057300,2.4421,0.094300,0.030700,0.039300,0.7173,0.090600,0.002000,0.002400,0.061200,0.2028,0.049100,0.000500,0.6108,993,396424,0,0,0,0,0,0,0,0.001300,0.007600,0,0,0,0,0,0,0,0,0,0,0,0,0,0,0,0,0,0,0
,0.068100,0.009500,2,73,0,71,0,0,14,233,28,0,454,3,0,0,13,2,0,0,0,0,0.008600,0,0.3482,0.005500,0.008400,0.000900,0.8480,0.1920,0.052800,0.1302,0.002200,0.023800,0,1,768,256,11229,3565.7148,15494.9102,239.1602,0.014100,4,0.000200,0.009200,0.002400,0.015300,0.1897,0,0,0.056700,0.2914,2.9466,0.071300,0.000200,0.001300,0.000200,0.000300,0.007000,0.008700,0.050200,0.005500,0.035100,0.1515,0.012700,0.006200,1.3449,0.026900,0.008700,0.030500,0.011700,0.018500,0.076900,0.009300,0.074400,0.002100,0.076900,0.008600,0.064600,0.6098,0.005600,2.3030,0.000300,0.1776,0.000600,0.000300,0.029500,0.3091,0.7400,0.023500,0.9066,0.1602,0.002100,0.010600,0.000400,0.037500,0.2740,9.7443,8.7628,13.0955,634,16,0.2500,0,16,3.8438,1,0,0,629,1,0,115,102,13,0,-1,-1,0,-1,-1,13.9904,4.9185,0,1525.2227,1525.2227,1525.0977,95,879,535,318,0,0,0.000800,0,0,0.015900,0.083000,0.000600,0.012500,0.068600,0.037800,0.000700,0.001200,0.000300,0.001900,0.006300,0.001100,0.003600,0.023300,0.1449,0.057100,0.079500,0.1604,0.038000,0.1832,0.032100,0.070500,0.000300,0.001600,0.061600,0.008400,0.001500,0.000800,0.026300,0.006100,0.011600,0.001300,0.1435,0.016300,0.042600,0.2209,0.071500,0.001000,0.030700,0.002300,0.036200,0.024100,0.018700,9.0967,0.058000,0.006900,0.000100,0,10.2766,0,0,0,0,0,0,0,50,0,0,0,0,1,1,9,9,2,1,1,4,1,1,1,1,1,1,7,7,1,1,50,9,6,42,76,794,950,0,0,0,0,0,-100,-100,-100,-100,600,1440,107.7673,0,0,-0.000000,-1,0,0,0,1,0,13.7344,5,50,75.1289,13.7344,0,0,48.9844,0,100,0,0,0,0,0,0,0,0,0,0.4277,0.4277,1,0.4277,0.4277,59.7594,8.9635,20141,90,568,135,12268.6523,3608.0664,7258.2383,0,15876.7539,11.1764,1.9724,7.4560,11.1764,1.9735,2.8655,33.3333,5.9164,24.5371,0.000300,0.023300,0.000600,0.000600,0.001700,0.007500,0.000700,0.072800,0,0.020500,0.027100,0.039100,0.3440,0.1885,0.019400,0.005100,0.066700,0,0.047300,0.012500,0.2135,0.006100,0.031900,0.1360,0.015100,0.091400,0.4255,0.7535,0.3315,0.055300,2.4832,0.095300,0.031700,0.039400,0.6840,0.074900,0.001900,0.002300,0.061200,0.1966,0.050200,0.000600,0.6382,1014,391688,0.053300,0,0,0,0,0,0,0.001300,0.008600,0,0,0,0,0,0,0,0,0,0,0,0,0,0,0,0,0,0,0
,0.025000,0.006100,2,57,0,55,0,0,13,233,9,0,454,3,0,0,12,2,0,0,0,0,0.008900,0.007600,0.3913,0.005700,0.009800,0.001100,0.8776,0.1883,0.056400,0.1298,0,0.022700,0,0,768,256,11229,3565.7148,15494.9102,239.1602,0,3,0.000400,0.009700,0.002200,0.014600,0.2118,0,0,0.058200,0.5150,2.9796,0.062500,0.000200,0.001500,0.000200,0.000200,0.007400,0.005800,0.040500,0.005600,0.032700,0.1443,0.011000,0.006300,1.0946,0.029100,0.009500,0.032900,0.011800,0.019700,0.084300,0.012200,0.074800,0.002100,0.076900,0.008200,0.069900,0.6364,0.005600,2.4582,0.000400,0.1937,0.000600,0.000400,0.033000,0.3000,0.8137,0.027400,0.9557,0.1733,0.002000,0.010100,0.000500,0.038100,0,9.4411,8.7628,13.0955,634,16,0.2500,0,16,3.8438,1,0,0,629,1,0,115,102,13,0,-1,-1,0,-1,-1,13.9904,4.9185,0,1525.2227,1525.2227,1525.0977,95,879,535,318,0,0,0.000800,0,0,0.016500,0.085200,0.000700,0.014900,0.073200,0.042100,0.000800,0.001500,0.000300,0.001600,0.006600,0.001000,0.004100,0.021200,0.1310,0.057000,0.076500,0.1569,0.041900,0.2656,0.018100,0.033600,0.000200,0.001700,0.066300,0.008300,0.001200,0.000700,0.030000,0.006400,0.012200,0.001200,0.1387,0.014700,0.042000,0.1932,0.070400,0.001200,0.047400,0.002500,0.017300,0.024800,0.017300,8.8142,0.057600,0.010700,0.000100,0,11.2156,0,0,0,0,0,0,0,50,0,0,0,0,1,1,9,9,2,1,1,4,1,1,1,1,1,1,7,7,1,1,50,9,6,42,76,794,950,0,0,0,0,0,-100,-100,-100,-100,600,1440,107.7673,0,0,-0.000000,-1,0,0,0,1,0,13.7344,5,50,75.1289,13.7344,0,0,48.9844,0,100,0,0,0,0,0,0,0,0,0,0.4501,0.4501,1,0.4501,0.4501,8.0162,8.9635,20141,90,568,135,12268.3789,3608.0664,7258.2383,0,15876.7188,10.9646,2.1612,7.3674,10.9646,2.1612,2.9561,33.3333,6.3218,24.1266,0.000200,0.021400,0.000600,0.000600,0.001900,0.007500,0.000500,0.073700,0,0.020500,0.024700,0.037400,0.3591,0.1886,0.019500,0.005100,0.067800,0,0.045800,0.017400,0.078600,0.005100,0.031900,0.1355,0.016600,0.088200,0.4276,0.7269,0.3089,0.057400,3.4292,0.097300,0.032800,0.039900,0.6903,0.069900,0.001900,0.002500,0.060900,0.1977,0.049200,0.000600,0.5984,1022,389966,0,2347,1324,0,1.1404,0,0,0,0.008500,0,0,0,0,0,0,0,0,0,0,0,0,0,0,0,0,0,0,0
,0.013000,0.015700,2,57,0,55,0,0,13,233,13,0,454,3,0,0,12,2,0,0,0,0,0.008500,0,0.3396,0.004900,0.009000,0.001200,0.8748,0.1957,0.052200,0.1333,0.002600,0.027600,0,0,768,256,11229,3565.7148,15494.9102,239.1602,0.003200,5,0.000100,0.007900,0.002100,0.014000,0.1804,0,0,0.063300,0.2741,2.7640,0.062700,0.000200,0.001300,0.000200,0.000200,0.006500,0.006200,0.049000,0.004500,0.030800,0.1236,0.009600,0.005500,0.8559,0.025400,0.009400,0.026200,0.011800,0.017800,0.1125,0.010600,0.076700,0.002000,0.087800,0.007800,0.069400,0.5936,0.004600,2.3176,0.000400,0.1763,0.000500,0.000500,0.028800,0.3014,0.7294,0.023400,0.8943,0.1556,0.002100,0.010700,0.000500,0.034700,0.068400,9.5216,8.7628,13.0955,634,16,0.2500,0,16,3.8438,1,0,0,629,1,0,115,102,13,0,-1,-1,0,-1,-1,13.9904,4.9185,0,1525.2227,1525.2227,1525.0977,95,880,535,318,0,0,0.001000,0,0,0.014000,0.078000,0.000700,0.011600,0.066500,0.041400,0.000900,0.001200,0.000200,0.001600,0.005900,0.001200,0.003900,0.022400,0.1468,0.056800,0.083800,0.1445,0.043100,0.2463,0.019100,0.025900,0.000200,0.001400,0.062400,0.008400,0.001200,0.000400,0.024600,0.005900,0.011400,0.001000,0.1385,0.014800,0.039200,0.2047,0.066700,0.001100,0.039700,0.002600,0.034200,0.023600,0.016500,8.8978,0.059400,0.006500,0.000300,0,10.9422,0,0,0,0,0,0,0,50,0,0,0,0,1,1,9,9,2,1,1,4,1,1,1,1,1,1,7,7,1,1,50,9,6,42,76,794,950,0,0,0,0,0,-100,-100,-100,-100,600,1440,107.7673,0,0,-0.000000,-1,0,0,0,1,0,13.7344,5,50,75.1289,13.7344,0,0,48.9844,0,100,0,0,0,0,0,0,0,0,0,0.4448,0.4448,1,0.4448,0.4448,19.0040,8.9635,20141,90,568,135,12268.3711,3608.0664,7258.2383,0,15876.4453,10.9974,2.0788,8.2746,10.9974,2.0797,2.8634,33.3333,5.9868,23.9647,0.000200,0.020700,0.000700,0.000700,0.001500,0.006900,0.000600,0.072900,0,0.020500,0.029800,0.037200,0.3397,0.1919,0.018400,0.006200,0.062400,0,0.046600,0.014700,0.081800,0.005100,0.032000,0.1360,0.016300,0.091300,0.4249,0.6839,0.3081,0.054400,2.5399,0.094200,0.035800,0.038700,0.6892,0.094900,0.001800,0.002500,0.062400,0.1966,0.050200,0.000600,0.6130,1066,402654,0,0,0,0,0,0.2143,0.002900,0.001100,0.008200,0,0,0,0,0,0,0,0,0,0,0,0,0,0,0,0,0,0,0
,0.012900,0.016700,2,64,0,62,0,0,13,233,43,0,454,3,0,0,12,2,0,0,0,0,0.016200,0.023000,0.3375,0.005800,0.008800,0.001000,0.8715,0.1799,0.053500,0.1261,0.000800,0.029100,0.006200,0,768,256,11229,3565.7148,15494.9102,239.1602,0.001600,5,0.000100,0.008000,0.002100,0.014500,0.2463,0,0,0.056600,0.3501,2.8960,0.071800,0.000200,0.001000,0.000200,0.000400,0.005800,0.007000,0.045300,0.005000,0.047900,0.1328,0.011100,0.006300,1.6050,0.030800,0.008400,0.044300,0.011700,0.020200,0.091600,0.009100,0.067200,0.002000,0.082300,0.008000,0.068300,0.5995,0.004800,2.3291,0.000200,0.1882,0.000600,0.000400,0.029800,0.3211,0.9519,0.023300,0.9218,0.1427,0.001800,0.012100,0.000800,0.034700,0.030400,8.7615,8.7628,13.0955,634,16,0.2500,0,16,3.8438,1,0,0,629,1,0,115,102,13,0,-1,-1,0,-1,-1,13.9904,4.9185,0,1525.2227,1525.2227,1441.5039,95,880,535,318,0,0,0.000900,0,0,0.015400,0.080300,0.000600,0.011400,0.067200,0.039900,0.000800,0.001900,0.000300,0.001400,0.006400,0.001100,0.004200,0.022100,0.1353,0.058700,0.079300,0.1658,0.045500,0.1639,0.019900,0,0.000300,0.001700,0.064100,0.008300,0.001000,0.000500,0.026300,0.006300,0.011200,0.001200,0.1401,0.016100,0.039600,0.2029,0.068000,0.001200,0.041700,0.002600,0.033800,0.022800,0.016600,8.1641,0.066200,0.007400,0.000100,0.003900,10.9444,0,0,0,0,0,0,0,50,0,0,0,0,1,1,9,9,2,1,1,4,1,1,1,1,1,1,7,7,1,1,50,9,6,42,76,794,950,0,0,0,0,0,-100,-100,-100,-100,600,1440,107.7673,0,0,-0.000000,-1,0,0,0,1,0,13.7344,5,50,75.1289,13.7344,0,0,48.9844,0,100,0,0,0,0,0,0,0,0,0,0.4087,0.4087,1,0.4087,0.4087,29.2295,8.9635,20141,90,568,135,12268.3555,3608.0664,7258.2383,0,15876.4375,10.2158,1.9533,7.1949,10.2158,2.0619,2.8920,33.3333,6.0869,24.4406,0.000200,0.021300,0.000600,0.000800,0.001700,0.013700,0.001700,0.072800,0,0.018400,0.027900,0.034400,0.7793,0.2974,0.023600,0.005100,0.067700,0,0.047000,0.014200,0.089100,0.006100,0.038400,0.1830,0.024100,0.1078,0.4241,0.8016,0.3540,0.057300,2.0724,0.094200,0.030700,0.039000,0.6936,0.072300,0.002100,0.002500,0.060200,0.1965,0.050200,0.000600,0.6209,1024,389654,0,0,0,0,0,0,0.003200,0.1089,0.009000,0,0,0,0,0,0,0,0,0,0,0,0,0,0,0,0,0,0,0
,0.018700,0.006600,2,57,0,55,0,0,13,233,15,0,454,3,0,0,12,2,0,0,0,0,0,0.007200,0.3293,0.006700,0.009400,0.001100,0.8500,0.2049,0.050600,0.1225,0.001100,0.028000,0,2,768,256,11229,3565.7148,15494.9102,239.1602,0.002000,3,0,0.008600,0.001800,0.012800,0.1940,0,0,0.057400,0.3677,2.7576,0.066600,0.000200,0.001200,0.000200,0.000300,0.007500,0.006800,0.040000,0.004800,0.029800,0.1101,0.023500,0.006100,1.4107,0.028700,0.008500,0.037600,0.012200,0.031400,0.092800,0.008300,0.075200,0.001900,0.075800,0.008200,0.068200,0.6220,0.005300,2.4313,0.000600,0.1996,0.000500,0.000300,0.030200,0.3050,1.1185,0.026800,1.1318,0.1427,0.002000,0.012900,0.000300,0.035100,0,9.7514,8.7628,13.0955,634,16,0.2500,0,16,3.8438,1,0,0,629,1,0,115,102,13,0,-1,-1,0,-1,-1,13.9904,4.9185,0,1525.2227,1525.2227,1441.5039,95,879,535,317,0,0,0.001000,0,0,0.014600,0.081600,0.000600,0.012600,0.072900,0.041600,0.000800,0.001600,0.000300,0.001700,0.006300,0.001000,0.004300,0.023500,0.1637,0.059600,0.090000,0.1699,0.037400,0.1898,0.018500,0.099500,0.000200,0.006400,0.068400,0.008200,0.002400,0.000700,0.028600,0.006600,0.012600,0.001700,0.1463,0.016100,0.045700,0.1918,0.067900,0.001100,0.041200,0.002500,0.016500,0.023400,0.017900,9.1014,0.058500,0.006500,0.000100,0,10.2426,0,0,0,0,0,0,0,50,0,0,0,0,1,1,9,9,2,1,1,4,1,1,1,1,1,1,7,7,1,1,50,9,6,42,76,794,950,0,0,0,0,0,-100,-100,-100,-100,600,1440,107.7673,0,0,-0.000000,-1,0,0,0,1,0,13.7344,5,50,75.1289,13.7344,0,0,48.9844,0,100,0,0,0,0,0,0,0,0,0,0.4623,0.4623,1,0.4623,0.4623,40.4815,8.9635,20141,90,568,135,12268.3359,3608.0664,7258.2383,0,15876.4219,11.2272,2.1501,7.5311,11.2272,2.1514,3.0036,33.3333,6.1452,24.2950,0.000300,0.022400,0.000500,0.000500,0.002100,0.010300,0.001700,0.073600,0,0.021600,0.021100,0.025300,0.3655,0.1822,0.020500,0.006200,0.061400,0,0.045200,0.013300,0.083600,0.005100,0.029900,0.1395,0.016000,0.093300,0.9135,0.6921,0.3045,0.057400,2.2961,0.094200,0.031700,0.040200,1.1173,0.078600,0.001800,0.002400,0.063400,0.1976,0.050100,0.000700,0.5896,1093,405117,0,0,0,0,0,0,0,0.001500,0.008700,0,0,0,0,0,0,0,0,0,0,0,0,0,0,0,0,0,0,0
,0.028000,0.006200,2,76,0,74,0,0,14,233,45,0,454,3,0,0,13,2,0,0,0,0,0.018500,0.005700,0.3238,0.006900,0.008700,0.001100,0.8541,0.2154,0.053800,0.1255,0.001300,0.027200,0,1,768,256,11229,3565.7148,15494.9102,239.1602,0.001800,2,0.000500,0.008300,0.002100,0.014100,0.1790,0,0,0.068100,0.2332,3.0760,0.066300,0.000200,0.001100,0.000200,0.000300,0.006300,0.005700,0.044400,0.005100,0.031800,0.1110,0.011100,0.006600,1.4026,0.029200,0.009000,0.044200,0.012900,0.018800,0.085600,0.010400,0.070600,0.002200,0.1110,0.008600,0.074100,0.6180,0.005000,2.3186,0.000200,0.1882,0.000500,0.000300,0.029800,0.3322,0.7238,0.022400,0.9162,0.2035,0.002200,0.009600,0.000500,0.037900,0,9.8204,8.7628,13.0955,634,16,0.2500,0,16,3.8438,1,0,0,629,1,0,115,102,13,0,-1,-1,0,-1,-1,13.9904,4.9185,0,1525.2227,1525.2227,1525.0977,95,908,561,321,0,0,0.000900,0,0,0.014700,0.080100,0.000600,0.011800,0.069800,0.042400,0.000600,0.001700,0.000100,0.001400,0.006000,0.001000,0.003600,0.020800,0.1359,0.054700,0.091700,0.1692,0.044600,0.1991,0.019800,0.023300,0.000200,0.001500,0.063800,0.009000,0.001300,0.000600,0.027300,0.006200,0.011800,0.001000,0.1367,0.014500,0.041600,0.2065,0.065800,0.001100,0.043000,0.002600,0.033500,0.022500,0.016800,9.2553,0.059200,0.006100,0.000100,0,11.3039,0,0,0,0,0,0,0,50,0,0,0,0,1,1,9,9,2,1,1,4,1,1,1,1,1,1,7,7,1,1,50,9,6,42,76,794,950,0,0,0,0,0,-100,-100,-100,-100,600,1440,107.7673,0,0,-0.000000,-1,0,0,0,1,0,13.7344,5,50,75.1289,13.7344,0,0,48.9844,0,100,0,0,0,0,0,0,0,0,0,0.4019,0.4019,1,0.4019,0.4019,51.8405,8.9635,20141,90,568,135,12268.3359,3608.0703,7258.2383,0,15876.4062,11.3753,2.0959,8.1173,11.3753,2.1047,2.9780,33.3333,5.8947,24.2123,0.000600,0.021600,0.000600,0.000600,0.001700,0.011100,0.000600,0.075600,0,0.019500,0.028300,0.035300,0.3476,0.2819,0.019500,0.005100,0.060700,0,0.048400,0.015000,0.079100,0.005100,0.031500,0.1341,0.016700,0.087400,0.4262,0.7010,0.3919,0.056300,2.0687,0.095300,0.036800,0.037700,0.6836,0.096900,0.001900,0.002400,0.061800,0.1956,0.049200,0.000600,0.6069,1033,397297,0,0,0,0,0,0,0.004300,0.009100,0.008800,0,0,0,0,0,0,0,0,0,0,0,0,0,0,0,0,0,0,0
,0.028300,0.018500,2,64,0,62,0,0,13,233,24,0,454,3,0,0,12,2,0,0,0,0,0,0.015700,0.3358,0.005800,0.009000,0.001100,0.9216,0.1754,0.049900,0.1272,0.001000,0.025700,0.001700,0,768,256,11229,3565.7148,15494.9102,239.1602,0.002800,5,0.000100,0.008300,0.001900,0.021000,0.2279,0,0,0.057000,0.2595,2.9971,0.075500,0.000300,0.001600,0.000300,0.000300,0.020000,0.007100,0.050500,0.005400,0.033200,0.1595,0.024900,0.007300,1.7334,0.031400,0.009000,0.046700,0.011800,0.019600,0.080000,0.008700,0.071400,0.002200,0.1249,0.011300,0.075500,0.6513,0.005600,2.3897,0.000200,0.1995,0.000500,0.000400,0.030800,0.3028,0.6593,0.026900,0.9425,0.1555,0.002000,0.009800,0.000500,0.035000,0.084100,9.4027,8.7628,13.0955,634,16,0.2500,0,16,3.8438,1,0,0,629,1,0,115,102,13,0,-1,-1,0,-1,-1,13.9904,4.9185,0,1525.2227,1525.2227,1525.0977,95,885,561,321,0,0,0.000900,0,0,0.018700,0.081700,0.000500,0.011400,0.068400,0.042700,0.000800,0.001600,0.000500,0.001500,0.006500,0.001200,0.004300,0.026200,0.1422,0.060500,0.091600,0.1488,0.043100,0.1967,0.016600,0.066700,0.000300,0.001700,0.065000,0.008500,0.001200,0.000400,0.026700,0.005900,0.011600,0.001100,0.1325,0.014300,0.040300,0.2089,0.068300,0.001200,0.022900,0.003300,0.033300,0.022300,0.020900,8.8115,0.059700,0.006700,0.000100,0.003700,11.3437,0,0,0,0,0,0,0,50,0,0,0,0,1,1,9,9,2,1,1,4,1,1,1,1,1,1,7,7,1,1,50,9,6,42,76,794,950,0,0,0,0,0,-100,-100,-100,-100,600,1440,107.7673,0,0,-0.000000,-1,0,0,0,1,0,13.7344,5,50,75.1289,13.7344,0,0,48.9844,0,100,0,0,0,0,0,0,0,0,0,0.4021,0.4021,1,0.4021,0.4021,62.7491,8.9635,20141,90,568,135,12268.0586,3608.0703,7258.2383,0,15876.4062,10.9031,2.1077,7.1955,10.9031,2.1077,2.8966,33.3333,5.9916,24.3225,0.000200,0.018400,0.000500,0.000600,0.001800,0.008000,0.000700,0.073500,0,0.018400,0.023600,0.026400,1.2860,0.3080,0.023600,0.006100,0.065600,0,0.045200,0.025300,0.2066,0.006200,0.038900,0.1874,0.015700,0.1072,0.4329,0.6954,0.3877,0.055300,2.0891,0.094200,0.037900,0.039200,0.6906,0.1085,0.001900,0.002400,0.062400,0.1987,0.050100,0.000600,0.6239,1031,390114,0,0,0,0,0,0,0,0,0.007900,0,0,0,0,0,0,0,0,0,0,0,0,0,0,0,0,0,0,0
,0.018600,0.009300,2,57,0,55,0,0,13,233,15,0,454,3,0,0,12,2,0,0,0,0,0.030500,0.038600,0.3441,0.005800,0.009700,0.000800,0.8669,0.2274,0.050000,0.1287,0.001300,0.021600,0,2,768,256,11229,3565.7148,15494.9102,239.1602,0.001100,3,0.000100,0.008300,0.002000,0.019500,0.1863,0,0,0.057300,0.2326,2.8489,0.090100,0.000200,0.001300,0.000200,0.000300,0.006600,0.007400,0.045300,0.006100,0.030500,0.1270,0.011000,0.006500,1.2803,0.028000,0.009000,0.029100,0.012000,0.020300,0.1042,0.008700,0.086400,0.002300,0.1160,0.009400,0.070400,0.6095,0.005300,2.3698,0.000300,0.1901,0.000600,0.000300,0.031200,0.3732,0.7692,0.026100,0.9325,0.1241,0.001900,0.009900,0.000300,0.033700,0.3644,9.7702,8.7628,13.0955,634,16,0.2500,0,16,3.8438,1,0,0,629,1,0,115,102,13,0,-1,-1,0,-1,-1,13.9904,4.9185,0,1525.2227,1525.2227,1525.0977,95,896,561,321,0,0,0.001000,0,0,0.015800,0.094100,0.000600,0.013000,0.074700,0.043600,0.001000,0.002000,0.000400,0.001700,0.007000,0.000900,0.003700,0.022000,0.1603,0.056100,0.094200,0.1623,0.053600,0.2291,0.019700,0.070300,0.000300,0.002000,0.065700,0.009300,0.001400,0.000600,0.026300,0.006700,0.012500,0.001100,0.1464,0.015300,0.045000,0.2042,0.070400,0.001300,0.032300,0.002600,0.017600,0.022700,0.018300,9.1728,0.057600,0.006300,0.000100,0,10.8930,0,0,0,0,0,0,0,50,0,0,0,0,1,1,9,9,2,1,1,4,1,1,1,1,1,1,7,7,1,1,50,9,6,42,76,794,950,0,0,0,0,0,-100,-100,-100,-100,600,1440,107.7673,0,0,-0.000000,-1,0,0,0,1,0,13.7344,5,50,75.1289,13.7344,0,0,48.9844,0,100,0,0,0,0,0,0,0,0,0,0.4843,0.4843,1,0.4843,0.4843,12.5232,8.9635,20141,90,568,135,12267.9688,3608.0703,7258.2383,0,15876.1289,11.3874,2.1819,8.1243,11.3874,2.1819,3.0325,33.3333,6.0696,23.5051,0.000200,0.022200,0.000600,0.000600,0.001600,0.008100,0.001500,0.071900,0,0.021500,0.028800,0.037600,0.3426,0.1867,0.019400,0.007200,0.064200,0,0.045500,0.023900,0.1927,0.005100,0.031800,0.1309,0.015900,0.088800,0.4279,0.7336,0.3555,0.057300,3.2934,0.097300,0.032700,0.039700,0.6909,0.099400,0.002000,0.002600,0.063400,0.1976,0.050200,0.000600,0.6173,1031,400780,0.1559,2050,1196,0,4.0971,0,0,0,0.007500,0,0,0,0,0,0,0,0,0,0,0,0,0,0,0,0,0,0,0
,0.020400,0.008600,2,75,0,73,0,0,14,233,45,0,454,3,0,0,13,2,0,0,0,0,0.008200,0.013800,0.3227,0.004800,0.009400,0.001100,0.8634,0.2116,0.060100,0.1225,0.001000,0.025400,0.001300,2,768,256,11229,3565.7148,15494.9102,239.1602,0.001500,6,0.000200,0.009900,0.002000,0.019300,0.1846,0,0,0.058400,0.2676,2.9112,0.063800,0.000200,0.001700,0.000200,0.000300,0.006200,0.006000,0.044900,0.005600,0.031200,0.098300,0.010000,0.005900,1.5238,0.026900,0.008200,0.032200,0.011900,0.019800,0.089900,0.008100,0.085500,0.001900,0.1026,0.007600,0.071600,0.6175,0.006200,2.3736,0.000500,0.1984,0.000600,0.000400,0.029700,0.3094,0.7455,0.024300,0.9122,0.1499,0.001900,0.010900,0.000400,0.035800,0.1513,9.4687,8.7628,13.0955,634,16,0.2500,0,16,3.8438,1,0,0,629,1,0,115,102,13,0,-1,-1,0,-1,-1,13.9904,4.9185,0,1525.2227,1525.2227,1525.0977,95,880,535,317,0,0,0.000900,0,0,0.014000,0.080600,0.000500,0.011400,0.066600,0.041100,0.001000,0.001400,0.000300,0.001500,0.006100,0.001100,0.003800,0.021100,0.1417,0.058900,0.079300,0.1703,0.042800,0.2924,0.018800,0,0.000400,0.001900,0.065200,0.008600,0.001100,0.000600,0.024500,0.006400,0.011500,0.001300,0.1367,0.014100,0.040200,0.2030,0.071000,0.001000,0.046100,0.002600,0.032200,0.023100,0.016800,8.9123,0.057400,0.006800,0.000100,0,11.4187,0,0,0,0,0,0,0,50,0,0,0,0,1,1,9,9,2,1,1,4,1,1,1,1,1,1,7,7,1,1,50,9,6,42,76,794,950,0,0,0,0,0,-100,-100,-100,-100,600,1440,107.7673,0,0,-0.000000,-1,0,0,0,1,0,13.7344,5,50,75.1289,13.7344,0,0,48.9844,0,100,0,0,0,0,0,0,0,0,0,0.4339,0.4339,1,0.4339,0.4339,23.6010,8.9635,20141,90,568,135,12267.9453,3608.0703,7258.2383,0,15876.0391,11.0655,2.1686,8.1889,11.0655,2.1697,2.9449,33.3333,6.0341,23.9281,0.000300,0.022100,0.000600,0.000600,0.001500,0.008000,0.000500,0.073100,0.001000,0.022600,0.027900,0.039200,0.3552,0.1987,0.019400,0.006200,0.066500,0,0.046700,0.020700,0.1988,0.005100,0.031900,0.1359,0.015600,0.089600,0.4233,0.7010,0.3076,0.055300,2.5477,0.095200,0.036900,0.038000,0.6879,0.086900,0.001800,0.002400,0.060900,0.1997,0.051200,0.000600,0.5923,1053,402634,0,0,0,0,0,0,0.004300,0.001200,0.008100,0,0,0,0,0,0,0,0,0,0,0,0,0,0,0,0,0,0,0
,0.016200,0.015100,2,73,0,71,0,0,13,233,41,0,454,3,0,0,12,2,0,0,0,0,0.009300,0.010000,0.3353,0.005900,0.010100,0.000800,0.8750,0.1695,0.056000,0.1319,0.002100,0.2338,0.001500,0,768,256,11229,3565.7148,15494.9102,239.1602,0.001400,4,0.000200,0.012900,0.002400,0.020000,0.1917,0,0,0.063200,0.2650,2.9422,0.068600,0.000200,0.001400,0.000200,0.000400,0.007000,0.006700,0.044700,0.006900,0.032800,0.1341,0.011300,0.006400,1.7276,0.029900,0.009400,0.041600,0.011700,0.018400,0.082700,0.010500,0.074000,0.002000,0.1052,0.007900,0.068500,0.5869,0.004300,2.2850,0.000400,0.1893,0.000700,0.000500,0.029000,0.3062,0.6753,0.023400,0.8870,0.1844,0.002000,0.009700,0.000500,0.034100,0.1499,9.4700,8.7628,13.0955,634,16,0.2500,0,16,3.8438,1,0,0,629,1,0,115,102,13,0,-1,-1,0,-1,-1,13.9904,4.9185,0,1525.2227,1525.2227,1525.0977,95,880,535,317,0,0,0.000900,0,0,0.014100,0.078200,0.000600,0.012000,0.068100,0.039800,0.000800,0.001500,0.000300,0.001400,0.006300,0.000900,0.003700,0.021100,0.1588,0.054000,0.083800,0.1630,0.042400,0.1654,0.026200,0.095900,0.000100,0.001300,0.063000,0.008200,0.001200,0.000600,0.025700,0.005900,0.012900,0.001200,0.1358,0.013900,0.039600,0.1977,0.065200,0.001200,0.040700,0.002500,0.030800,0.022400,0.015600,8.8765,0.076300,0.006300,0.000100,0,11.0753,0,0,0,0,0,0,0,50,0,0,0,0,1,1,9,9,2,1,1,4,1,1,1,1,1,1,7,7,1,1,50,9,6,42,76,794,950,0,0,0,0,0,-100,-100,-100,-100,600,1440,107.7673,0,0,-0.000000,-1,0,0,0,1,0,13.7344,5,50,75.1289,13.7344,0,0,48.9844,0,100,0,0,0,0,0,0,0,0,0,0.4425,0.4425,1,0.4425,0.4425,34.6243,8.9635,20141,90,568,135,12267.9336,3608.0703,7258.2383,0,15876.0156,11.0199,2.1431,7.3462,11.0199,2.1431,2.9904,33.3333,5.9196,24.2717,0.000600,0.021700,0.000500,0.000700,0.001900,0.011900,0.000600,0.075500,0.001000,0.017400,0.025500,0.035100,0.7819,0.2163,0.022500,0.005100,0.067100,0,0.044600,0.008500,0.080500,0.006100,0.033600,0.1405,0.015200,0.095200,0.4318,0.8069,0.3129,0.056300,2.4270,0.095200,0.031800,0.038900,0.6956,0.086600,0.001900,0.002500,0.062100,0.1966,0.050200,0.000500,1.0125,1027,390282,0,0,0,0,0,0,0,0,0.008900,0,0,0,0,0,0,0,0,0,0,0,0,0,0,0,0,0,0,0
,0.016400,0.016800,2,57,0,55,0,0,13,233,16,0,454,3,0,0,12,2,0,0,0,0,0.016600,0.010400,0.3287,0.005400,0.008800,0.000700,0.8553,0.2190,0.048000,0.1186,0.001100,0.032100,0.001700,1,768,256,11229,3565.7148,15494.9102,239.1602,0.002300,5,0.000300,0.010400,0.002200,0.018400,0.2116,0,0,0.056900,0.2543,3.0135,0.068100,0.000200,0.001300,0.000200,0.000200,0.006500,0.006600,0.040700,0.006000,0.034000,0.1081,0.011900,0.005900,1.6052,0.037400,0.008500,0.034900,0.012000,0.018600,0.083200,0.010100,0.069300,0.002400,0.097800,0.008600,0.068800,0.6184,0.006300,2.3516,0.000300,0.1960,0.000800,0.000400,0.031200,0.3070,0.8152,0.024800,0.9420,0.1283,0.001600,0.010100,0.000600,0.033900,0,9.6167,8.7628,13.0955,634,16,0.2500,0,16,3.8438,1,0,0,629,1,0,115,102,13,0,-1,-1,0,-1,-1,13.9904,4.9185,0,1525.2227,1525.2227,1525.0977,95,908,561,321,0,0,0.001200,0,0,0.015200,0.083900,0.000700,0.012900,0.071000,0.038500,0.000800,0.001700,0.000300,0.001500,0.006000,0.001200,0.003900,0.021500,0.1559,0.057100,0.079000,0.1582,0.043400,0.2028,0.019600,0.051000,0.000200,0.001800,0.064700,0.007700,0.001500,0.000800,0.024400,0.005900,0.011600,0.001100,0.1473,0.014800,0.043700,0.1980,0.071100,0.001100,0.045200,0.002400,0.018100,0.025800,0.018000,9.0003,0.060900,0.006500,0.000100,0,10.9747,0,0,0,0,0,0,0,50,0,0,0,0,1,1,9,9,2,1,1,4,1,1,1,1,1,1,7,7,1,1,50,9,6,42,76,794,950,0,0,0,0,0,-100,-100,-100,-100,600,1440,107.7673,0,0,-0.000000,-1,0,0,0,1,0,13.7344,5,50,75.1289,13.7344,0,0,48.9844,0,100,0,0,0,0,0,0,0,0,0,0.4354,0.4354,1,0.4354,0.4354,45.7185,8.9635,20141,90,568,135,12267.8984,3608.0703,7258.2383,0,15876.0039,11.0978,2.0778,7.7047,11.0978,2.0787,2.9876,33.3333,6.0794,24.3851,0.000600,0.021500,0.000600,0.000800,0.001900,0.007000,0.000700,0.073400,0,0.020500,0.029200,0.038500,0.3506,0.1881,0.019400,0.006200,0.066500,0,0.044900,0.008100,0.088000,0.006200,0.032500,0.1339,0.015900,0.090100,1.3704,0.7331,0.3468,0.058300,2.4833,0.095300,0.031700,0.040600,0.6914,0.083800,0.001900,0.002800,0.060600,0.1955,0.050200,0.000700,0.5945,1029,390906,0,0,0,0,0,0,0,0.001000,0.007600,0,0,0,0,0,0,0,0,0,0,0,0,0,0,0,0,0,0,0
,0.015200,0.078100,2,57,0,55,0,0,13,233,16,0,454,3,0,0,12,2,0,0,0,0,0.009300,0.002900,0.3313,0.005800,0.009500,0.000900,0.8447,0.1803,0.048100,0.1225,0.001500,0.026700,0.000900,1,768,256,11229,3565.7148,15494.9102,239.1602,0.002200,4,0.000300,0.010500,0.002000,0.018600,0.1957,0,0,0.056000,0.2791,2.9458,0.1248,0.000300,0.001200,0.000200,0.000300,0.006800,0.009800,0.051400,0.005600,0.031800,0.1198,0.010000,0.006300,1.4636,0.031300,0.009700,0.035500,0.011900,0.019000,0.083700,0.008900,0.071000,0.002100,0.080600,0.008000,0.068500,0.5708,0.004300,2.4180,0.000500,0.2066,0.000600,0.000400,0.031700,0.3296,0.8592,0.027700,1.1859,0.2208,0.002100,0.010600,0.000600,0.040300,0.3049,9.4330,8.7628,13.0955,634,16,0.2500,0,16,3.8438,1,0,0,629,1,0,115,102,13,0,-1,-1,0,-1,-1,13.9904,4.9185,0,1525.2227,1525.2227,1525.0977,95,912,561,321,0,0,0.000800,0,0,0.015400,0.082500,0.000600,0.012200,0.072500,0.041100,0.000900,0.002000,0.000600,0.001700,0.007400,0.001300,0.004300,0.026700,0.1521,0.068100,0.099800,0.1558,0.040700,0.1729,0.022400,0.2355,0.000300,0.002000,0.064500,0.008800,0.001400,0.000800,0.026600,0.006300,0.011300,0.001100,0.1392,0.014100,0.039200,0.2037,0.069400,0.001100,0.041000,0.002500,0.032300,0.022000,0.017500,8.8190,0.059500,0.006500,0.000100,0,11.1005,0,0,0,0,0,0,0,50,0,0,0,0,1,1,9,9,2,1,1,4,1,1,1,1,1,1,7,7,1,1,50,9,6,42,76,794,950,0,0,0,0,0,-100,-100,-100,-100,600,1440,107.7673,0,0,-0.000000,-1,0,0,0,1,0,13.7344,5,50,75.1289,13.7344,0,0,48.9844,0,100,0,0,0,0,0,0,0,0,0,0.5172,0.5172,1,0.5172,0.5172,56.8232,8.9635,20141,90,568,135,12267.9727,3608.0703,7258.2383,0,15875.9688,11.1135,2.3005,8.1741,11.1135,2.3005,2.8521,33.3333,5.9333,24.1451,0.000200,0.021600,0.000500,0.000600,0.001800,0.007000,0.001700,0.072400,0,0.019500,0.026600,0.037600,0.3369,0.2131,0.019400,0.005100,0.067000,0,0.046500,0.008700,0.1912,0.005100,0.032600,0.1370,0.015000,0.098300,0.5512,0.7164,0.3093,0.056400,2.1277,0.094200,0.031800,0.038800,0.6902,0.099700,0.002000,0.002400,0.062700,0.1976,0.050200,0.000600,0.6096,1028,389358,0,0,0,0,0,0,0,0,0.008900,0,0,0,0,0,0,0,0,0,0,0,0,0,0,0,0,0,0,0
,0.017600,0.1263,2,56,0,54,0,0,13,233,14,0,454,3,0,0,12,2,0,0,0,0,0.012300,0.007900,0.3460,0.005600,0.019400,0.001000,0.9282,0.2145,0.058700,0.1393,0.001300,0.036100,0.003400,2,768,256,11229,3565.7148,15494.9102,239.1602,0.001200,4,0.000200,0.009200,0.002400,0.021300,0.1929,0,0,0.064200,0.2858,3.1777,0.089600,0.000200,0.001500,0.000200,0.000300,0.007500,0.009000,0.050900,0.006100,0.035900,0.1614,0.032500,0.006500,1.6861,0.031600,0.009200,0.033200,0.011900,0.019300,0.090300,0.008900,0.078900,0.002200,0.080300,0.008600,0.070800,0.5878,0.005100,2.3404,0.000400,0.1914,0.000700,0.000300,0.030800,0.3083,0.7210,0.023500,0.9203,0.1560,0.001700,0.010300,0.000500,0.033800,0.1174,10.2501,8.7628,13.0955,634,16,0.2500,0,16,3.8438,1,0,0,629,1,0,115,102,13,0,-1,-1,0,-1,-1,13.9904,4.9185,0,1525.2227,1525.2227,1525.0977,95,893,561,322,0,0,0.000900,0,0,0.016300,0.079200,0.000700,0.012100,0.066700,0.037800,0.000800,0.002100,0.000300,0.001700,0.007500,0.001100,0.004200,0.023100,0.1329,0.057400,0.078200,0.1501,0.040100,0.2948,0.020300,0,0.000200,0.001600,0.061400,0.008500,0.001500,0.000600,0.024000,0.006200,0.011100,0.001200,0.1342,0.013200,0.038600,0.1969,0.069800,0.001000,0.043500,0.002300,0.030800,0.022100,0.016600,9.2800,0.063900,0.006800,0.000100,0,11.1217,0,0,0,0,0,0,0,50,0,0,0,0,1,1,9,9,2,1,1,4,1,1,1,1,1,1,7,7,1,1,50,9,6,42,76,794,950,0,0,0,0,0,-100,-100,-100,-100,600,1440,107.7673,0,0,-0.000000,-1,0,0,0,1,0,13.7344,5,50,75.1289,13.7344,0,0,48.9844,0,100,0,0,0,0,0,0,0,0,0,0.4324,0.4324,1,0.4324,0.4324,5.3167,8.9635,20141,90,568,135,12267.2812,3608.0703,7258.2383,0,15876.0430,11.7077,2.1035,7.2423,11.7077,2.1045,2.9279,33.3333,6.0178,23.0708,0.000200,0.021800,0.000700,0.000800,0.001800,0.020100,0.000600,0.075100,0,0.019500,0.028000,0.035000,0.3594,0.1886,0.019500,0.006100,0.068100,0,0.045500,0.019800,0.1875,0.006200,0.032400,0.1333,0.015500,0.087700,0.4245,0.7622,0.3211,0.057400,2.4740,0.094200,0.032800,0.040700,0.6912,0.094300,0.001900,0.002500,0.062000,0.1965,0.050100,0.000800,0.9228,1067,399634,0,2359,1267,0,0.8658,0,0,0.001200,0.007900,0,0,0,0,0,0,0,0,0,0,0,0,0,0,0,0,0,0,0
,0.027600,0.006100,2,70,0,68,0,0,14,233,27,0,454,3,0,0,13,2,0,0,0,0,0.007300,0.010100,0.3266,0.004600,0.008800,0.000900,0.8824,0.2089,0.054100,0.1283,0.001200,0.027300,0,1,768,256,11229,3565.7148,15494.9102,239.1602,0.001500,4,0.000200,0.014100,0.001800,0.013800,0.1835,0,0,0.065800,0.2281,2.5412,0.068600,0.000200,0.001200,0.000200,0.000300,0.007300,0.006800,0.044000,0.004900,0.034600,0.1399,0.011900,0.006600,0.4655,0.026800,0.008300,0.028400,0.011800,0.018600,0.086900,0.009100,0.072200,0.002400,0.073800,0.008300,0.064600,0.6090,0.005600,2.3426,0.000300,0.1844,0.000500,0.000300,0.030100,0.3596,0.6143,0.024300,0.9171,0.1977,0.002000,0.009100,0.000500,0.035600,0.2541,9.8026,8.7628,13.0955,634,16,0.2500,0,16,3.8438,1,0,0,629,1,0,115,102,13,0,-1,-1,0,-1,-1,13.9904,4.9185,0,1525.2227,1525.2227,1525.0977,95,874,561,322,0,0,0.000900,0,0,0.022000,0.086700,0.000600,0.014100,0.073200,0.041400,0.000900,0.002000,0.000400,0.001900,0.007700,0.001400,0.004600,0.024000,0.1391,0.060100,0.084500,0.1794,0.043500,0.3172,0.024900,0,0.000300,0.006000,0.065100,0.008400,0.001300,0.000500,0.026400,0.006500,0.012500,0.001000,0.1478,0.015800,0.042800,0.2084,0.070200,0.001200,0.026000,0.003300,0.018900,0.026100,0.019000,9.2222,0.070100,0.007300,0.000100,0,11.7217,0,0,0,0,0,0,0,50,0,0,0,0,1,1,9,9,2,1,1,4,1,1,1,1,1,1,7,7,1,1,50,9,6,42,76,794,950,0,0,0,0,0,-100,-100,-100,-100,600,1440,107.7673,0,0,-0.000000,-1,0,0,0,1,0,13.7344,5,50,75.1289,13.7344,0,0,48.9844,0,100,0,0,0,0,0,0,0,0,0,0.4888,0.4888,1,0.4888,0.4888,16.7954,8.9635,20141,90,568,135,12267.8008,3608.0703,7258.2383,0,15875.3516,11.4710,2.5502,7.4477,11.4710,2.5502,3.1435,33.3333,6.1792,22.7432,0.000300,0.021100,0.000600,0.000700,0.001700,0.008800,0.000600,0.075900,0,0.018500,0.021700,0.031800,0.3381,0.1971,0.020500,0.007200,0.066100,0,0.046000,0.012700,0.2067,0.005100,0.032300,0.1383,0.014900,0.089300,0.4293,0.6859,0.3115,0.057300,3.1744,0.094200,0.031800,0.039300,0.6964,0.098900,0.001900,0.002400,0.064200,0.1975,0.049200,0.000600,0.6149,1034,401502,0,0,0,0,0,0,0,0,0.009200,0,0,0,0,0,0,0,0,0,0,0,0,0,0,0,0,0,0,0
,0.026400,0.006100,2,64,0,62,0,0,13,233,46,0,454,3,0,0,12,2,0,0,0,0,0.007000,0.010800,0.5405,0.005500,0.008300,0.001000,0.8306,0.2124,0.050000,0.1260,0.000900,0.026600,0,1,768,256,11229,3565.7148,15494.9102,239.1602,0.001600,7,0.000500,0.009200,0.002500,0.014100,0.1858,0,0,0.055300,0.2238,2.5557,0.066500,0.000300,0.001500,0.000200,0.000300,0.008000,0.007000,0.041100,0.005000,0.030800,0.1447,0.010400,0.005800,0.7438,0.026300,0.009600,0.026900,0.011400,0.019400,0.088400,0.009700,0.074500,0.002400,0.075000,0.008400,0.070500,0.6288,0.005400,2.4058,0.000300,0.2102,0.000600,0.000500,0.029000,0.3070,0.6342,0.024900,0.9387,0.1659,0.002200,0.010200,0.000400,0.033100,0.071200,8.0862,8.7628,13.0955,634,16,0.2500,0,16,3.8438,1,0,0,629,1,0,115,102,13,0,-1,-1,0,-1,-1,13.9904,4.9185,0,1525.2227,1525.2227,1525.0977,95,875,561,322,0,0,0.000900,0,0,0.015200,0.083000,0.000600,0.012000,0.071000,0.040400,0.000800,0.001300,0.000300,0.001800,0.006200,0.000900,0.003800,0.021600,0.1462,0.055700,0.076000,0.1669,0.041000,0.2012,0.018600,0.054200,0.000400,0.001500,0.064800,0.008100,0.001400,0.000600,0.026700,0.006200,0.012400,0.001200,0.1454,0.015000,0.040600,0.2065,0.068600,0.001200,0.034400,0.002500,0.033800,0.022800,0.018000,7.8799,0.058200,0.006000,0,0,11.4111,0,0,0,0,0,0,0,50,0,0,0,0,1,1,9,9,2,1,1,4,1,1,1,1,1,1,7,7,1,1,50,9,6,42,76,794,950,0,0,0,0,0,-100,-100,-100,-100,600,1440,107.7673,0,0,-0.000000,-1,0,0,0,1,0,13.7344,5,50,75.1289,13.7344,0,0,48.9844,0,100,0,0,0,0,0,0,0,0,0,0.4180,0.4180,1,0.4180,0.4180,26.7240,8.9635,20141,90,568,135,12267.7344,3608.0703,7258.2383,0,15875.8711,9.5622,2.0692,7.4477,9.5622,2.0692,2.9987,33.3333,6.8431,23.7416,0.000200,0.022400,0.000600,0.000500,0.001500,0.008300,0.000600,0.073600,0.001000,0.018500,0.026900,0.041600,0.3430,0.2841,0.018500,0.006100,0.062300,0,0.046600,0.010800,0.1876,0.006100,0.032900,0.1402,0.015500,0.089800,0.4318,0.6932,0.3863,0.056300,2.0748,0.093200,0.031700,0.038100,0.6904,0.087300,0.002200,0.002700,0.062000,0.1956,0.050200,0.000700,0.6157,930,387104,0.050700,0,0,0,0,0,0,0,0.008200,0,0,0,0,0,0,0,0,0,0,0,0,0,0,0,0,0,0,0
,0.079900,0.006500,2,56,0,54,0,0,13,233,13,0,454,3,0,0,12,2,0,0,0,0,0.007000,0,0.3296,0.007600,0.008800,0.001100,0.8447,0.1697,0.049500,0.1222,0.001200,0.021500,0,1,768,256,11229,3565.7148,15494.9102,239.1602,0.001600,0,0.000300,0.018000,0.002100,0.015300,0.1882,0,0,0.052200,0.2346,2.6748,0.075100,0.000200,0.001200,0.000200,0.000300,0.006700,0.007000,0.049100,0.005300,0.033400,0.1286,0.010400,0.006300,1.3440,0.028200,0.008200,0.037800,0.012400,0.019400,0.077800,0.009200,0.082300,0.002400,0.088300,0.007700,0.068100,0.6138,0.004800,2.2859,0.000300,0.1778,0.000700,0.000400,0.028200,0.3793,0.6930,0.024800,0.9297,0.1009,0.001900,0.009700,0.000600,0.032900,0.3420,7.3267,8.7628,13.0955,634,16,0.2500,0,16,3.8438,1,0,0,629,1,0,115,102,13,0,-1,-1,0,-1,-1,13.9904,4.9185,0,1525.2227,1525.2227,1525.0977,95,875,561,322,0,0,0.001100,0,0,0.014100,0.080800,0.000500,0.011600,0.070300,0.041000,0.000700,0.001600,0.000200,0.001600,0.006200,0.000800,0.003700,0.020900,0.1809,0.054000,0.075200,0.1522,0.044900,0.1810,0.022900,0.4935,0.000300,0.001400,0.065200,0.008100,0.001400,0.000700,0.027800,0.006600,0.011700,0.001200,0.1449,0.017200,0.042800,0.2063,0.069700,0.001400,0.052100,0.002200,0.030700,0.021300,0.023300,6.7659,0.055400,0.006500,0.000100,0,10.0474,0,0,0,0,0,0,0,50,0,0,0,0,1,1,9,9,2,1,1,4,1,1,1,1,1,1,7,7,1,1,50,9,6,42,76,794,950,0,0,0,0,0,-100,-100,-100,-100,600,1440,107.7673,0,0,-0.000000,-1,0,0,0,1,0,13.7344,5,50,75.1289,13.7344,0,0,48.9844,0,100,0,0,0,0,0,0,0,0,0,0.4129,0.4129,1,0.4129,0.4129,36.1188,8.9635,20141,90,568,135,12267.7227,3608.0703,7258.2383,0,15875.8047,9.7681,2.6089,7.3154,9.7681,2.6089,2.8669,33.3333,6.0380,24.5220,0.000600,0.022700,0.000500,0.000600,0.001600,0.008200,0.000600,0.073400,0.001000,0.040000,0.030300,0.039300,0.3496,0.2201,0.020400,0.006200,0.064500,0,0.044600,0.011400,0.1947,0.005100,0.032500,0.1360,0.017700,0.096900,0.4167,0.6990,0.3379,0.057400,2.4400,0.095300,0.035800,0.039800,0.6985,0.074900,0.002000,0.002400,0.061600,0.1988,0.049100,0.000700,1.0629,1011,403104,0,0,0,0,0,0,0,0,0.008500,0,0,0,0,0,0,0,0,0,0,0,0,0,0,0,0,0,0,0
,0.013400,0.021800,2,76,0,74,0,0,14,233,46,0,454,3,0,0,13,2,0,0,0,0,0.009400,0.004400,0.3059,0.005400,0.009300,0.001200,0.8491,0.1982,0.050800,0.1284,0.000900,0.030400,0.003900,1,768,256,11229,3565.7148,15494.9102,239.1602,0.001700,3,0.000100,0.007700,0.002000,0.012000,0.2199,0,0,0.055600,0.2765,2.5381,0.064900,0.000200,0.001300,0.000300,0.000400,0.006300,0.006800,0.038600,0.005700,0.032400,0.099100,0.010600,0.006000,0.6419,0.028500,0.009300,0.029000,0.011100,0.018300,0.1079,0.013200,0.071400,0.002200,0.083300,0.007700,0.070500,0.5988,0.005100,2.3701,0.000200,0.1862,0.000800,0.000300,0.030300,0.3071,0.6307,0.025300,0.9179,0.1179,0.002100,0.010700,0.000500,0.035500,0.1212,9.0548,8.7628,13.0955,634,16,0.2500,0,16,3.8438,1,0,0,629,1,0,115,102,13,0,-1,-1,0,-1,-1,13.9904,4.9185,0,1525.2227,1525.2227,1525.0977,95,877,561,322,0,0,0.001100,0,0,0.014300,0.084800,0.000600,0.010700,0.072700,0.040600,0.000600,0.001600,0.000200,0.001800,0.006300,0.001000,0.003700,0.022600,0.1631,0.053600,0.074500,0.1652,0.043300,0.2241,0.018900,0.064700,0.000500,0.001900,0.068700,0.009800,0.001300,0.000500,0.029500,0.007400,0.012500,0.001200,0.1508,0.016700,0.044700,0.2096,0.077400,0.001300,0.045600,0.002800,0.017900,0.025200,0.018400,8.4783,0.060400,0.006600,0.000200,0,9.4005,0,0,0,0,0,0,0,50,0,0,0,0,1,1,9,9,2,1,1,4,1,1,1,1,1,1,7,7,1,1,50,9,6,42,76,794,950,0,0,0,0,0,-100,-100,-100,-100,600,1440,107.7673,0,0,-0.000000,-1,0,0,0,1,0,13.7344,5,50,75.1289,13.7344,0,0,48.9844,0,100,0,0,0,0,0,0,0,0,0,0.4657,0.4657,1,0.4657,0.4657,46.8682,8.9635,20141,90,568,135,12267.7109,3608.0703,7258.2383,0,15875.7930,10.6428,2.2476,7.7747,10.6428,2.2476,3.0508,33.3333,6.2191,23.8086,0.000600,0.023200,0.000600,0.000600,0.001600,0.010200,0.000600,0.075900,0.001100,0.019500,0.024200,0.038200,0.3393,0.1894,0.018500,0.006100,0.063200,0,0.045100,0.010400,0.1917,0.005100,0.032300,0.1400,0.015300,0.089900,0.4274,0.6954,0.3300,0.056300,2.4699,0.095200,0.035900,0.039600,0.6915,0.1019,0.001800,0.002400,0.061100,0.1976,0.050200,0.000700,0.6125,964,395872,0,0,0,0,0,0.3084,0.002600,0,0.007900,0,0,0,0,0,0,0,0,0,0,0,0,0,0,0,0,0,0,0
,0.082000,0.010300,2,63,0,61,0,0,13,233,28,0,454,3,0,0,12,2,0,0,0,0,0.008100,0.002900,0.3478,0.007300,0.007800,0.000900,0.8789,0.1659,0.052000,0.1294,0.001500,0.038600,0.001300,1,768,256,11229,3565.7148,15494.9102,239.1602,0.001200,2,0.000400,0.011800,0.002200,0.014900,0.1768,0,0,0.056100,0.2787,2.5276,0.070500,0.000200,0.001400,0.000200,0.000200,0.006300,0.006800,0.043100,0.004900,0.031200,0.1335,0.010900,0.006700,1.5926,0.027400,0.008200,0.050200,0.010800,0.018400,0.067900,0.009900,0.073400,0.001900,0.080000,0.008400,0.069600,0.5751,0.004200,2.3377,0.000600,0.1863,0.000800,0.000300,0.028800,0.3842,0.6006,0.025300,0.9147,0.1746,0.002000,0.010000,0.000400,0.033900,0.3027,8.3417,8.7628,13.0955,634,16,0.2500,0,16,3.8438,1,0,0,629,1,0,115,102,13,0,-1,-1,0,-1,-1,13.9904,4.9185,0,1525.2227,1525.2227,1525.0977,95,874,561,322,0,0,0.000900,0,0,0.015200,0.077900,0.000600,0.011800,0.069100,0.049700,0.001000,0.001600,0.000300,0.001400,0.006000,0.000700,0.003900,0.022100,0.1440,0.055100,0.083000,0.1515,0.043400,0.1488,0.021600,0.1427,0.000200,0.001300,0.065300,0.008400,0.001800,0.000600,0.025700,0.006400,0.012100,0.000900,0.1431,0.016300,0.043200,0.2100,0.071700,0.001400,0.042800,0.002900,0.032500,0.022800,0.020200,7.7970,0.061200,0.007500,0.000100,0,10.6137,0,0,0,0,0,0,0,50,0,0,0,0,1,1,9,9,2,1,1,4,1,1,1,1,1,1,7,7,1,1,50,9,6,42,76,794,950,0,0,0,0,0,-100,-100,-100,-100,600,1440,107.7673,0,0,-0.000000,-1,0,0,0,1,0,13.7344,5,50,75.1289,13.7344,0,0,48.9844,0,100,0,0,0,0,0,0,0,0,0,0.4070,0.4070,1,0.4070,0.4070,56.7517,8.9635,20141,90,568,135,12267.6992,3608.0703,7258.2383,0,15875.7812,9.8874,2.1110,7.3451,9.8874,2.1110,2.9336,33.3333,6.5238,23.8885,0.000200,0.022100,0.000600,0.000700,0.001800,0.008500,0.000600,0.073000,0,0.021500,0.028100,0.038400,0.3621,0.1951,0.020400,0.006200,0.066600,0,0.045300,0.015300,0.1866,0.005100,0.032800,0.1356,0.015500,0.093100,0.4276,0.7458,0.3487,0.056400,2.4903,0.095200,0.030700,0.039400,0.6865,0.092000,0.002100,0.002500,0.063700,0.1996,0.049200,0.000600,0.6194,997,400948,0,0,0,0,0,0,0,0,0.007900,0,0,0,0,0,0,0,0,0,0,0,0,0,0,0,0,0,0,0
,0.016600,0.006600,2,73,0,71,0,0,14,233,28,0,454,3,0,0,13,2,0,0,0,0,0,0.010600,0.3271,0.004600,0.009100,0.000800,0.8349,0.2800,0.052700,0.1231,0.001100,0.019600,0,0,768,256,11229,3565.7148,15494.9102,239.1602,0.001400,5,0.000300,0.011300,0.002100,0.015100,0.1861,0,0,0.055700,0.2974,2.5204,0.064100,0.000200,0.001300,0.000200,0.000200,0.007400,0.006000,0.041000,0.004700,0.033000,0.1075,0.011300,0.005800,1.4908,0.026200,0.008300,0.030600,0.011100,0.019100,0.077100,0.009100,0.082100,0.002100,0.077600,0.008600,0.068700,0.6358,0.005100,2.3715,0.000400,0.1829,0.000500,0.000400,0.030200,0.3469,0.5876,0.025800,0.9170,0.1761,0.002000,0.010100,0.000500,0.034500,0.047000,9.1605,8.7628,13.0955,634,16,0.2500,0,16,3.8438,1,0,0,629,1,0,115,102,13,0,-1,-1,0,-1,-1,13.9904,4.9185,0,1525.2227,1525.2227,1525.0977,95,876,561,322,0,0,0.000900,0,0,0.014100,0.077900,0.000500,0.011600,0.068100,0.049000,0.000900,0.001600,0.000500,0.001400,0.006500,0.001100,0.004000,0.022000,0.1387,0.056400,0.077300,0.1483,0.042200,0.2718,0.016100,0,0.000200,0.001500,0.063800,0.007800,0.001500,0.000400,0.025000,0.005400,0.011300,0.000900,0.1369,0.014900,0.039700,0.2001,0.070800,0.001200,0.041300,0.002600,0.033100,0.023000,0.016400,8.5508,0.056500,0.006400,0.000100,0,9.9443,0,0,0,0,0,0,0,50,0,0,0,0,1,1,9,9,2,1,1,4,1,1,1,1,1,1,7,7,1,1,50,9,6,42,76,794,950,0,0,0,0,0,-100,-100,-100,-100,600,1440,107.7673,0,0,-0.000000,-1,0,0,0,1,0,13.7344,5,50,75.1289,13.7344,0,0,48.9844,0,100,0,0,0,0,0,0,0,0,0,0.4302,0.4302,1,0.4302,0.4302,3.9463,8.9635,20141,90,568,135,12267.5508,3608.0703,7258.2383,0,15875.7695,10.7388,2.0944,7.4173,10.7388,2.0954,2.8286,33.3333,6.1963,24.0278,0.000300,0.020700,0.000600,0.000600,0.001700,0.009000,0.000600,0.073300,0,0.018500,0.025600,0.039100,0.3413,0.1851,0.019500,0.006100,0.067100,0,0.046800,0.014300,0.1931,0.005100,0.032700,0.1358,0.016200,0.098600,0.4192,0.7004,0.3015,0.057300,3.1465,0.096300,0.031700,0.038900,0.7008,0.083200,0.002000,0.002400,0.064500,0.1954,0.050200,0.000700,0.5956,953,392068,0,2370,1334,0,1.3363,0,0,0.001000,0.007800,0,0,0,0,0,0,0,0,0,0,0,0,0,0,0,0,0,0,0
,0.014800,0.009000,2,60,0,58,0,0,13,233,28,0,454,3,0,0,12,2,0,0,0,0,0.033100,0.008400,0.3177,0.005800,0.009300,0.001100,0.8307,0.1820,0.050700,0.1283,0.001400,0.037900,0,0,768,256,11229,3565.7148,15494.9102,239.1602,0.002200,3,0.000300,0.008400,0.002000,0.013700,0.1824,0,0,0.053800,0.2721,2.7298,0.062800,0.000200,0.001500,0.000200,0.000300,0.007100,0.006200,0.055600,0.006400,0.037500,0.1399,0.010500,0.006200,0.6651,0.026200,0.008900,0.028300,0.012000,0.017300,0.079200,0.017400,0.079000,0.002600,0.083200,0.009400,0.069900,0.6129,0.004600,2.3793,0.000300,0.1926,0.000500,0.000700,0.027500,0.3111,0.6658,0.024100,0.9095,0.4526,0.002100,0.022100,0.000500,0.034600,0.1380,8.8065,8.7628,13.0955,634,16,0.2500,0,16,3.8438,1,0,0,629,1,0,115,102,13,0,-1,-1,0,-1,-1,13.9904,4.9185,0,1525.2227,1525.2227,1441.6289,95,874,561,322,0,0,0.001100,0,0,0.014700,0.091700,0.000500,0.011200,0.068800,0.040200,0.001000,0.001700,0.000400,0.001500,0.006400,0.001100,0.003900,0.021700,0.1537,0.056400,0.082200,0.1507,0.038300,0.1790,0.025700,0.1527,0.000300,0.001400,0.064900,0.008900,0.001200,0.000600,0.025700,0.006000,0.012500,0.001100,0.1382,0.016100,0.041000,0.1913,0.067300,0.001500,0.040900,0.002500,0.017100,0.023500,0.017900,8.6561,0.053800,0.005300,0.000100,0,10.6143,0,0,0,0,0,0,0,50,0,0,0,0,1,1,9,9,2,1,1,4,1,1,1,1,1,1,7,7,1,1,50,9,6,42,76,794,950,0,0,0,0,0,-100,-100,-100,-100,600,1440,107.7673,0,0,-0.000000,-1,0,0,0,1,0,13.7344,5,50,75.1289,13.7344,0,0,48.9844,0,100,0,0,0,0,0,0,0,0,0,0.4721,0.4721,1,0.4721,0.4721,14.7515,8.9635,20141,90,568,135,12267.3281,3608.0703,7258.2383,0,15875.6211,10.3814,2.1536,8.3148,10.3814,2.1536,2.8447,33.3333,6.3594,23.9126,0.000200,0.017500,0.000600,0.000700,0.001700,0.013900,0.000500,0.073500,0,0.020600,0.029200,0.038600,0.3572,0.1953,0.018400,0.006200,0.062500,0,0.045400,0.013100,0.1967,0.005100,0.033200,0.1394,0.015800,0.090200,0.4286,0.7535,0.3332,0.057200,2.4927,0.095300,0.030700,0.039700,0.6894,0.083900,0.002000,0.002300,0.061800,0.1955,0.049200,0.000600,0.6158,965,396092,0,0,0,0,0,0,0,0,0.008600,0,0,0,0,0,0,0,0,0,0,0,0,0,0,0,0,0,0,0
,0.014400,0.015900,2,63,0,61,0,0,13,233,29,0,454,3,0,0,12,2,0,0,0,0,0.009800,0.007300,0.3373,0.005500,0.009000,0.001200,0.9165,0.1953,0.052500,0.1525,0.000900,0.026300,0.002700,1,768,256,11229,3565.7148,15494.9102,239.1602,0.001000,7,0.000300,0.009400,0.001900,0.014700,0.1804,0,0,0.076500,0.2160,2.7121,0.066500,0.000300,0.001700,0.000200,0.000200,0.008100,0.006800,0.054900,0.006000,0.033700,0.1361,0.011600,0.010300,1.8699,0.029800,0.009400,0.040700,0.012100,0.019200,0.095600,0.011000,0.080900,0.002200,0.077500,0.008500,0.069900,0.6423,0.005900,2.4500,0.000200,0.1967,0.000500,0.000400,0.030200,0.3163,0.6459,0.025000,1.0590,0.1144,0.002100,0.009900,0.000400,0.032100,0,7.1318,8.7628,13.0955,634,16,0.2500,0,16,3.8438,1,0,0,629,1,0,115,102,13,0,-1,-1,0,-1,-1,13.9904,4.9185,0,1525.2227,1525.2227,1525.0977,95,874,561,321,0,0,0.000900,0,0,0.014600,0.080900,0.000500,0.012600,0.073800,0.053700,0.000800,0.001300,0.000500,0.001400,0.006300,0.001100,0.004300,0.023700,0.2147,0.056500,0.1022,0.1521,0.049300,0.1833,0.022200,1.1319,0.000300,0.001600,0.065100,0.009500,0.001400,0.000500,0.028200,0.006800,0.012700,0.001100,0.1430,0.014700,0.042800,0.2051,0.068700,0.001300,0.021300,0.003100,0.032400,0.021700,0.023100,6.7940,0.066800,0.006800,0.000100,0,10.8258,0,0,0,0,0,0,0,50,0,0,0,0,1,1,9,9,2,1,1,4,1,1,1,1,1,1,7,7,1,1,50,9,6,42,76,794,950,0,0,0,0,0,-100,-100,-100,-100,600,1440,107.7673,0,0,-0.000000,-1,0,0,0,1,0,13.7344,5,50,75.1289,13.7344,0,0,48.9844,0,100,0,0,0,0,0,0,0,0,0,1.5555,1.5555,1,1.5555,1.5555,24.8167,8.9635,20141,90,568,135,12267.3281,3608.0703,7258.2383,0,15875.3984,10.2382,3.2660,7.4613,10.2382,3.2660,2.8989,33.3333,6.4806,23.5527,0.000300,0.023700,0.000600,0.000600,0.001800,0.009100,0.000600,0.073300,0.001000,0.020500,0.027200,0.033500,1.2740,0.2914,0.021500,0.006100,0.064300,0,0.044900,0.013400,0.3830,0.006100,0.037700,0.1805,0.028300,0.1044,0.4319,0.6922,0.3942,0.062500,2.0727,0.094200,0.030700,0.038200,0.6999,0.1019,0.002000,0.002500,0.061300,0.1946,0.050200,0.000600,0.6287,975,396140,0,0,0,0,0,0,0,0,0.009000,0,0,0,0,0,0,0,0,0,0,0,0,0,0,0,0,0,0,0
,0.014800,0.008100,2,73,0,71,0,0,14,233,26,0,454,3,0,0,13,2,0,0,0,0,0.009500,0.003000,0.3404,0.005900,0.008900,0.000900,0.8514,0.1868,0.051100,0.1269,0.001000,0.034200,0,73,768,256,11229,3565.7148,15494.9102,239.1602,0.001500,4,0.000100,0.009300,0.001800,0.013400,0.1911,0,0,0.054100,0.3191,2.6217,0.067000,0.000200,0.001100,0.000200,0.000200,0.005800,0.006600,0.045500,0.005700,0.034900,0.1029,0.011200,0.005600,1.5150,0.028000,0.008700,0.037700,0.011900,0.018600,0.090400,0.010000,0.073100,0.002100,0.1135,0.008000,0.069200,0.6159,0.005400,2.4436,0.000300,0.1973,0.000500,0.000500,0.033800,0.2979,1.0307,0.023100,1.0011,0.5835,0.002400,0.009800,0.000600,0.038700,0.3986,7.7943,8.7628,13.0955,634,16,0.2500,0,16,3.8438,1,0,0,629,1,0,115,102,13,0,-1,-1,0,-1,-1,13.9904,4.9185,0,1525.2227,1525.2227,1441.5039,95,879,561,321,0,0,0.002000,0,0,0.016000,0.084100,0.000900,0.016800,0.086300,0.051200,0.001100,0.001300,0.000400,0.001600,0.006400,0.001000,0.003800,0.025700,1.5784,0.055500,0.078900,0.1632,0.043300,0.2045,0.030900,0.1315,0.000200,0.001700,0.067600,0.010500,0.001500,0.000300,0.028300,0.006900,0.014100,0.001400,0.1431,0.014400,0.039900,0.2682,0.072200,0.001200,0.033800,0.001800,0.032300,0.022500,0.016900,7.1716,0.057500,0.006800,0.000100,0,10.0752,0,0,0,0,0,0,0,50,0,0,0,0,1,1,9,9,2,1,1,4,1,1,1,1,1,1,7,7,1,1,50,9,6,42,76,794,950,0,0,0,0,0,-100,-100,-100,-100,600,1440,107.7673,0,0,-0.000000,-1,0,0,0,1,0,13.7344,5,50,75.1289,13.7344,0,0,48.9844,0,100,0,0,0,0,0,0,0,0,0,1.8989,1.8989,1,1.8989,1.8989,35.7362,8.9635,20141,90,568,135,12266.2969,3608.0703,7258.2383,0,15875.3984,11.1542,3.6810,8.2603,11.1542,3.6810,3.0423,33.3333,6.1645,23.9151,0.000300,0.021900,0.000600,0.000700,0.001800,0.007300,0.000600,0.073300,0,0.019500,0.027400,0.038700,0.3556,0.1852,0.020500,0.005200,0.061100,0.001100,0.043500,0.021800,0.1822,0.005100,0.032000,0.1337,0.015800,0.1219,0.4432,0.8379,0.4470,0.7885,3.2469,0.097300,0.043000,0.2957,0.7633,0.076200,0.001800,0.002600,0.075500,0.2018,0.050200,0.000500,0.6129,928,387508,0.1144,0,0,0,0,0,0,0,0.008900,0,0,0,0,0,0,0,0,0,0,0,0,0,0,0,0,0,0,0
,0.026000,0.010400,2,57,0,55,0,0,13,233,9,0,454,3,0,0,12,2,0,0,0,0,0.009000,0.010500,0.3777,0.006200,0.010000,0.001000,0.9962,0.2006,0.066800,0.1430,0.001200,0.040600,0.003200,1,768,256,11229,3565.7148,15494.9102,239.1602,0.002600,4,0.000300,0.010000,0.002300,0.020800,0.1766,0,0,0.068400,0.2216,2.6405,0.081800,0.000300,0.001100,0.000200,0.000200,0.006400,0.016400,0.042200,0.005400,0.046300,0.1446,0.010400,0.005900,1.5371,0.031500,0.009900,0.042000,0.012200,0.018500,0.093300,0.010900,0.081600,0.002400,0.1160,0.009100,0.082400,0.5834,0.004900,2.3203,0.000300,0.1837,0.000800,0.000400,0.030000,0.3517,0.6050,0.022700,0.9029,0.1658,0.002100,0.010600,0.000500,0.036200,0,10.3457,8.7628,13.0955,634,16,0.2500,0,16,3.8438,1,0,0,629,1,0,115,102,13,0,-1,-1,0,-1,-1,13.9904,4.9185,0,1525.2227,1525.2227,1525.0977,95,875,561,321,0,0,0.000900,0,0,0.013600,0.081000,0.000800,0.012100,0.075800,0.037100,0.000900,0.001800,0.000400,0.001500,0.006700,0.000900,0.004000,0.022900,0.1242,0.055100,0.076400,0.1504,0.040400,0.3546,0.014400,0,0.000400,0.005400,0.062300,0.007900,0.001300,0.000400,0.025000,0.006100,0.011600,0.001400,0.1319,0.014000,0.039200,0.1896,0.066000,0.001100,0.047200,0.002200,0.017400,0.024500,0.016200,9.7897,0.061800,0.006200,0.000100,0,10.8906,0,0,0,0,0,0,0,50,0,0,0,0,1,1,9,9,2,1,1,4,1,1,1,1,1,1,7,7,1,1,50,9,6,42,76,794,950,0,0,0,0,0,-100,-100,-100,-100,600,1440,107.7673,0,0,-0.000000,-1,0,0,0,1,0,13.7344,5,50,75.1289,13.7344,0,0,48.9844,0,100,0,0,0,0,0,0,0,0,0,0.4300,0.4300,1,0.4300,0.4300,47.6496,8.9635,20141,90,568,135,12266.0039,3608.0703,7258.2383,0,15874.3672,11.8854,2.1959,9.4114,11.8854,2.1959,2.8845,33.3333,6.2419,23.6482,0.000200,0.022300,0.000600,0.000700,0.001600,0.012200,0.000500,0.079100,0,0.020500,0.040600,0.041000,0.3429,0.2087,0.019500,0.005100,0.062200,0,0.046700,0.028800,0.1920,0.005100,0.032500,0.1337,0.016400,0.1049,0.4339,0.6834,0.3350,0.057400,2.4650,0.095200,0.031700,0.039600,0.6905,0.097300,0.001900,0.002600,0.058500,0.2018,0.050200,0.000600,0.6250,956,392366,0,0,0,0,0,0,0,0,0.008500,0,0,0,0,0,0,0,0,0,0,0,0,0,0,0,0,0,0,0
,0.013400,0.018800,2,57,0,55,0,0,13,233,15,0,454,3,0,0,12,2,0,0,0,0,0,0.010900,0.3359,0.007000,0.008300,0.001200,0.8749,0.1912,0.054700,0.1294,0.000800,0.027600,0.001100,0,768,256,11229,3565.7148,15494.9102,239.1602,0.002500,4,0.000300,0.008500,0.002500,0.019100,0.2215,0,0,0.056300,0.3031,2.6171,0.069800,0.000200,0.001400,0.000200,0.000300,0.007700,0.007200,0.050300,0.005700,0.034400,0.1555,0.013100,0.006300,1.6831,0.027200,0.008700,0.029500,0.011200,0.018500,0.089700,0.010000,0.078100,0.002300,0.1141,0.008300,0.069400,0.5873,0.004300,2.3258,0.000200,0.1781,0.000600,0.000400,0.028900,0.4011,0.5968,0.025100,0.9817,0.1107,0.002400,0.009900,0.000600,0.031900,0.1401,8.8404,8.7628,13.0955,634,16,0.2500,0,16,3.8438,1,0,0,629,1,0,115,102,13,0,-1,-1,0,-1,-1,13.9904,4.9185,0,1525.2227,1525.2227,1525.0977,95,876,561,321,0,0,0.001100,0,0,0.016500,0.098200,0.000500,0.011900,0.071000,0.046600,0.001000,0.001700,0.000200,0.001600,0.006500,0.001000,0.004500,0.025100,0.1773,0.072000,0.1007,0.1737,0.040200,0.1903,0.022700,0.1498,0.000200,0.001800,0.064800,0.008700,0.001600,0.000700,0.028400,0.006900,0.011800,0.001100,0.1574,0.026200,0.045300,0.2317,0.082400,0.001100,0.044100,0.002600,0.032200,0.022100,0.025300,8.1080,0.060500,0.022200,0.000100,0,11.9367,0,0,0,0,0,0,0,50,0,0,0,0,1,1,9,9,2,1,1,4,1,1,1,1,1,1,7,7,1,1,50,9,6,42,76,794,950,0,0,0,0,0,-100,-100,-100,-100,600,1440,107.7673,0,0,-0.000000,-1,0,0,0,1,0,13.7344,5,50,75.1289,13.7344,0,0,48.9844,0,100,0,0,0,0,0,0,0,0,0,0.4681,0.4681,1,0.4681,0.4681,58.1544,8.9635,20141,90,568,135,12262.3008,3608.0703,7258.2383,0,15874.0742,10.5299,2.2800,7.4509,10.5299,2.2812,3.2463,33.3333,6.1295,22.1698,0.000200,0.020800,0.000600,0.000600,0.001700,0.012500,0.000500,0.075200,0,0.019400,0.030600,0.035100,0.7951,0.3028,0.020500,0.005100,0.066800,0,0.045900,0.024700,0.1948,0.006100,0.036700,0.1899,0.024400,0.1139,0.4218,0.7010,0.3901,0.056400,2.0772,0.094200,0.033800,0.038700,0.6994,0.073600,0.001900,0.002500,0.063800,0.1956,0.050200,0.000600,0.8112,933,386878,0,0,0,0,0,0,0,0.001500,0.008000,0,0,0,0,0,0,0,0,0,0,0,0,0,0,0,0,0,0,0
,0.014400,0.009200,2,57,0,55,0,0,13,233,12,0,454,3,0,0,12,2,0,0,0,0,0.011000,0.014400,0.3112,0.006900,0.009300,0.001000,0.8259,0.2154,0.049600,0.1233,0,0.023200,0,1,768,256,11229,3565.7148,15494.9102,239.1602,0,4,0.000200,0.008100,0.002000,0.020100,0.1911,0,0,0.053600,0.2336,2.5706,0.073500,0.000200,0.001400,0.000300,0.000300,0.006500,0.006300,0.044800,0.005200,0.034300,0.095400,0.010000,0.006500,0.9403,0.026200,0.008500,0.026900,0.011700,0.019500,0.076100,0.007800,0.080100,0.002000,0.096000,0.008900,0.070100,0.6055,0.005700,2.3818,0.000200,0.2068,0.000500,0.000300,0.030700,0.3024,0.8011,0.025600,0.9387,0.099300,0.002200,0.009800,0.001200,0.037900,0.3307,9.2946,8.7628,13.0955,634,16,0.2500,0,16,3.8438,1,0,0,629,1,0,115,102,13,0,-1,-1,0,-1,-1,13.9904,4.9185,0,1525.2227,1525.2227,1525.0977,95,879,561,321,0,0,0.001000,0,0,0.016800,0.079000,0.000600,0.012600,0.074000,0.040700,0.000800,0.001800,0.000300,0.002200,0.007400,0.001300,0.004100,0.023400,0.1535,0.057000,0.081200,0.1502,0.051000,0.2124,0.020300,0.049600,0.000200,0.001600,0.072500,0.021900,0.001600,0.000600,0.027600,0.006400,0.012200,0.001300,0.1424,0.014600,0.043000,0.2011,0.072400,0.001100,0.041000,0.002400,0.031200,0.022100,0.017000,8.7769,0.055300,0.006600,0.000100,0,10.4708,0,0,0,0,0,0,0,50,0,0,0,0,1,1,9,9,2,1,1,4,1,1,1,1,1,1,7,7,1,1,50,9,6,42,76,794,950,0,0,0,0,0,-100,-100,-100,-100,600,1440,107.7673,0,0,-0.000000,-1,0,0,0,1,0,13.7344,5,50,75.1289,13.7344,0,0,48.9844,0,100,0,0,0,0,0,0,0,0,0,0.4256,0.4256,1,0.4256,0.4256,7.3629,8.9635,20141,90,568,135,12261.0938,3608.0703,7258.2383,0,15870.3711,10.8602,2.2215,7.6417,10.8602,2.2215,2.9641,33.3333,6.1617,22.7896,0.000300,0.021800,0.000600,0.000700,0.002000,0.008000,0.000800,0.075100,0,0.019400,0.022100,0.024600,0.3418,0.1864,0.021500,0.007100,0.061300,0,0.046100,0.019500,0.1895,0.005100,0.031900,0.1419,0.015300,0.094100,1.2127,0.7001,0.3360,0.058300,2.4789,0.094200,0.031700,0.038800,0.6973,0.092400,0.002000,0.002400,0.061600,0.1987,0.049100,0.000500,0.6163,1034,410654,0,2354,1338,0,1.0844,0,0,0,0.008300,0,0,0,0,0,0,0,0,0,0,0,0,0,0,0,0,0,0,0
,0.1074,0.008100,2,80,0,78,0,0,14,233,59,0,454,3,0,0,13,2,0,0,0,0,0.007900,0.014600,0.3240,0.006300,0.008800,0.000900,0.9133,0.1893,0.058800,0.1338,0.005300,0.026700,0,0,768,256,11229,3565.7148,15494.9102,239.1602,0.004000,5,0.000200,0.008500,0.002000,0.019600,0.1835,0,0,0.060600,0.2749,2.6068,0.061400,0.000300,0.001500,0.000200,0.000200,0.007400,0.007100,0.045700,0.005200,0.032700,0.1337,0.010100,0.006100,0.7803,0.025600,0.008600,0.026400,0.011700,0.018100,0.086900,0.009200,0.073500,0.002200,0.099300,0.007800,0.073000,0.5959,0.005000,2.2931,0.000200,0.1813,0.000500,0.000300,0.027300,0.2935,0.8379,0.022400,0.8752,0.1551,0.002100,0.008600,0.000500,0.073100,0.088500,8.8100,8.7628,13.0955,634,16,0.2500,0,16,3.8438,1,0,0,629,1,0,115,102,13,0,-1,-1,0,-1,-1,13.9904,4.9185,0,1525.2227,1525.2227,1441.5039,95,878,561,321,0,0,0.000900,0,0,0.017100,0.084400,0.000600,0.012300,0.066100,0.041500,0.001000,0.001500,0.000400,0.001700,0.006500,0.001200,0.004400,0.022200,0.1342,0.058200,0.081000,0.1557,0.043900,0.2841,0.019000,0.023500,0.000200,0.001500,0.060900,0.008200,0.001100,0.000300,0.024000,0.005900,0.011300,0.001000,0.1326,0.014200,0.038400,0.1907,0.069000,0.001200,0.041100,0.002100,0.018400,0.024600,0.017400,8.2534,0.099900,0.008200,0.000100,0,10.8043,0,0,0,0,0,0,0,50,0,0,0,0,1,1,9,9,2,1,1,4,1,1,1,1,1,1,7,7,1,1,50,9,6,42,76,794,950,0,0,0,0,0,-100,-100,-100,-100,600,1440,107.7673,0,0,-0.000000,-1,0,0,0,1,0,13.7344,5,50,75.1289,13.7344,0,0,48.9844,0,100,0,0,0,0,0,0,0,0,0,0.4426,0.4426,1,0.4426,0.4426,17.6427,8.9635,20141,90,568,135,12265.0820,3608.0703,7258.2383,0,15869.1641,10.2631,2.0047,8.1353,10.2631,2.0047,2.8922,33.3333,6.2752,22.4843,0.000600,0.021800,0.000600,0.000500,0.001800,0.007600,0.001800,0.072100,0,0.016300,0.019900,0.033700,0.3469,0.2092,0.018400,0.005100,0.061900,0,0.045600,0.007800,0.1941,0.005100,0.032400,0.1427,0.015600,0.099100,0.4213,0.6402,0.2905,0.057400,2.3759,0.095200,0.030700,0.042800,0.6838,0.1472,0.004000,0.004700,0.062500,0.1958,0.050100,0.000700,0.5972,952,391650,0,0,0,0,0,0,0.005100,0,0.008000,0,300000,0,0,0,0,0.8000,50000,1,0,0,0,0,0,0,0,0,0,0
,0.020900,0.008100,2,57,0,55,0,0,13,233,11,0,454,3,0,0,12,2,0,0,0,0,0.008100,0.003500,0.3078,0.006600,0.009100,0.001200,0.8370,0.1905,0.053600,0.1183,0.001400,0.023900,0,0,768,256,11229,3565.7148,15494.9102,239.1602,0.001400,3,0.000400,0.012400,0.002200,0.017900,0.1731,0,0,0.077600,0.1983,2.6178,0.065500,0.000200,0.001300,0.000200,0.000200,0.006500,0.006600,0.040000,0.005300,0.029600,0.1102,0.009000,0.005900,1.6064,0.028700,0.009300,0.047000,0.011800,0.019800,0.084000,0.010500,0.080900,0.002000,0.1003,0.008000,0.073300,0.5871,0.004400,2.3171,0.000300,0.1853,0.000600,0.000400,0.027400,0.2950,0.7163,0.022600,0.8915,0.1380,0.001800,0.011100,0.000600,0.035600,0,8.3961,8.7628,13.0955,634,16,0.2500,0,16,3.8438,1,0,0,629,1,0,115,102,13,0,-1,-1,0,-1,-1,13.9904,4.9185,0,1525.2227,1525.2227,1525.0977,95,882,561,321,0,0,0.000900,0,0,0.014500,0.082500,0.000600,0.012000,0.067200,0.041800,0.000900,0.002000,0.000400,0.001500,0.006900,0.001000,0.003700,0.022000,0.1648,0.056600,0.079800,0.1579,0.050800,0.1722,0.017100,0.1070,0.000100,0.001500,0.060100,0.007700,0.001300,0.000600,0.025000,0.006200,0.011300,0.001900,0.1355,0.014000,0.040500,0.2068,0.073200,0.001500,0.043900,0.002300,0.033200,0.023000,0.017500,7.8250,0.056800,0.005900,0.000100,0,10.2733,0,0,0,0,0,0,0,50,0,0,0,0,1,1,9,9,2,1,1,4,1,1,1,1,1,1,7,7,1,1,50,9,6,42,76,794,950,0,0,0,0,0,-100,-100,-100,-100,600,1440,107.7673,0,0,-0.000000,-1,0,0,0,1,0,13.7344,5,50,75.1289,13.7344,0,0,48.9844,0,100,0,0,0,0,0,0,0,0,0,0.4580,0.4580,1,0.4580,0.4580,27.4748,8.9635,20141,90,568,135,12265.0820,3604.0703,7254.2305,0,15869.1523,9.8701,2.0247,7.4334,9.8701,2.0247,2.8974,33.3333,5.8250,23.6191,0.000300,0.022000,0.000500,0.000600,0.001600,0.008000,0.000600,0.074800,0.001000,0.023600,0.026600,0.039600,0.3532,0.1855,0.018500,0.006100,0.061200,0,0.049700,0.007900,0.1945,0.006100,0.032800,0.1370,0.015600,0.091800,0.4272,1.1935,0.3470,0.055200,2.4647,0.094200,0.031800,0.038300,0.6903,0.094900,0.001800,0.002300,0.060300,0.1976,0.050200,0.000700,1.0271,1021,405474,0,0,0,0,0,0,0.001900,0,0.007300,0,0,0,0,0,0,0,0,0,0,0,0,0,0,0,0,0,0,0
,0.017700,0.008400,2,76,0,74,0,0,14,233,44,0,454,3,0,0,13,2,0,0,0,0,0.008500,0.014200,0.3838,0.006100,0.007800,0.001100,0.8645,0.1733,0.054300,0.1262,0,0.031600,0,1,768,256,11229,3565.7148,15494.9102,239.1602,0,5,0.000300,0.008500,0.002200,0.016900,0.1772,0,0,0.053500,0.2538,2.7956,0.058800,0.000200,0.001200,0.000300,0.000300,0.006700,0.006600,0.042200,0.005300,0.033300,0.1010,0.011300,0.006100,1.3702,0.027200,0.009500,0.031900,0.011100,0.018500,0.1191,0.011900,0.073900,0.002400,0.089600,0.008000,0.069900,0.5907,0.004800,2.3484,0.000500,0.1968,0.000600,0.000400,0.029300,0.3288,0.7330,0.025700,0.9508,0.1147,0.002200,0.011200,0.000500,0.036500,0.085900,9.0173,8.7628,13.0955,634,16,0.2500,0,16,3.8438,1,0,0,629,1,0,115,102,13,0,-1,-1,0,-1,-1,13.9904,4.9185,0,1525.2227,1525.2227,1525.0977,95,888,561,321,0,0,0.001000,0,0,0.015000,0.081500,0.000700,0.012400,0.073700,0.039700,0.000700,0.001900,0.000200,0.002100,0.007200,0.001200,0.004600,0.026800,0.1558,0.055000,0.089100,0.1533,0.042200,0.1754,0.025800,0.098700,0.000400,0.001700,0.059300,0.007800,0.001000,0.000600,0.024400,0.006000,0.012600,0.001100,0.9957,0.013600,0.038500,0.2146,0.074000,0.001400,0.028800,0.003000,0.033100,0.022700,0.020300,7.5604,0.062000,0.006400,0.000100,0,9.8341,0,0,0,0,0,0,0,50,0,0,0,0,1,1,9,9,2,1,1,4,1,1,1,1,1,1,7,7,1,1,50,9,6,42,76,794,950,0,0,0,0,0,-100,-100,-100,-100,600,1440,107.7673,0,0,-0.000000,-1,0,0,0,1,0,13.7344,5,50,75.1289,13.7344,0,0,48.9844,0,100,0,0,0,0,0,0,0,0,0,0.4539,0.4539,1,0.4539,0.4539,37.9175,8.9635,20141,90,568,135,12265.1055,3604.0703,7254.2305,0,15869.1523,10.4598,2.0093,8.2168,10.4598,2.0093,2.7461,33.3333,5.2383,23.6588,0.000200,0.021200,0.000600,0.000700,0.001600,0.007100,0.001600,0.071700,0,0.020400,0.028400,0.039700,0.3443,0.1956,0.018400,0.006200,0.066500,0,0.046600,0.008700,0.1903,0.006100,0.032100,0.1356,0.015100,0.088900,0.4211,0.6684,0.3016,0.057300,2.3091,0.094200,0.030700,0.040000,0.6860,0.094800,0.002400,0.004900,0.060300,0.1986,0.050200,0.000700,0.6015,994,414624,0,0,0,0,0,0,0,0,0.007800,0,0,0,0,0,0,0,0,0,0,0,0,0,0,0,0,0,0,0
,0.019700,0.091600,2,64,0,62,0,0,13,233,27,0,454,3,0,0,12,2,0,0,0,0,0.018000,0.039400,0.3447,0.005000,0.009500,0.000900,0.8868,0.2013,0.056600,0.1292,0.002200,0.031600,0.001600,1,768,256,11229,3565.7148,15494.9102,239.1602,0.003800,5,0.000500,0.009800,0.002400,0.018000,0.2139,0,0,0.057000,0.2278,2.6205,0.065200,0.000300,0.001200,0.000200,0.000400,0.006600,0.007100,0.049100,0.005200,0.034100,0.1395,0.011100,0.005900,1.6427,0.027700,0.008300,0.034100,0.012400,0.018000,0.088000,0.009600,0.072600,0.001900,0.077700,0.009000,0.069400,0.5837,0.005000,2.3621,0.000200,0.1862,0.000600,0.000300,0.027300,0.3170,0.6104,0.022500,0.9057,0.1596,0.001900,0.009200,0.000400,0.034200,0.1125,9.2392,8.7628,13.0955,634,16,0.2500,0,16,3.8438,1,0,0,629,1,0,115,102,13,0,-1,-1,0,-1,-1,13.9904,4.9185,0,1525.2227,1525.2227,1525.0977,95,880,561,322,0,0,0.000700,0,0,0.015100,0.080400,0.000800,0.012400,0.070300,0.037900,0.000900,0.001700,0.000200,0.001600,0.006200,0.001100,0.004000,0.023400,0.1494,0.054900,0.075300,0.1532,0.046200,0.1865,0.033100,0.079100,0.000100,0.001600,0.061900,0.008500,0.001300,0.000900,0.026100,0.006000,0.011800,0.001300,0.1369,0.014300,0.039700,0.1911,0.071000,0.001400,0.032400,0.002600,0.017000,0.024200,0.016600,8.6906,0.058900,0.006800,0.000100,0,10.4465,0,0,0,0,0,0,0,50,0,0,0,0,1,1,9,9,2,1,1,4,1,1,1,1,1,1,7,7,1,1,50,9,6,42,76,794,950,0,0,0,0,0,-100,-100,-100,-100,600,1440,107.7673,0,0,-0.000000,-1,0,0,0,1,0,13.7344,5,50,75.1289,13.7344,0,0,48.9844,0,100,0,0,0,0,0,0,0,0,0,0.4496,0.4496,1,0.4496,0.4496,48.5691,8.9635,20141,90,568,135,12265.1055,3604.0703,7254.2305,0,15869.1758,10.6363,2.8547,7.3572,10.6363,2.8547,2.7501,33.3333,5.3492,23.8551,0.000200,0.018600,0.000600,0.000600,0.001700,0.012500,0.000600,0.070000,0,0.019400,0.027400,0.033900,0.3686,0.1843,0.019400,0.005100,0.064900,0,0.047400,0.019100,0.2073,0.006200,0.032200,0.1353,0.015900,0.092200,0.4253,0.7025,0.3478,0.056400,2.5086,0.095200,0.032800,0.038700,0.6882,0.096300,0.001900,0.002400,0.060900,0.1956,0.050200,0.000600,0.6083,970,408270,0.067900,0,0,0,0,0,0,0,0.007800,0,0,0,0,0,0,0,0,0,0,0,0,0,0,0,0,0,0,0
,0.027900,0.006100,2,57,0,55,0,0,13,233,14,0,454,3,0,0,12,2,0,0,0,0,0,0.003000,0.3178,0.006000,0.009800,0.001000,0.8192,0.1669,0.050700,0.1247,0,0.031700,0,1,768,256,11229,3565.7148,15494.9102,239.1602,0,4,0.000200,0.006900,0.002000,0.012600,0.1680,0,0,0.057500,0.2298,2.6520,0.063700,0.000300,0.001400,0.000300,0.000500,0.007800,0.006700,0.041300,0.005600,0.029300,0.095300,0.012700,0.005600,1.6071,0.027700,0.008300,0.039100,0.011500,0.018800,0.086100,0.019800,0.070600,0.002400,0.075300,0.008800,0.071500,0.6352,0.006000,2.3581,0.000300,0.1881,0.000800,0.000400,0.030200,0.3055,0.6295,0.025000,0.9373,0.1765,0.002100,0.009500,0.000400,0.034900,0,8.9621,8.7628,13.0955,634,16,0.2500,0,16,3.8438,1,0,0,629,1,0,115,102,13,0,-1,-1,0,-1,-1,13.9904,4.9185,0,1525.2227,1525.2227,1525.0977,95,879,561,322,0,0,0.000800,0,0,0.013400,0.080700,0.000600,0.012200,0.069900,0.045300,0.000900,0.001800,0.000300,0.001400,0.006300,0.001000,0.004200,0.023300,0.1556,0.056800,0.082400,0.1620,0.042300,0.1640,0.025300,0.085500,0.000100,0.001500,0.064700,0.008300,0.001400,0.000500,0.027200,0.006300,0.012300,0.001300,0.1365,0.014900,0.040800,0.2043,0.066100,0.001200,0.046100,0.002800,0.033800,0.022100,0.017900,8.3897,0.058300,0.006600,0.000100,0,10.8635,0,0,0,0,0,0,0,50,0,0,0,0,1,1,9,9,2,1,1,4,1,1,1,1,1,1,7,7,1,1,50,9,6,42,76,794,950,0,0,0,0,0,-100,-100,-100,-100,600,1440,107.7673,0,0,-0.000000,-1,0,0,0,1,0,13.7344,5,50,75.1289,13.7344,0,0,48.9844,0,100,0,0,0,0,0,0,0,0,0,0.4367,0.4367,1,0.4367,0.4367,59.1595,8.9635,20141,90,568,135,12265.1055,3604.0703,7254.2305,0,15869.1758,10.6085,2.1788,7.3537,10.6085,2.1797,2.8537,33.3333,5.3867,23.9834,0.000200,0.021500,0.000600,0.000700,0.001600,0.009600,0.000600,0.074600,0,0.018400,0.021700,0.040300,0.3467,0.3009,0.022500,0.005200,0.062300,0,0.045800,0.012400,0.1850,0.005100,0.032700,0.1419,0.016100,0.095500,0.4197,0.7144,0.3811,0.055300,2.8835,0.095200,0.031700,0.039400,0.6908,0.081100,0.002400,0.002500,0.060500,0.2008,0.049100,0.000700,0.5867,1032,409036,0,0,0,0,0,0,0,0.001100,0.009300,0,0,0,0,0,0,0,0,0,0,0,0,0,0,0,0,0,0,0
,0.030900,0.006200,2,76,0,74,0,0,14,233,42,0,454,3,0,0,13,2,0,0,0,0,0.007500,0.007600,0.3251,0.006200,0.007300,0.000900,0.8214,0.2077,0.049200,0.1269,0.002300,0.028400,0.001100,2,768,256,11229,3565.7148,15494.9102,239.1602,0.001800,6,0,0.007600,0.001600,0.013300,0.1847,0,0,0.056200,0.2477,2.6758,0.066300,0.000200,0.001300,0.000200,0.000400,0.007700,0.006900,0.041000,0.004800,0.033400,0.1329,0.010400,0.006600,1.4642,0.025100,0.008500,0.033800,0.012500,0.019100,0.076300,0.010400,0.075700,0.002700,0.074900,0.008300,0.066000,0.5680,0.004300,2.2866,0.000200,0.1800,0.000900,0.000300,0.028900,0.2986,0.7903,0.024200,0.8796,0.1897,0.002100,0.010600,0.000600,0.038000,0,9.1300,8.7628,13.0955,634,16,0.2500,0,16,3.8438,1,0,0,629,1,0,115,102,13,0,-1,-1,0,-1,-1,13.9904,4.9185,0,1525.2227,1525.2227,1525.0977,95,878,561,322,0,0,0.001100,0,0,0.015700,0.078300,0.000700,0.012500,0.066300,0.036800,0.000900,0.001700,0.000200,0.001400,0.006400,0.001000,0.003800,0.023000,0.1534,0.055300,0.079100,0.1453,0.039100,0.1966,0.017400,0.094700,0.000100,0.001600,0.061700,0.008200,0.001200,0.000500,0.024500,0.005800,0.012100,0.001300,0.1318,0.015600,0.039600,0.1929,0.066100,0.001000,0.040800,0.002600,0.029600,0.021500,0.015300,8.5711,0.057200,0.006900,0.000100,0,10.4017,0,0,0,0,0,0,0,50,0,0,0,0,1,1,9,9,2,1,1,4,1,1,1,1,1,1,7,7,1,1,50,9,6,42,76,794,950,0,0,0,0,0,-100,-100,-100,-100,600,1440,107.7673,0,0,-0.000000,-1,0,0,0,1,0,13.7344,5,50,75.1289,13.7344,0,0,48.9844,0,100,0,0,0,0,0,0,0,0,0,0.4597,0.4597,1,0.4597,0.4597,6.3180,8.9635,20141,90,568,135,12265.1055,3604.0703,7254.2305,0,15869.1758,10.5559,2.0004,8.1206,10.5559,2.0004,2.8411,33.3333,5.5279,23.0876,0.000200,0.021800,0.000500,0.000600,0.001600,0.007700,0.000500,0.073200,0,0.020500,0.028900,0.040300,0.3518,0.1974,0.019400,0.006200,0.066200,0,0.046000,0.012200,0.1986,0.005100,0.032200,0.1340,0.016700,0.091100,0.4248,0.6764,0.3396,0.057300,2.4821,0.095200,0.030800,0.039500,0.6888,0.088100,0.001800,0.002600,0.061200,0.1986,0.050200,0.000600,0.6094,978,424688,0,2381,1357,0,0.9290,0,0,0,0.008000,0,0,0,0,0,0,0,0,0,0,0,0,0,0,0,0,0,0,0
,0.014500,0.017700,2,64,0,62,0,0,13,233,26,0,454,3,0,0,12,2,0,0,0,0,0.008300,0.007500,0.3503,0.005600,0.009600,0.001000,0.8893,0.1733,0.053400,0.1365,0,0.030200,0.007200,1,768,256,11229,3565.7148,15494.9102,239.1602,0.001800,3,0,0.007500,0.002000,0.014600,0.1837,0,0,0.062500,0.3057,2.6150,0.081800,0.000300,0.001400,0.000300,0.000300,0.007000,0.007800,0.050000,0.005900,0.035500,0.1149,0.012900,0.008100,1.9241,0.032900,0.010200,0.043500,0.012500,0.019300,0.078300,0.010600,0.082000,0.002100,0.079900,0.008700,0.072500,0.5989,0.004400,2.3624,0.000300,0.1910,0.000600,0.000400,0.033000,0.3088,0.6472,0.026700,1.0536,0.1907,0.002200,0.009600,0.000300,0.037000,0.097900,9.0145,8.7628,13.0955,634,16,0.2500,0,16,3.8438,1,0,0,629,1,0,115,102,13,0,-1,-1,0,-1,-1,13.9904,4.9185,0,1525.2227,1525.2227,1525.0977,95,873,561,322,0,0,0.000800,0,0,0.015100,0.080900,0.000600,0.012200,0.069500,0.041600,0.001000,0.001600,0.000200,0.001400,0.005900,0.001100,0.003800,0.023000,0.1548,0.058800,0.084400,0.1669,0.038900,0.1601,0.024300,0.1248,0.000200,0.001500,0.064000,0.008300,0.001200,0.000500,0.026200,0.005800,0.012100,0.001100,0.1393,0.015700,0.042400,0.1913,0.068600,0.001200,0.059900,0.002800,0.016700,0.023500,0.016500,8.3519,0.063700,0.007600,0.000200,0,10.5606,0,0,0,0,0,0,0,50,0,0,0,0,1,1,9,9,2,1,1,4,1,1,1,1,1,1,7,7,1,1,50,9,6,42,76,794,950,0,0,0,0,0,-100,-100,-100,-100,600,1440,107.7673,0,0,-0.000000,-1,0,0,0,1,0,13.7344,5,50,75.1289,13.7344,0,0,48.9844,0,100,0,0,0,0,0,0,0,0,0,0.4658,0.4658,1,0.4658,0.4658,16.7486,8.9635,20141,90,568,135,12265.1055,3604.0703,7254.2305,0,15869.1758,10.4235,2.0356,7.3665,10.4235,2.0369,2.9064,33.3333,5.4518,23.4110,0.000300,0.022800,0.000600,0.000600,0.001600,0.012100,0.000600,0.075400,0,0.018500,0.026900,0.034900,0.3496,0.1937,0.023600,0.005100,0.067000,0,0.046400,0.014100,0.1904,0.006100,0.033200,0.1349,0.015100,0.088300,0.6705,0.7638,0.3244,0.056300,2.7166,0.094200,0.032700,0.038800,0.7083,0.097300,0.002300,0.002600,0.063200,0.1976,0.049100,0.000700,0.6731,946,404106,0,0,0,0,0,0,0.001700,0.001500,0.008600,0,0,0,0,0,0,0,0,0,0,0,0,0,0,0,0,0,0,0
,0.019600,0.017300,2,57,0,55,0,0,13,233,10,0,454,3,0,0,12,2,0,0,0,0,0.008800,0.003600,0.4108,0.006400,0.009400,0.001000,0.9234,0.2129,0.059100,0.1342,0.001000,0.027100,0.002900,0,768,256,11229,3565.7148,15494.9102,239.1602,0.001500,4,0.000200,0.008200,0.001900,0.014500,0.1952,0,0,0.058500,0.3334,2.7198,0.069800,0.000300,0.001400,0.000200,0.000200,0.008100,0.007900,0.044900,0.005100,0.036400,0.1132,0.011000,0.006900,1.4742,0.027700,0.008600,0.030100,0.012500,0.019000,0.086000,0.010100,0.080500,0.002000,0.080700,0.008100,0.076900,0.6507,0.005900,2.3892,0.000400,0.2027,0.000600,0.000300,0.030400,0.3098,1.2951,0.026100,1.0725,0.1599,0.002200,0.010500,0.000500,0.038500,0.1122,9.7851,8.7628,13.0955,634,16,0.2500,0,16,3.8438,1,0,0,629,1,0,115,102,13,0,-1,-1,0,-1,-1,13.9904,4.9185,0,1525.2227,1525.2227,1525.0977,95,875,561,322,0,0,0.001000,0,0,0.015700,0.088500,0.000700,0.013800,0.073100,0.041800,0.000800,0.001500,0.000100,0.001500,0.006400,0.000900,0.004000,0.023000,0.1584,0.059800,0.078900,0.1521,0.043900,0.2680,0.018500,0,0.000400,0.005700,0.074400,0.008900,0.001400,0.000500,0.026300,0.006100,0.025000,0.001300,0.1488,0.016100,0.046600,0.2204,0.068900,0.001200,0.051300,0.002300,0.035800,0.025000,0.018600,9.1409,0.067800,0.006600,0.000300,0,10.3756,0,0,0,0,0,0,0,50,0,0,0,0,1,1,9,9,2,1,1,4,1,1,1,1,1,1,7,7,1,1,50,9,6,42,76,794,950,0,0,0,0,0,-100,-100,-100,-100,600,1440,107.7673,0,0,-0.000000,-1,0,0,0,1,0,13.7344,5,50,75.1289,13.7344,0,0,48.9844,0,100,0,0,0,0,0,0,0,0,0,0.4477,0.4477,1,0.4477,0.4477,27.9655,8.9635,20141,90,568,135,12264.2383,3604.0703,7254.2305,0,15869.1758,11.2025,2.0306,7.9219,11.2025,2.0316,2.9386,33.3333,5.4483,21.3856,0.000500,0.022300,0.000700,0.000700,0.001800,0.008400,0.001800,0.071600,0,0.020600,0.026500,0.035100,0.3596,0.1883,0.018400,0.006100,0.066300,0,0.045900,0.013300,0.1966,0.005100,0.032800,0.1347,0.015800,0.089300,0.4297,0.6785,0.3695,0.057400,3.3367,0.097300,0.032800,0.039500,0.6928,0.082500,0.002000,0.002600,0.065000,0.1956,0.050200,0.000700,0.6104,927,386360,0,0,0,0,0,0,0.001900,0.001200,0.007300,0,0,0,0,0,0,0,0,0,0,0,0,0,0,0,0,0,0,0
,0.020300,0.009000,2,57,0,55,0,0,13,233,13,0,454,3,0,0,12,2,0,0,0,0,0.017400,0.015300,0.3767,0.005500,0.009000,0.000900,0.9018,0.1880,0.055100,0.1345,0.002600,0.041300,0.001900,1,768,256,11229,3565.7148,15494.9102,239.1602,0.003100,5,0.000500,0.068100,0.002700,0.014100,0.1854,0,0,0.061400,0.3111,2.5676,0.070700,0.000300,0.001200,0.000300,0.000200,0.007000,0.008300,0.040300,0.005200,0.032300,0.1067,0.011800,0.006800,0.9285,0.027800,0.009400,0.029200,0.011700,0.019900,0.092700,0.010000,0.075300,0.001900,0.082800,0.008300,0.072600,0.6021,0.005000,2.3359,0.000200,0.1870,0.000600,0.000500,0.029400,0.3742,0.6962,0.027600,0.9704,0.4505,0.003000,0.015100,0.001300,0.097500,0,10.1617,8.7628,13.0955,634,16,0.2500,0,16,3.8438,1,0,0,629,1,0,115,102,13,0,-1,-1,0,-1,-1,13.9904,4.9185,0,1525.2227,1525.2227,1441.5039,95,878,561,322,0,0,0.000800,0,0,0.016000,0.083700,0.000600,0.012900,0.070400,0.041700,0.000900,0.001800,0.000300,0.002000,0.006800,0.001000,0.004100,0.024400,0.1273,0.059100,0.078900,0.1580,0.054500,0.2153,0.020600,0.062000,0.000200,0.001600,0.061900,0.009000,0.001100,0.000400,0.027000,0.006400,0.012300,0.001400,0.1385,0.014800,0.042100,0.2151,0.073000,0.001300,0.045200,0.002600,0.035400,0.023800,0.019000,9.5853,0.065800,0.006800,0.000200,0,11.2555,0,0,0,0,0,0,0,50,0,0,0,0,1,1,9,9,2,1,1,4,1,1,1,1,1,1,7,7,1,1,50,9,6,42,76,794,950,0,0,0,0,0,-100,-100,-100,-100,600,1440,107.7673,0,0,-0.000000,-1,0,0,0,1,0,13.7344,5,50,75.1289,13.7344,0,0,48.9844,0,100,0,0,0,0,0,0,0,0,0,0.4354,0.4354,1,0.4354,0.4354,39.5982,8.9635,20141,90,568,135,12261.0469,3604.0703,7254.2305,0,15868.3086,11.5397,2.0671,8.2834,11.5397,2.0671,3.0022,33.3333,5.6284,20.9343,0.000700,0.021000,0.000500,0.000700,0.001800,0.007200,0.000600,0.070900,0,0.018500,0.025500,0.038300,0.3427,0.1888,0.020500,0.005100,0.066400,0,0.043400,0.015600,0.1900,0.006200,0.032700,0.1349,0.015300,0.093600,0.4129,0.7093,0.3164,0.057300,2.1247,0.095300,0.030700,0.039600,0.6858,0.099100,0.004500,0.004400,0.063100,0.1987,0.049200,0.000600,0.6122,931,400298,0,0,0,0,0,0,0,0,0.009300,0,0,0,0,0,0,0,0,0,0,0,0,0,0,0,0,0,0,0
,0.018400,0.3192,2,56,0,54,0,0,13,233,12,0,454,3,0,0,12,2,0,0,0,0,0,0.011200,0.3640,0.006000,0.011200,0.000800,0.9447,0.2017,0.067800,0.1510,0.001500,0.028300,0.001800,0,768,256,11229,3565.7148,15494.9102,239.1602,0.001400,5,0.000300,0.010200,0.002400,0.014900,0.1697,0,0,0.099600,0.2138,2.5185,0.069800,0.000200,0.001200,0.000200,0.000400,0.006900,0.008400,0.044800,0.005600,0.032000,0.1657,0.011400,0.006400,1.6891,0.028600,0.008300,0.032800,0.011900,0.019500,0.077600,0.012800,0.077800,0.002100,0.086400,0.007800,0.069100,0.5975,0.004700,2.3101,0.000200,0.1762,0.000400,0.000300,0.027500,0.3654,0.5802,0.023100,0.8898,0.1225,0.001600,0.010000,0.000500,0.032800,0,8.2677,8.7628,13.0955,634,16,0.2500,0,16,3.8438,1,0,0,629,1,0,115,102,13,0,-1,-1,0,-1,-1,13.9904,4.9185,0,1525.2227,1525.2227,1525.0977,95,871,551,322,0,0,0.000800,0,0,0.014900,0.078900,0.000500,0.012500,0.070800,0.042500,0.001200,0.001600,0.000500,0.001500,0.006600,0.000900,0.004100,0.023000,0.1458,0.061700,0.084700,0.1646,0.044500,0.8072,0.016600,0,0.000200,0.001700,0.064800,0.009300,0.001500,0.000400,0.028600,0.006600,0.012700,0.001100,0.1409,0.016600,0.052800,0.1966,0.066100,0.001200,0.027700,0.002900,0.016500,0.023300,0.019500,7.6526,0.067900,0.007100,0.000200,0,11.6744,0,0,0,0,0,0,0,50,0,0,0,0,1,1,9,9,2,1,1,4,1,1,1,1,1,1,7,7,1,1,50,9,6,42,76,794,950,0,0,0,0,0,-100,-100,-100,-100,600,1440,107.7673,0,0,-0.000000,-1,0,0,0,1,0,13.7344,5,50,75.1289,13.7344,0,0,48.9844,0,100,0,0,0,0,0,0,0,0,0,0.4245,0.4245,1,0.4245,0.4245,49.9239,8.9635,20141,90,568,135,12260.9258,3604.0703,7254.2305,0,15865.1172,10.4055,2.6415,7.3789,10.4055,2.6415,2.9903,33.3333,5.6112,21.7153,0.000200,0.022500,0.000600,0.000600,0.001400,0.013100,0.000600,0.075600,0.001000,0.019400,0.027800,0.036100,0.7957,0.3201,0.021500,0.006100,0.067200,0,0.046700,0.014600,0.1883,0.006200,0.038200,0.1826,0.027100,0.1054,0.4166,0.6932,0.3836,0.056300,2.0790,0.096300,0.030700,0.038900,0.6895,0.085700,0.001900,0.002400,0.061600,0.1977,0.049100,0.000600,0.6392,1001,402132,0,0,0,0,0,0,0,0,0.008300,0,0,0,0,0,0,0,0,0,0,0,0,0,0,0,0,0,0,0
,0.018500,0.009100,2,73,0,71,0,0,14,233,27,0,454,3,0,0,13,2,0,0,0,0,0.009600,0,0.3334,0.005700,0.009600,0.001200,0.8590,0.1744,0.049100,0.1205,0,0.026900,0,0,768,256,11229,3565.7148,15494.9102,239.1602,0.001500,4,0.000400,0.009400,0.001900,0.013000,0.1791,0,0,0.056700,0.2286,2.5987,0.065100,0.000200,0.001300,0.000200,0.000500,0.006300,0.006900,0.046000,0.006100,0.035600,0.1358,0.011400,0.006400,1.2123,0.026400,0.008000,0.029200,0.011400,0.019400,0.087000,0.012900,0.1880,0.002000,0.081400,0.008700,0.070400,0.5966,0.005000,2.3815,0.000300,0.2018,0.000600,0.000300,0.029300,0.4170,0.7911,0.024200,0.9089,0.1744,0.001800,0.009900,0.000500,0.033100,0.1348,8.8587,8.7628,13.0955,634,16,0.2500,0,16,3.8438,1,0,0,629,1,0,115,102,13,0,-1,-1,0,-1,-1,13.9904,4.9185,0,1525.2227,1525.2227,1525.0977,95,875,561,322,0,0,0.000900,0,0,0.015100,0.081400,0.000500,0.012200,0.072200,0.055400,0.001000,0.001800,0.000200,0.001700,0.006700,0.001000,0.004000,0.024800,0.1360,0.059700,0.084300,0.1503,0.044300,0.1588,0.020000,0.081000,0.000300,0.001500,0.068000,0.009100,0.001600,0.000500,0.027700,0.006800,0.012400,0.001500,0.1422,0.015100,0.042300,0.2173,0.070200,0.001400,0.045700,0.003100,0.033800,0.022800,0.018600,8.2774,0.057000,0.006500,0.000100,0,10.3576,0,0,0,0,0,0,0,50,0,0,0,0,1,1,9,9,2,1,1,4,1,1,1,1,1,1,7,7,1,1,50,9,6,42,76,794,950,0,0,0,0,0,-100,-100,-100,-100,600,1440,107.7673,0,0,-0.000000,-1,0,0,0,1,0,13.7344,5,50,75.1289,13.7344,0,0,48.9844,0,100,0,0,0,0,0,0,0,0,0,0.3972,0.3972,1,0.3972,0.3972,60.2895,8.9635,20141,90,568,135,12260.9688,3604.0703,7254.2305,0,15864.9961,10.3805,2.1305,7.6322,10.3805,2.1305,3.2015,33.3333,5.4395,23.0578,0.000200,0.022100,0.000600,0.000700,0.001600,0.007000,0.001600,0.072800,0,0.018500,0.026400,0.039600,0.3309,0.2896,0.019400,0.006200,0.066600,0,0.045700,0.013900,0.1848,0,0.032500,0.1363,0.015800,0.086800,1.3476,0.6910,0.3939,0.057300,2.0677,0.094300,0.030700,0.038300,0.6918,0.089300,0.004000,0.005100,0.063500,0.1976,0.050200,0.000700,0.6170,965,397236,0.1839,0,0,0,0,0,0.008500,0,0.008500,0,0,0,0,0,0,0,0,0,0,0,0,0,0,0,0,0,0,0
,0.013900,0.006800,2,64,0,62,0,0,13,233,42,0,454,3,0,0,12,2,0,0,0,0,0.008700,0.011700,0.3257,0.005800,0.009700,0.001100,0.8608,0.2363,0.048500,0.1211,0.002400,0.034900,0,0,768,256,11229,3565.7148,15494.9102,239.1602,0,8,0.000400,0.008800,0.002100,0.014700,0.1735,0,0,0.056100,0.2909,2.4158,0.060400,0.000200,0.001400,0.000200,0.000300,0.006500,0.006500,0.041900,0.005700,0.033200,0.1226,0.011800,0.006400,1.1909,0.025900,0.008900,0.031500,0.011600,0.018700,0.084000,0.008300,0.070600,0.002000,0.071300,0.007800,0.066000,0.5929,0.004400,2.3801,0.000200,0.2098,0.000600,0.000300,0.030400,0.3000,0.6059,0.023000,0.9143,0.1549,0.002100,0.009800,0.000400,0.035100,0.2617,9.1806,8.7628,13.0955,634,16,0.2500,0,16,3.8438,1,0,0,629,1,0,115,102,13,0,-1,-1,0,-1,-1,13.9904,4.9185,0,1525.2227,1525.2227,1525.0977,95,870,551,321,0,0,0.000600,0,0,0.015000,0.081500,0.000600,0.012300,0.071200,0.039900,0.000700,0.001700,0.000400,0.001600,0.006800,0.001100,0.003900,0.022600,0.1704,0.055400,0.082400,0.1602,0.042200,0.2241,0.022900,0.095900,0.000300,0.002100,0.068200,0.008700,0.001400,0.000600,0.026900,0.006700,0.012900,0.001200,0.1424,0.014600,0.042300,0.2088,0.069500,0.001000,0.043800,0.003100,0.032100,0.023400,0.018300,8.5275,0.054200,0.005800,0.000100,0,10.2937,0,0,0,0,0,0,0,50,0,0,0,0,1,1,9,9,2,1,1,4,1,1,1,1,1,1,7,7,1,1,50,9,6,42,76,794,950,0,0,0,0,0,-100,-100,-100,-100,600,1440,107.7673,0,0,-0.000000,-1,0,0,0,1,0,13.7344,5,50,75.1289,13.7344,0,0,48.9844,0,100,0,0,0,0,0,0,0,0,0,0.5126,0.5126,1,0.5126,0.5126,8.1090,8.9635,20141,90,568,135,12260.8398,3604.0703,7254.2305,0,15865.0391,10.6331,2.1148,8.2288,10.6331,2.1160,2.7227,33.3333,5.4425,23.2815,0.000600,0.022000,0.000500,0.000700,0.001500,0.009000,0.000600,0.073000,0,0.019500,0.028500,0.039700,0.3473,0.1920,0.018400,0.005100,0.061200,0,0.046100,0.012500,0.1826,0.005100,0.031800,0.1380,0.016000,0.093400,0.4263,0.6912,0.3353,0.055300,2.4844,0.095200,0.030700,0.039600,0.6953,0.091600,0.001900,0.002400,0.061000,0.1946,0.050200,0.000600,0.6083,932,387556,0,2362,1330,0,1.0054,0,0.001600,0.001300,0.008200,0,0,0,0,0,0,0,0,0,0,0,0,0,0,0,0,0,0,0
,0.023800,0.005600,2,57,0,55,0,0,13,233,13,0,454,3,0,0,12,2,0,0,0,0,0.009100,0.010700,0.3500,0.005800,0.008900,0.000900,0.8542,0.1810,0.052900,0.1232,0.000900,0.028900,0,0,768,256,11229,3565.7148,15494.9102,239.1602,0.009400,5,0.000400,0.009200,0.002100,0.015500,0.1896,0,0,0.054900,0.2974,2.4759,0.067800,0.000200,0.001300,0.000300,0.000200,0.006600,0.006300,0.047400,0.005700,0.032900,0.1329,0.010000,0.006100,1.4214,0.028300,0.008700,0.032200,0.012200,0.020300,0.096800,0.012300,0.079300,0.002300,0.1202,0.008200,0.066900,0.5958,0.004600,2.3220,0.000200,0.1801,0.000500,0.000300,0.028300,0.3474,0.7921,0.023600,0.8938,0.1871,0.001700,0.009800,0.000600,0.033100,0.2598,8.7679,8.7628,13.0955,634,16,0.2500,0,16,3.8438,1,0,0,629,1,0,115,102,13,0,-1,-1,0,-1,-1,13.9904,4.9185,0,1525.2227,1525.2227,1525.0977,95,871,551,321,0,0,0.000900,0,0,0.014700,0.085300,0.000800,0.011800,0.065500,0.038700,0.000900,0.001800,0.000400,0.001800,0.007400,0.001000,0.004200,0.023900,0.1281,0.055900,0.075700,0.1415,0.053000,0.2504,0.020100,0,0.000300,0.001600,0.060400,0.007800,0.001300,0.000500,0.023500,0.006200,0.011300,0.001300,0.1342,0.014300,0.039900,0.1903,0.072900,0.001300,0.042700,0.002600,0.017900,0.023400,0.017300,8.1210,0.072100,0.006000,0.000100,0,10.7201,0,0,0,0,0,0,0,50,0,0,0,0,1,1,9,9,2,1,1,4,1,1,1,1,1,1,7,7,1,1,50,9,6,42,76,794,950,0,0,0,0,0,-100,-100,-100,-100,600,1440,107.7673,0,0,-0.000000,-1,0,0,0,1,0,13.7344,5,50,75.1289,13.7344,0,0,48.9844,0,100,0,0,0,0,0,0,0,0,0,0.4287,0.4287,1,0.4287,0.4287,18.2701,8.9635,20141,90,568,135,12263.0664,3604.0703,7254.2305,0,15864.9102,10.1445,2.0415,7.3524,10.1445,2.0432,2.8589,33.3333,5.6768,24.2714,0.000300,0.021100,0.000600,0.000600,0.001600,0.007200,0.000500,0.073000,0.001000,0.024500,0.026400,0.037600,0.3565,0.2325,0.020500,0.005100,0.062400,0,0.043100,0.022100,0.1708,0,0.032600,0.1276,0.017600,0.099200,0.8676,0.7153,0.3163,0.056300,2.4513,0.093200,0.035800,0.047800,0.6865,0.092900,0.002200,0.004600,0.061300,0.1976,0.049100,0.000500,0.6268,944,389688,0,0,0,0,0,0,0,0.001900,0.008600,0,0,0,0,0,0,0,0,0,0,0,0,0,0,0,0,0,0,0
,0.011100,0.010700,2,60,0,58,0,0,13,233,29,0,454,3,0,0,12,2,0,0,0,0,0.008800,0,0.3123,0.005000,0.009000,0.000800,0.8327,0.3592,0.050100,0.1193,0.001400,0.047400,0,0,768,256,11229,3565.7148,15494.9102,239.1602,0.016500,4,0.000200,0.007800,0.002100,0.019200,0.1971,0,0,0.067600,0.2755,2.4295,0.055100,0.000200,0.001200,0.000300,0.000200,0.006900,0.006300,0.040600,0.004700,0.028600,0.1930,0.010200,0.006400,0.6235,0.025200,0.009200,0.028100,0.011900,0.018300,0.1183,0.013100,0.069900,0.002400,0.1137,0.009700,0.067500,0.5892,0.004400,2.3395,0.000200,0.1895,0.000600,0.000500,0.029900,0.3153,0.6360,0.025400,0.9243,0.4311,0.002000,0.010100,0.000600,0.035300,0,9.1444,8.7628,13.0955,634,16,0.2500,0,16,3.8438,1,0,0,629,1,0,115,102,13,0,-1,-1,0,-1,-1,13.9904,4.9185,0,1525.2227,1525.2227,1525.0977,95,871,551,321,0,0,0.000800,0,0,0.014500,0.079700,0.000600,0.010900,0.070800,0.038300,0.000700,0.001700,0.000400,0.001700,0.006300,0.001200,0.003800,0.022100,0.1363,0.055100,0.074100,0.1681,0.046100,0.3339,0.017000,0,0.000200,0.001500,0.067900,0.009500,0.001300,0.000400,0.027200,0.006900,0.012300,0.001100,0.2230,0.016200,0.047000,0.2463,0.070900,0.001200,0.042600,0.002400,0.052000,0.025200,0.017300,8.3939,0.058100,0.006300,0.000100,0,10.1687,0,0,0,0,0,0,0,50,0,0,0,0,1,1,9,9,2,1,1,4,1,1,1,1,1,1,7,7,1,1,50,9,6,42,76,794,950,0,0,0,0,0,-100,-100,-100,-100,600,1440,107.7673,0,0,-0.000000,-1,0,0,0,1,0,13.7344,5,50,75.1289,13.7344,0,0,48.9844,0,100,0,0,0,0,0,0,0,0,0,0.4109,0.4109,1,0.4109,0.4109,28.9729,8.9635,20141,90,568,135,12263.0508,3604.0703,7254.2305,0,15867.1367,10.7184,2.1654,7.7608,10.7184,2.1654,2.9270,33.3333,5.5325,24.6260,0.000600,0.020900,0.000500,0.000500,0.001700,0.007800,0.001600,0.072100,0,0.018500,0.029900,0.038800,0.3341,0.1955,0.018400,0.006100,0.062700,0,0.047300,0.023600,0.1853,0,0.032200,0.1417,0.015500,0.095600,0.4258,0.6850,0.2989,0.056300,2.3234,0.094200,0.030700,0.037900,0.6929,0.1018,0.002100,0.002500,0.060200,0.1977,0.050200,0.000700,0.6128,951,392714,0,0,0,0,0,0.3308,0,0,0.008300,0,0,0,0,0,0,0,0,0,0,0,0,0,0,0,0,0,0,0
,0.1473,0.2349,2,64,0,62,0,0,13,233,26,0,454,3,0,0,12,2,0,0,0,0,0.017400,0.004900,0.3314,0.005800,0.009800,0.001400,0.9080,0.1636,0.049600,0.1237,0,0.033000,0,0,768,256,11229,3565.7148,15494.9102,239.1602,0,7,0.000100,0.010000,0.002600,0.019600,0.1802,0,0,0.058300,0.2483,2.5492,0.065200,0.000200,0.001300,0.000200,0.000300,0.006900,0.006900,0.040800,0.005000,0.030900,0.1277,0.009900,0.005500,1.9647,0.027700,0.007900,0.040300,0.011600,0.018800,0.079100,0.008200,0.066600,0.002000,0.1127,0.007900,0.069700,0.5749,0.004200,2.3210,0.000300,0.1854,0.000500,0.000300,0.027500,0.3152,0.5782,0.023000,0.8822,0.1329,0.001900,0.008900,0.000400,0.034500,0.1164,8.5583,8.7628,13.0955,634,16,0.2500,0,16,3.8438,1,0,0,629,1,0,115,102,13,0,-1,-1,0,-1,-1,13.9904,4.9185,0,1525.2227,1525.2227,1525.0977,95,874,561,321,0,0,0.000700,0,0,0.015700,0.085500,0.000600,0.010900,0.066300,0.037400,0.000800,0.001400,0.000300,0.001600,0.005800,0.000900,0.003500,0.022800,0.1750,0.055600,0.079900,0.1464,0.035000,0.1481,0.024600,0.1144,0.000200,0.001700,0.061500,0.008300,0.000900,0.000700,0.023900,0.006000,0.012000,0.001100,0.1396,0.017200,0.040000,0.1973,0.069400,0.001400,0.042300,0.002500,0.031600,0.022100,0.015200,7.9954,0.058500,0.005800,0.000100,0,10.6596,0,0,0,0,0,0,0,50,0,0,0,0,1,1,9,9,2,1,1,4,1,1,1,1,1,1,7,7,1,1,50,9,6,42,76,794,950,0,0,0,0,0,-100,-100,-100,-100,600,1440,107.7673,0,0,-0.000000,-1,0,0,0,1,0,13.7344,5,50,75.1289,13.7344,0,0,48.9844,0,100,0,0,0,0,0,0,0,0,0,0.4626,0.4626,1,0.4626,0.4626,39.0207,8.9635,20141,90,568,135,12263.0586,3604.0703,7254.2305,0,15867.1211,10.0542,2.1958,7.3932,10.0542,2.1975,2.7959,33.3333,5.6178,24.4630,0.000200,0.020500,0.000600,0.000700,0.002000,0.008700,0.000500,0.077800,0,0.018400,0.019400,0.026500,0.3610,0.1969,0.018400,0.006100,0.066900,0.001000,0.045800,0.025100,0.1800,0,0.032600,0.1342,0.015600,0.089200,0.4232,0.6898,0.3410,0.057300,2.4926,0.095300,0.030700,0.038200,0.6887,0.088200,0.001900,0.002600,0.060900,0.1967,0.049100,0.000600,1.5206,926,385190,0,0,0,0,0,0,0,0.001900,0.008100,0,0,0,0,0,0,0,0,0,0,0,0,0,0,0,0,0,0,0
,0.070300,0.017300,2,57,0,55,0,0,13,233,15,0,454,3,0,0,12,2,0,0,0,0,0.008300,0.010800,0.3274,0.005700,0.008500,0.000900,0.8372,0.2059,0.053400,0.1224,0.003100,0.025000,0,0,768,256,11229,3565.7148,15494.9102,239.1602,0.001500,3,0.000100,0.008200,0.001900,0.019200,0.1735,0,0,0.057800,0.3101,2.4932,0.061600,0.000300,0.001200,0.000300,0.000300,0.007000,0.007100,0.041900,0.005100,0.030600,0.1218,0.010600,0.006100,0.4791,0.026000,0.008300,0.037500,0.013000,0.020300,0.080100,0.009600,0.075900,0.002100,0.1040,0.008800,0.069400,0.6395,0.006200,2.3518,0.000500,0.1966,0.000600,0.000700,0.029700,0.3107,1.4542,0.023100,0.8873,0.1582,0.002000,0.013400,0.000600,0.032700,0.4279,9.2019,8.7628,13.0955,634,16,0.2500,0,16,3.8438,1,0,0,629,1,0,115,102,13,0,-1,-1,0,-1,-1,13.9904,4.9185,0,1525.2227,1525.2227,1525.0977,95,871,551,321,0,0,0.001000,0,0,0.014800,0.079900,0.000500,0.011400,0.063400,0.037800,0.001000,0.001400,0.000400,0.001400,0.006000,0.000900,0.003500,0.022400,0.1702,0.051800,0.074600,0.1449,0.038200,0.1926,0.031600,0.1827,0.000200,0.001800,0.059600,0.007800,0.001200,0.000500,0.025300,0.005800,0.011500,0.001500,0.1329,0.013500,0.038100,0.1854,0.062400,0.001000,0.043200,0.002300,0.016400,0.023500,0.018300,8.5858,0.055200,0.006100,0.000100,0,10.0788,0,0,0,0,0,0,0,50,0,0,0,0,1,1,9,9,2,1,1,4,1,1,1,1,1,1,7,7,1,1,50,9,6,42,76,794,950,0,0,0,0,0,-100,-100,-100,-100,600,1440,107.7673,0,0,-0.000000,-1,0,0,0,1,0,13.7344,5,50,75.1289,13.7344,0,0,48.9844,0,100,0,0,0,0,0,0,0,0,0,0.4402,0.4402,1,0.4402,0.4402,49.7507,8.9635,20141,90,568,135,12263.1758,3604.0703,7254.2305,0,15867.1289,10.7139,2.1814,8.2757,10.7139,2.1826,2.8295,33.3333,5.2418,25.3136,0.000200,0.023100,0.000500,0.000700,0.001600,0.008700,0.001600,0.076000,0,0.019500,0.019800,0.025800,0.3359,0.1867,0.021500,0.006200,0.062300,0,0.047100,0.019700,0.1808,0.005100,0.031800,0.1408,0.015500,0.087700,0.4257,0.6995,0.3437,0.056400,3.2607,0.096300,0.035800,0.040000,0.6925,0.087400,0.002300,0.002600,0.061400,0.1965,0.049100,0.000600,0.5999,949,390862,0,0,0,0,0,0,0,0.001400,0.008600,0,0,0,0,0,0,0,0,0,0,0,0,0,0,0,0,0,0,0
,0.021500,0.005200,2,60,0,58,0,0,13,233,27,0,454,3,0,0,12,2,0,0,0,0,0.016100,0.007000,0.3195,0.005700,0.007100,0.001000,0.8605,0.1878,0.044000,0.3271,0.000900,0.033300,0.002400,0,768,256,11229,3565.7148,15494.9102,239.1602,0.014100,6,0.000400,0.008400,0.002000,0.017200,0.1886,0,0,0.057800,0.2187,2.4449,0.057300,0.000200,0.001200,0.000300,0.000300,0.006600,0.006600,0.039700,0.005100,0.030100,0.1406,0.7471,0.007600,0.1677,0.027300,0.008400,0.031300,0.011700,0.019200,0.085700,0.013800,0.074600,0.002200,0.099600,0.007900,0.069100,0.6025,0.004700,2.2795,0.000300,0.1803,0.000500,0.000400,0.028500,0.3488,0.5952,0.022000,0.8886,0.1222,0.002100,0.010300,0.000500,0.033900,0,9.0876,8.7628,13.0955,634,16,0.2500,0,16,3.8438,1,0,0,629,1,0,115,102,13,0,-1,-1,0,-1,-1,13.9904,4.9185,0,1525.2227,1525.2227,1525.0977,95,874,561,321,0,0,0.001200,0,0,0.014100,0.084100,0.000600,0.011400,0.065100,0.037200,0.000900,0.001600,0.000200,0.001700,0.006300,0.001100,0.004100,0.023200,0.1478,0.054700,0.076100,0.1461,0.045100,0.2674,0.022100,0,0.000300,0.005900,0.060600,0.008600,0.001300,0.000800,0.023300,0.006600,0.010900,0.001100,0.1324,0.014200,0.039000,0.2187,0.068500,0.001300,0.023500,0.003000,0.034300,0.024900,0.018000,8.5538,0.055800,0.006300,0.000200,0,10.7524,0,0,0,0,0,0,0,50,0,0,0,0,1,1,9,9,2,1,1,4,1,1,1,1,1,1,7,7,1,1,50,9,6,42,76,794,950,0,0,0,0,0,-100,-100,-100,-100,600,1440,107.7673,0,0,-0.000000,-1,0,0,0,1,0,13.7344,5,50,75.1289,13.7344,0,0,48.9844,0,100,0,0,0,0,0,0,0,0,0,0.4243,0.4243,1,0.4243,0.4243,60.3864,8.9635,20141,90,568,135,12263.1758,3604.0703,7254.2305,0,15867.2461,10.5799,2.0426,8.1044,10.5799,2.0426,2.8279,33.3333,6.0619,24.3975,0.000300,0.021300,0.000600,0.000600,0.001600,0.007200,0.000600,0.071700,0,0.020500,0.027000,0.037700,0.3537,0.1876,0.022500,0.006200,0.068000,0,0.044300,0.008700,0.1846,0,0.032700,0.1417,0.016200,0.092000,0.4279,0.6853,0.3417,0.056400,2.4859,0.095200,0.030700,0.038100,0.6863,0.087900,0.002000,0.002300,0.060200,0.1955,0.049200,0.000600,0.6096,953,392518,0,0,0,0,0,0,0.002800,0,0.008200,0,0,0,0,0,0,0,0,0,0,0,0,0,0,0,0,0,0,0
,0.016100,0.017200,2,63,0,61,0,0,13,233,30,0,454,3,0,0,12,2,0,0,0,0,0.007200,0.006900,0.3258,0.005000,0.010000,0.001100,0.8439,0.1891,0.051300,0.1245,0.000900,0.024700,0.001000,0,768,256,11229,3565.7148,15494.9102,239.1602,0.002000,5,0.000200,0.008700,0.001700,0.016900,0.1704,0,0,0.055400,0.2556,2.4222,0.065100,0.000200,0.001100,0.000300,0.000200,0.007300,0.005800,0.049300,0.005200,0.032100,0.1353,0.011400,0.006100,1.6176,0.025800,0.007400,0.039700,0.011700,0.018000,0.085800,0.008500,0.072300,0.001900,0.097600,0.008100,0.075200,0.5708,0.004100,2.2772,0.000200,0.1710,0.000600,0.000200,0.025000,0.3525,0.5949,0.024700,0.9001,0.4053,0.001800,0.013800,0.000400,0.047400,0.1624,7.4916,8.7628,13.0955,634,16,0.2500,0,16,3.8438,1,0,0,629,1,0,115,102,13,0,-1,-1,0,-1,-1,13.9904,4.9185,0,1525.2227,1525.2227,1525.0977,95,871,551,321,0,0,0.001000,0,0,0.014500,0.080800,0.000800,0.011400,0.070200,0.040500,0.001100,0.001800,0.000400,0.001700,0.006800,0.001200,0.003900,0.023800,0.1305,0.056900,0.079900,0.1531,0.039400,0.6204,0.014400,0,0.000200,0.001700,0.077500,0.008900,0.001300,0.000400,0.025200,0.006300,0.012900,0.001300,0.1430,0.016600,0.045000,0.2215,0.065500,0.001300,0.030800,0.002400,0.035200,0.023400,0.026000,6.9630,0.058700,0.006600,0.000100,0,10.6756,0,0,0,0,0,0,0,50,0,0,0,0,1,1,9,9,2,1,1,4,1,1,1,1,1,1,7,7,1,1,50,9,6,42,76,794,950,0,0,0,0,0,-100,-100,-100,-100,600,1440,107.7673,0,0,-0.000000,-1,0,0,0,1,0,13.7344,5,50,75.1289,13.7344,0,0,48.9844,0,100,0,0,0,0,0,0,0,0,0,0.4066,0.4066,1,0.4066,0.4066,7.5429,8.9635,20141,90,568,135,12263.2305,3604.0703,7254.2305,0,15867.2461,9.4840,2.4797,7.3770,9.4840,2.4797,2.7408,33.3333,5.4664,24.5951,0.000200,0.021700,0.000600,0.000600,0.001700,0.013500,0.000600,0.075400,0,0.018400,0.027700,0.033800,0.7777,0.2729,0.021500,0.006100,0.068000,0,0.047200,0.008800,0.1921,0.006100,0.038900,0.1891,0.025200,0.1036,0.4296,0.6775,0.3009,0.055200,2.1453,0.094200,0.030700,0.039700,0.6829,0.090800,0.002200,0.005100,0.062500,0.1966,0.049200,0.000600,0.6284,978,396154,0.054600,2360,1338,0,1.2661,0,0,0,0.008600,0,0,0,0,0,0,0,0,0,0,0,0,0,0,0,0,0,0,0
,0.1172,0.005300,2,73,0,71,0,0,14,233,27,0,454,3,0,0,13,2,0,0,0,0,0.008300,0.005900,0.3342,0.005500,0.009900,0.000900,0.8421,0.1719,0.048400,0.1219,0.001000,0.024900,0.002300,0,768,256,11229,3565.7148,15494.9102,239.1602,0.001900,2,0.000400,0.009600,0.002500,0.016800,0.1813,0,0,0.060400,0.2608,2.5106,0.068600,0.000200,0.001300,0.000200,0.000300,0.007100,0.006600,0.040600,0.005100,0.030000,0.1074,0.010900,0.005800,1.1954,0.028700,0.009100,0.030300,0.011400,0.018200,0.069100,0.012000,0.072100,0.002200,0.083400,0.007600,0.073300,0.6130,0.005300,2.4666,0.000200,0.2082,0.000600,0.000800,0.031500,0.3071,0.8903,0.024300,0.9393,0.1120,0.002000,0.009100,0.000500,0.036500,0,9.0922,8.7628,13.0955,634,16,0.2500,0,16,3.8438,1,0,0,629,1,0,115,102,13,0,-1,-1,0,-1,-1,13.9904,4.9185,0,1525.2227,1525.2227,1441.5039,95,876,551,321,0,0,0.001100,0,0,0.014500,0.079700,0.000800,0.012200,0.069700,0.041300,0.000700,0.001800,0.000300,0.001400,0.006400,0.001000,0.003500,0.020900,0.1312,0.055100,0.081100,0.1518,0.045000,0.1558,0.051900,0.1110,0.000200,0.001400,0.061800,0.007800,0.001400,0.000500,0.026200,0.008200,0.012200,0.001000,0.1451,0.016200,0.041200,0.1925,0.068800,0.001100,0.044400,0.002900,0.016400,0.023600,0.018100,8.5263,0.058400,0.006100,0.000100,0,9.3785,0,0,0,0,0,0,0,50,0,0,0,0,1,1,9,9,2,1,1,4,1,1,1,1,1,1,7,7,1,1,50,9,6,42,76,794,950,0,0,0,0,0,-100,-100,-100,-100,600,1440,107.7673,0,0,-0.000000,-1,0,0,0,1,0,13.7344,5,50,75.1289,13.7344,0,0,48.9844,0,100,0,0,0,0,0,0,0,0,0,0.4606,0.4606,1,0.4606,0.4606,18.1394,8.9635,20141,90,568,135,12263.2734,3604.0703,7254.2305,0,15867.3008,10.6256,2.0859,7.5318,10.6256,2.0859,2.8287,33.3333,5.6895,25.0250,0.000300,0.022100,0.000600,0.000800,0.001700,0.007300,0.000600,0.073100,0,0.020400,0.019500,0.031700,0.3669,0.1945,0.020500,0.005100,0.063300,0,0.046600,0.008000,0.2001,0,0.031500,0.1339,0.016000,0.089500,0.4280,0.7961,0.3042,0.062500,2.3204,0.093200,0.031700,0.039100,1.6672,0.058500,0.002200,0.004900,0.073600,0.2059,0.047100,0.000600,0.5954,928,385214,0,0,0,0,0,0,0.009300,0,0.007800,0,0,0,0,0,0,0,0,0,0,0,0,0,0,0,0,0,0,0
,0.013600,0.011300,2,57,0,55,0,0,13,233,17,0,454,3,0,0,12,2,0,0,0,0,0,0.011300,0.3385,0.006900,0.009900,0.001000,0.8674,0.2087,0.053600,0.1247,0,0.023000,0,1,768,256,11229,3565.7148,15494.9102,239.1602,0,2,0.000400,0.009300,0.002400,0.020200,0.1903,0,0,0.058700,0.2439,2.8404,0.063600,0.000300,0.001100,0.000300,0.000400,0.007000,0.006800,0.046900,0.005000,0.034900,0.1269,0.010600,0.005800,0.1516,0.023900,0.007800,0.028200,0.011700,0.019300,0.075400,0.008400,0.071900,0.001900,0.077400,0.010500,0.068900,0.7012,0.006500,2.4333,0.000300,0.1932,0.000500,0.000300,0.029800,0.3166,0.6474,0.024500,0.9417,0.7519,0.001900,0.010100,0.000500,0.034400,0.3934,8.7561,8.7628,13.0955,634,16,0.2500,0,16,3.8438,1,0,0,629,1,0,115,102,13,0,-1,-1,0,-1,-1,13.9904,4.9185,0,1525.2227,1525.2227,1441.5039,95,870,551,322,0,0,0.001100,0,0,0.014700,0.086200,0.000500,0.011400,0.068500,0.038100,0.000900,0.001500,0.000300,0.001800,0.006500,0.001100,0.004000,0.021300,0.1462,0.056200,0.079400,0.1418,0.054100,0.2888,0.019400,0,0.000300,0.001500,0.064300,0.009900,0.001500,0.000600,0.024700,0.006600,0.012300,0.001300,0.1367,0.013700,0.038700,0.2096,0.079300,0.001000,0.043600,0.002600,0.033100,0.024600,0.017100,8.1961,0.057700,0.006400,0.000100,0,10.6668,0,0,0,0,0,0,0,50,0,0,0,0,1,1,9,9,2,1,1,4,1,1,1,1,1,1,7,7,1,1,50,9,6,42,76,794,950,0,0,0,0,0,-100,-100,-100,-100,600,1440,107.7673,0,0,-0.000000,-1,0,0,0,1,0,13.7344,5,50,75.1289,13.7344,0,0,48.9844,0,100,0,0,0,0,0,0,0,0,0,0.4517,0.4517,1,0.4517,0.4517,28.5004,8.9635,20141,90,568,135,12263.2070,3604.0703,7254.2305,0,15867.3438,10.3308,2.1464,7.8271,10.3308,2.1474,2.8585,33.3333,5.3687,24.6446,0.000200,0.021600,0.000600,0.000600,0.001700,0.008400,0.000600,0.073300,0.001000,0.019500,0.023800,0.026700,0.3211,0.1975,0.021500,0.006100,0.062500,0,0.046800,0.018900,0.1531,0,0.030300,0.1329,0.015300,0.089400,0.4268,0.6885,0.3090,0.057400,2.3040,0.095200,0.031800,0.039000,0.6874,0.092300,0.002200,0.002400,0.061300,0.2018,0.050200,0.000600,0.6037,919,384240,0,0,0,0,0,0,0,0.001200,0.009000,0,0,0,0,0,0,0,0,0,0,0,0,0,0,0,0,0,0,0
,0.017900,0.005600,2,56,0,54,0,0,13,233,12,0,454,3,0,0,12,2,0,0,0,0,0.016100,0.010300,0.3254,0.006200,0.009000,0.001000,0.8568,0.6290,0.050700,0.1202,0.002300,0.2683,0,1,768,256,11229,3565.7148,15494.9102,239.1602,0.003100,6,0.000700,0.009600,0.001800,0.2322,0.1808,0,0,0.061400,0.2558,2.4626,0.064200,0.000200,0.001100,0.000200,0.001800,0.006200,0.007200,0.041200,0.005700,0.030300,0.1337,0.010500,0.006500,0.9665,0.028700,0.008700,0.028700,0.012500,0.020500,0.086100,0.009400,0.075300,0.001800,0.077000,0.007800,0.068100,0.5976,0.004200,2.3036,0.000300,0.1787,0.000500,0.000300,0.029500,0.3670,0.7275,0.024000,0.9805,0.5441,0.002200,0.012200,0.000600,0.037700,0,8.6428,8.7628,13.0955,634,16,0.2500,0,16,3.8438,1,0,0,629,1,0,115,102,13,0,-1,-1,0,-1,-1,13.9904,4.9185,0,1525.2227,1525.2227,1525.0977,95,870,551,322,0,0,0.000900,0,0,0.017500,0.086500,0.000600,0.013600,0.069000,0.037800,0.000700,0.001500,0.000200,0.001500,0.006000,0.000900,0.004000,0.030700,0.1226,0.055500,0.074700,0.1755,0.043400,0.5320,0.016800,0,0.000400,0.001500,0.062900,0.009600,0.001200,0.000500,0.026600,0.006500,0.012600,0.001000,0.1360,0.015400,0.043200,0.2034,0.070800,0.001000,0.041600,0.002700,0.032400,0.022500,0.016000,8.0745,0.058000,0.006200,0.000100,0,10.3207,0,0,0,0,0,0,0,50,0,0,0,0,1,1,9,9,2,1,1,4,1,1,1,1,1,1,7,7,1,1,50,9,6,42,76,794,950,0,0,0,0,0,-100,-100,-100,-100,600,1440,107.7673,0,0,-0.000000,-1,0,0,0,1,0,13.7344,5,50,75.1289,13.7344,0,0,48.9844,0,100,0,0,0,0,0,0,0,0,0,0.4423,0.4423,1,0.4423,0.4423,38.9312,8.9635,20141,90,568,135,12263.1719,3604.0703,7254.2305,0,15867.2773,10.4707,2.3639,7.2881,10.4707,2.3639,3.0206,33.3333,5.9138,23.5149,0.000200,0.022500,0.000600,0.000600,0.001600,0.008500,0.000600,0.071600,0.001100,0.021600,0.028600,0.038200,0.3565,0.1952,0.020500,0.005100,0.067400,0,0.043700,0.011400,0.1710,0,0.032500,0.1360,0.015600,0.091000,0.4282,0.7784,0.3263,0.056300,3.2822,0.095300,0.031700,0.038900,0.6888,0.098000,0.002000,0.002400,0.063100,0.2018,0.051200,0.000800,0.5981,965,394728,0,0,0,0,0,0,0.002700,0,0.008400,0,0,0,0,0,0,0,0,0,0,0,0,0,0,0,0,0,0,0
,0.027900,0.007000,2,70,0,68,0,0,14,233,27,0,454,3,0,0,13,2,0,0,0,0,0,0.008700,0.3363,0.005700,0.010200,0.001100,0.9180,0.2065,0.055400,0.1315,0.001100,0.029600,0,0,768,256,11229,3565.7148,15494.9102,239.1602,0.002000,3,0.000100,0.008800,0.002100,0.013200,0.2094,0,0,0.060300,0.2355,2.6409,0.072600,0.000400,0.001400,0.000200,0.000200,0.008400,0.009200,0.043000,0.005100,0.032400,0.1678,0.010700,0.005600,1.2217,0.031300,0.009400,0.030500,0.012600,0.018900,0.083900,0.010600,0.075900,0.002300,0.083100,0.008300,0.073000,0.6026,0.005400,2.3118,0.000400,0.1965,0.000600,0.000300,0.031300,0.3179,0.6764,0.026000,0.9559,0.5325,0.002000,0.012200,0.000700,0.039400,0,8.2938,8.7628,13.0955,634,16,0.2500,0,16,3.8438,1,0,0,629,1,0,115,102,13,0,-1,-1,0,-1,-1,13.9904,4.9185,0,1525.2227,1525.2227,1525.0977,95,873,561,322,0,0,0.001100,0,0,0.014600,0.077400,0.000400,0.011700,0.070900,0.042700,0.000900,0.001900,0.000200,0.001800,0.006600,0.000900,0.003600,0.023600,0.1389,0.059600,0.080100,0.1663,0.039500,0.6526,0.016400,0,0.000400,0.002200,0.072400,0.010600,0.001700,0.000600,0.029800,0.007700,0.013500,0.001400,0.1479,0.016100,0.044900,0.2042,0.068800,0.001900,0.040700,0.002400,0.017300,0.022600,0.023100,7.7171,0.060900,0.006900,0.000100,0,10.4420,0,0,0,0,0,0,0,50,0,0,0,0,1,1,9,9,2,1,1,4,1,1,1,1,1,1,7,7,1,1,50,9,6,42,76,794,950,0,0,0,0,0,-100,-100,-100,-100,600,1440,107.7673,0,0,-0.000000,-1,0,0,0,1,0,13.7344,5,50,75.1289,13.7344,0,0,48.9844,0,100,0,0,0,0,0,0,0,0,0,0.4146,0.4146,1,0.4146,0.4146,49.1771,8.9635,20141,90,568,135,12257.1875,3604.0703,7254.2305,0,15867.2422,10.2221,2.5108,8.2021,10.2221,2.5108,2.7802,33.3333,5.5908,23.1615,0.000600,0.022300,0.000500,0.000600,0.002000,0.011800,0.000600,0.074800,0.001000,0.025500,0.028400,0.035200,0.3409,0.2196,0.020500,0.006200,0.067000,0,0.046000,0.014000,0.1798,0,0.032100,0.1364,0.019800,0.1017,0.4154,0.6418,0.3918,0.057300,2.0666,0.092200,0.031700,0.039400,0.6862,0.088500,0.001900,0.002500,0.062600,0.1988,0.050100,0.000700,0.6896,964,397224,0,0,0,0,0,0,0,0,0.007400,0,0,0,0,0,0,0,0,0,0,0,0,0,0,0,0,0,0,0
,0.015800,0.006600,2,64,0,62,0,0,13,233,41,0,454,3,0,0,12,2,0,0,0,0,0.009500,0.013000,0.3499,0.006200,0.009300,0.001200,0.9429,0.1789,0.057900,0.1377,0,0.039500,0,0,768,256,11229,3565.7148,15494.9102,239.1602,0,5,0.000200,0.007800,0.001900,0.015300,0.1909,0,0,0.057700,0.2300,2.6594,0.060800,0.000200,0.001300,0.000200,0.000400,0.007700,0.006100,0.041000,0.005500,0.031500,0.2527,0.010900,0.006300,0.2535,0.023100,0.007000,0.028300,0.011400,0.018000,0.087900,0.008800,0.074800,0.001900,0.076200,0.009000,0.074800,0.5900,0.004600,2.3066,0.000200,0.1821,0.000700,0.000300,0.027700,0.3183,0.6648,0.024200,0.9202,0.097400,0.001800,0.009900,0.000400,0.033900,0.092900,9.0496,8.7628,13.0955,634,16,0.2500,0,16,3.8438,1,0,0,629,1,0,115,102,13,0,-1,-1,0,-1,-1,13.9904,4.9185,0,1525.2227,1525.2227,1525.0977,95,875,561,322,0,0,0.001100,0,0,0.015800,0.083900,0.000700,0.011800,0.069200,0.039800,0.001400,0.001700,0.000200,0.001800,0.006800,0.001400,0.004400,0.022600,0.1804,0.061600,0.079800,0.1647,0.045200,0.1489,0.026400,0.1049,0.000300,0.001600,0.064100,0.008300,0.001100,0.000800,0.024400,0.006200,0.011500,0.001100,0.1424,0.013100,0.040800,0.2166,0.074100,0.001200,0.044700,0.002700,0.035400,0.024500,0.020200,8.4470,0.058400,0.006200,0.000100,0,10.2431,0,0,0,0,0,0,0,50,0,0,0,0,1,1,9,9,2,1,1,4,1,1,1,1,1,1,7,7,1,1,50,9,6,42,76,794,950,0,0,0,0,0,-100,-100,-100,-100,600,1440,107.7673,0,0,-0.000000,-1,0,0,0,1,0,13.7344,5,50,75.1289,13.7344,0,0,48.9844,0,100,0,0,0,0,0,0,0,0,0,0.4681,0.4681,1,0.4681,0.4681,59.7963,8.9635,20141,90,568,135,12257.4727,3604.0703,7254.2305,0,15861.2578,10.6466,2.1658,7.1984,10.6466,2.1658,2.9921,33.3333,5.4327,22.8710,0.000300,0.022500,0.000600,0.000600,0.001700,0.007400,0.000600,0.072400,0,0.030800,0.020300,0.026000,0.3403,0.1983,0.018500,0.005100,0.062500,0,0.046700,0.011700,0.1913,0.005100,0.032500,0.1408,0.014800,0.089300,0.4294,0.6792,0.2849,0.057400,2.0747,0.094200,0.031800,0.038800,0.7000,0.065700,0.002000,0.002500,0.061700,0.1967,0.050100,0.000600,0.6071,925,386336,0,0,0,0,0,0,0,0,0.008300,0,0,0,0,0,0,0,0,0,0,0,0,0,0,0,0,0,0,0
,0.017900,0.013300,2,57,0,55,0,0,13,233,11,0,454,3,0,0,12,2,0,0,0,0,0.019200,0.015200,0.3165,0.005600,0.009700,0.001200,0.8272,0.2130,0.051800,0.1268,0.002100,0.023500,0,0,768,256,11229,3565.7148,15494.9102,239.1602,0.003200,6,0.000100,0.008200,0.001600,0.013000,0.1764,0,0,0.056000,0.2869,2.4822,0.063200,0.000300,0.001400,0.000300,0.000300,0.007200,0.006500,0.041700,0.004600,0.030800,0.1427,0.011100,0.006000,1.6200,0.028800,0.009900,0.030700,0.012300,0.083300,0.072900,0.009700,0.070900,0.002300,0.076100,0.007500,0.068300,0.6081,0.005300,2.3474,0.000300,0.1819,0.000500,0.000300,0.032500,0.3183,0.6963,0.027100,0.9224,0.5595,0.002600,0.010700,0.000500,0.088500,0.098800,7.7830,8.7628,13.0955,634,16,0.2500,0,16,3.8438,1,0,0,629,1,0,115,102,13,0,-1,-1,0,-1,-1,13.9904,4.9185,0,1525.2227,1525.2227,1441.5039,95,873,561,322,0,0,0.001100,0,0,0.015000,0.079900,0.000300,0.010700,0.067300,0.039100,0.001000,0.001400,0.000300,0.001800,0.006000,0.001000,0.003800,0.023000,0.1372,0.054800,0.076200,0.1527,0.051100,0.3079,0.018400,0,0.000200,0.001500,0.063400,0.008700,0.001200,0.000400,0.026900,0.006100,0.012300,0.001100,0.1412,0.016100,0.041800,0.2118,0.069400,0.001200,0.020800,0.003300,0.032500,0.023600,0.017000,7.2790,0.058400,0.007300,0.000100,0,10.5667,0,0,0,0,0,0,0,50,0,0,0,0,1,1,9,9,2,1,1,4,1,1,1,1,1,1,7,7,1,1,50,9,6,42,76,794,950,0,0,0,0,0,-100,-100,-100,-100,600,1440,107.7673,0,0,-0.000000,-1,0,0,0,1,0,13.7344,5,50,75.1289,13.7344,0,0,48.9844,0,100,0,0,0,0,0,0,0,0,0,0.4273,0.4273,1,0.4273,0.4273,6.8989,8.9635,20141,90,568,135,12263.5820,3604.0703,7254.2305,0,15861.5430,9.2902,2.0958,7.3204,9.2902,2.0969,2.9705,33.3333,6.0118,23.4486,0.000200,0.020800,0.000500,0.000600,0.001900,0.007800,0.000700,0.076300,0,0.019500,0.019600,0.039500,0.3608,0.1902,0.019500,0.006100,0.062400,0,0.046600,0.010800,0.1893,0.005100,0.032500,0.1429,0.015500,0.091800,0.4330,0.6914,0.3462,0.055300,2.4777,0.1014,0.9441,0.039000,0.7021,0.088500,0.002100,0.002400,0.061700,0.2007,0.051200,0.000600,0.6043,957,393252,0,2390,1335,0,1.0797,0,0.001800,0.001300,0.008800,0,0,0,0,0,0,0,0,0,0,0,0,0,0,0,0,0,0,0
,0.028900,0.3518,2,60,0,58,0,0,13,233,27,0,454,3,0,0,12,2,0,0,0,0,0.012200,0.007100,0.3346,0.005400,0.008300,0.001100,0.8906,0.2080,0.061100,0.1380,0.001500,0.031900,0,0,768,256,11229,3565.7148,15494.9102,239.1602,0.001500,4,0.000400,0.011100,0.002500,0.015000,0.1810,0,0,0.066000,0.2248,2.5253,0.067900,0.000200,0.001200,0.000200,0.000200,0.008900,0.008500,0.042300,0.005900,0.031800,0.1398,0.010300,0.006200,0.9217,0.037700,0.009000,0.032600,0.013500,0.018700,0.090700,0.009600,0.072900,0.002400,0.079800,0.007600,0.069900,0.5752,0.004400,2.2965,0.000400,0.1811,0.000500,0.000400,0.028200,0.3551,0.6450,0.024000,0.8941,0.1045,0.002000,0.010000,0.000400,0.032700,0,9.4595,8.7628,13.0955,634,16,0.2500,0,16,3.8438,1,0,0,629,1,0,115,102,13,0,-1,-1,0,-1,-1,13.9904,4.9185,0,1525.2227,1525.2227,1525.0977,95,874,561,322,0,0,0.000800,0,0,0.014800,0.080700,0.000700,0.011200,0.071800,0.041500,0.000900,0.001500,0.000300,0.001500,0.006400,0.000800,0.003700,0.021200,0.1555,0.058300,0.085100,0.1551,0.036800,0.1938,0.026100,0.095600,0.000200,0.001400,0.065500,0.008800,0.001200,0.000600,0.028300,0.006300,0.011900,0.000900,0.1382,0.014200,0.042400,0.1928,0.066900,0.001200,0.042700,0.002500,0.018500,0.023500,0.017000,8.9052,0.060100,0.007500,0.000100,0,9.4017,0,0,0,0,0,0,0,50,0,0,0,0,1,1,9,9,2,1,1,4,1,1,1,1,1,1,7,7,1,1,50,9,6,42,76,794,950,0,0,0,0,0,-100,-100,-100,-100,600,1440,107.7673,0,0,-0.000000,-1,0,0,0,1,0,13.7344,5,50,75.1289,13.7344,0,0,48.9844,0,100,0,0,0,0,0,0,0,0,0,0.4632,0.4632,1,0.4632,0.4632,17.9423,8.9635,20141,90,568,135,12263.5391,3604.0703,7254.2305,0,15867.6523,11.0767,2.1309,8.2878,11.0767,2.1322,2.8150,33.3333,5.6482,23.1076,0.000200,0.022800,0.000600,0.000700,0.001600,0.008700,0.000500,0.073200,0,0.017400,0.027400,0.035900,0.3398,0.1851,0.019400,0.006200,0.066700,0,0.046500,0.015800,0.2064,0.005100,0.032200,0.1346,0.014900,0.1957,0.4160,0.6970,0.3223,0.057400,2.1403,0.095200,0.030700,0.039700,0.6918,0.090400,0.002000,0.002400,0.061300,0.1976,0.049200,0.000600,0.5957,951,393204,0.2706,0,0,0,0,0,0,0.001500,0.007700,0,0,0,0,0,0,0,0,0,0,0,0,0,0,0,0,0,0,0
,0.018600,0.005900,2,64,0,62,0,0,13,233,23,0,454,3,0,0,12,2,0,0,0,0,0.007900,0.028200,0.3270,0.005400,0.009800,0.001300,0.8589,0.8499,0.054300,0.1329,0.001300,0.025600,0.001300,0,768,256,11229,3565.7148,15494.9102,239.1602,0.002200,3,0,0.008100,0.002300,0.013200,0.2059,0,0,0.056300,0.2308,2.6420,0.070100,0.000200,0.001500,0.000300,0.000200,0.007200,0.006900,0.044100,0.005500,0.032900,0.1435,0.011100,0.006500,1.6377,0.033000,0.009400,0.041100,0.011800,0.018600,0.085400,0.010300,0.073600,0.002000,0.080600,0.007600,0.069700,0.5820,0.004600,2.3240,0.000300,0.1793,0.000500,0.000300,0.029500,0.3681,0.6332,0.024500,0.9061,0.1379,0.002100,0.010900,0.000400,0.034900,0.097100,7.2959,8.7628,13.0955,634,16,0.2500,0,16,3.8438,1,0,0,629,1,0,115,102,13,0,-1,-1,0,-1,-1,13.9904,4.9185,0,1525.2227,1525.2227,1525.0977,95,875,561,322,0,0,0.001200,0,0,0.014200,0.083700,0.000800,0.012000,0.071100,0.043000,0.001200,0.001400,0.000200,0.001800,0.006300,0.001300,0.004200,0.022800,0.1348,0.059800,0.080600,0.1661,0.048600,1.0394,0.017700,0,0.000600,0.002000,0.065400,0.008800,0.001400,0.000400,0.027200,0.007000,0.012400,0.001300,0.1444,0.015600,0.043000,0.2303,0.067900,0.001800,0.050000,0.002400,0.034800,0.023400,0.024900,6.7252,0.058600,0.006600,0.000100,0,11.0222,0,0,0,0,0,0,0,50,0,0,0,0,1,1,9,9,2,1,1,4,1,1,1,1,1,1,7,7,1,1,50,9,6,42,76,794,950,0,0,0,0,0,-100,-100,-100,-100,600,1440,107.7673,0,0,-0.000000,-1,0,0,0,1,0,13.7344,5,50,75.1289,13.7344,0,0,48.9844,0,100,0,0,0,0,0,0,0,0,0,0.4161,0.4161,1,0.4161,0.4161,27.5852,8.9635,20141,90,568,135,12263.5352,3604.0703,7254.2305,0,15867.6094,9.6080,2.8671,7.3400,9.6080,2.8671,3.0673,33.3333,5.5194,23.8391,0.000700,0.017100,0.000500,0.000700,0.001600,0.007100,0.000600,0.073300,0.001000,0.024600,0.027800,0.037400,0.3641,0.2261,0.019400,0.006200,0.066000,0.001000,0.047900,0.014400,0.1898,0.005200,0.031700,0.1362,0.020900,0.1020,0.4376,0.6980,0.3393,0.057400,2.4359,0.095200,0.034800,0.039400,0.6929,0.088500,0.002000,0.002700,0.062400,0.1944,0.050200,0.000600,0.6149,934,386912,0,0,0,0,0,0,0,0,0.008500,0,0,0,0,0,0,0,0,0,0,0,0,0,0,0,0,0,0,0
,0.020600,0.008900,2,57,0,55,0,0,13,233,15,0,454,3,0,0,12,2,0,0,0,0,0.009700,0.003600,0.3253,0.006300,0.009000,0.001200,0.8793,0.1777,0.054100,0.1333,0.000600,0.026500,0,0,768,256,11229,3565.7148,15494.9102,239.1602,0.002000,5,0.000400,0.009500,0.002200,0.015500,0.1914,0,0,0.061700,0.2608,2.6018,0.062500,0.000300,0.001200,0.000200,0.000300,0.006900,0.007300,0.043400,0.004800,0.030800,0.1014,0.011700,0.006200,0.7234,0.028300,0.009100,0.025500,0.011900,0.018100,0.1041,0.009900,0.069800,0.002100,0.078500,0.008800,0.074500,0.6146,0.005200,2.4555,0.000400,0.2233,0.000600,0.000400,0.029700,0.3125,1.0267,0.025000,0.9440,0.1887,0.002200,0.010400,0.000500,0.091900,0.2639,9.0251,8.7628,13.0955,634,16,0.2500,0,16,3.8438,1,0,0,629,1,0,115,102,13,0,-1,-1,0,-1,-1,13.9904,4.9185,0,1525.2227,1525.2227,1441.5039,95,875,561,322,0,0,0.000800,0,0,0.014800,0.080900,0.001000,0.012200,0.069800,0.036500,0.000800,0.001600,0.000300,0.001500,0.006300,0.001000,0.003700,0.020800,0.1334,0.055800,0.079600,0.1688,0.041500,0.1624,0.022700,0.1986,0.000200,0.005400,0.065300,0.010200,0.001300,0.000400,0.025600,0.005800,0.012000,0.001200,0.1435,0.014000,0.040800,0.2041,0.069400,0.001200,0.044900,0.002200,0.031900,0.023000,0.017200,8.4418,0.059200,0.007200,0.000100,0,9.6228,0,0,0,0,0,0,0,50,0,0,0,0,1,1,9,9,2,1,1,4,1,1,1,1,1,1,7,7,1,1,50,9,6,42,76,794,950,0,0,0,0,0,-100,-100,-100,-100,600,1440,107.7673,0,0,-0.000000,-1,0,0,0,1,0,13.7344,5,50,75.1289,13.7344,0,0,48.9844,0,100,0,0,0,0,0,0,0,0,0,0.5178,0.5178,1,0.5178,0.5178,38.1942,8.9635,20141,90,568,135,12263.4688,3604.0703,7254.2305,0,15867.6055,10.6577,2.1984,7.3539,10.6577,2.2002,2.8522,33.3333,5.5529,23.4716,0.000200,0.022900,0.000700,0.000600,0.001800,0.010300,0.000600,0.073100,0,0.016400,0.021200,0.025300,0.3463,0.3054,0.020500,0.006100,0.063900,0,0.044800,0.012700,0.1871,0.005100,0.032100,0.1426,0.015600,0.090900,0.4395,0.6974,0.3778,0.057400,2.0683,0.094200,0.031700,0.039600,1.1226,0.1118,0.002400,0.005200,0.064100,0.2027,0.047100,0.000600,0.6070,1002,401860,0,0,0,0,0,0.1466,0.005000,0.002000,0.007600,0,0,0,0,0,0,0,0,0,0,0,0,0,0,0,0,0,0,0
,0.016100,0.078200,2,76,0,74,0,0,14,233,42,0,454,3,0,0,13,2,0,0,0,0,0,0.007300,0.3282,0.005900,0.008800,0.001100,0.8589,0.2047,0.058500,0.1311,0.001200,0.029000,0.003500,0,768,256,11229,3565.7148,15494.9102,239.1602,0.001700,5,0.000400,0.008800,0.002300,0.015300,0.1799,0,0,0.063300,0.2039,2.4456,0.063400,0.000300,0.001100,0.000200,0.000300,0.006300,0.007300,0.040800,0.005600,0.030900,0.1140,0.010300,0.006400,0.8321,0.026800,0.007900,0.029500,0.011000,0.018300,0.093600,0.009500,0.075100,0.002100,0.073900,0.008500,0.067800,0.5778,0.004100,2.2934,0.000200,0.1902,0.000500,0.000500,0.027900,0.3640,0.6445,0.022700,0.9271,0.1800,0.001600,0.008600,0.000500,0.031400,0,8.8225,8.7628,13.0955,634,16,0.2500,0,16,3.8438,1,0,0,629,1,0,115,102,13,0,-1,-1,0,-1,-1,13.9904,4.9185,0,1525.2227,1525.2227,1525.0977,95,873,561,321,0,0,0.000700,0,0,0.015000,0.082700,0.000700,0.011700,0.070700,0.040900,0.000900,0.002000,0.000400,0.001500,0.006500,0.001200,0.004200,0.022800,0.1502,0.055600,0.077000,0.1628,0.048900,0.2068,0.019000,0.3659,0.000300,0.001700,0.067400,0.008500,0.001900,0.000600,0.028600,0.007400,0.012300,0.001200,0.1415,0.015100,0.041200,0.1954,0.067200,0.001200,0.040400,0.003000,0.017800,0.023600,0.017600,8.2581,0.059000,0.005800,0.000100,0,10.6203,0,0,0,0,0,0,0,50,0,0,0,0,1,1,9,9,2,1,1,4,1,1,1,1,1,1,7,7,1,1,50,9,6,42,76,794,950,0,0,0,0,0,-100,-100,-100,-100,600,1440,107.7673,0,0,-0.000000,-1,0,0,0,1,0,13.7344,5,50,75.1289,13.7344,0,0,48.9844,0,100,0,0,0,0,0,0,0,0,0,0.6814,0.6814,1,0.6814,0.6814,48.8527,8.9635,20141,90,568,135,12263.5312,3604.0703,7254.2305,0,15867.5391,10.6491,2.4099,7.7606,10.6491,2.4099,2.9779,33.3333,5.7324,22.8962,0.000800,0.022300,0.000600,0.000600,0.001600,0.008300,0.000500,0.074900,0.001100,0.018500,0.021300,0.024800,0.3495,0.1948,0.019400,0.006200,0.061800,0,0.047400,0.012200,0.1921,0.005100,0.032600,0.1380,0.015600,0.090900,0.4264,0.6306,0.3643,0.055400,2.4595,0.094200,0.030700,0.038700,0.6887,0.088400,0.001800,0.002500,0.061600,0.1996,0.049200,0.000700,0.6038,962,395140,0,0,0,0,0,0.065400,0.004900,0,0.008000,0,0,0,0,0,0,0,0,0,0,0,0,0,0,0,0,0,0,0
,0.012600,0.017800,2,64,0,62,0,0,13,233,29,0,454,3,0,0,12,2,0,0,0,0,0.008000,0.010000,0.3358,0.006300,0.010000,0.001000,0.8396,0.1726,0.050300,0.1244,0,0.028700,0,1,768,256,11229,3565.7148,15494.9102,239.1602,0,4,0.000200,0.008200,0.002000,0.014700,0.2025,0,0,0.054100,0.2479,2.6355,0.060600,0.000200,0.001000,0.000300,0.000300,0.006500,0.007300,0.043300,0.005800,0.031300,0.1348,0.011000,0.006000,1.3057,0.027000,0.008500,0.033800,0.011900,0.019100,0.090400,0.010600,0.081100,0.002100,0.1185,0.008500,0.075100,0.6183,0.005300,2.3531,0.000300,0.1875,0.000500,0.000200,0.029800,0.3723,1.2415,0.025600,0.9387,0.1239,0.001800,0.010500,0.000800,0.034400,0.1059,8.1075,8.7628,13.0955,634,16,0.2500,0,16,3.8438,1,0,0,629,1,0,115,102,13,0,-1,-1,0,-1,-1,13.9904,4.9185,0,1525.2227,1525.2227,1441.5039,95,874,561,321,0,0,0.001200,0,0,0.022600,0.083300,0.000600,0.012500,0.073300,0.040900,0.001000,0.001600,0.000200,0.001800,0.006400,0.001100,0.004300,0.023200,0.1580,0.055200,0.078800,0.1544,0.036800,0.1566,0.020700,0.1202,0.000300,0.001700,0.063500,0.009100,0.001400,0.000400,0.025600,0.006200,0.012900,0.001100,0.1425,0.015100,0.042200,0.2080,0.069200,0.001300,0.045900,0.002300,0.033800,0.023700,0.017700,7.5243,0.055400,0.006000,0,0.002200,10.5569,0,0,0,0,0,0,0,50,0,0,0,0,1,1,9,9,2,1,1,4,1,1,1,1,1,1,7,7,1,1,50,9,6,42,76,794,950,0,0,0,0,0,-100,-100,-100,-100,600,1440,107.7673,0,0,-0.000000,-1,0,0,0,1,0,13.7344,5,50,75.1289,13.7344,0,0,48.9844,0,100,0,0,0,0,0,0,0,0,0,0.4563,0.4563,1,0.4563,0.4563,58.3966,8.9635,20141,90,568,135,12263.5312,3604.0703,7254.2305,0,15867.6016,9.5583,1.9990,7.3578,9.5583,2.0076,2.9543,33.3333,5.6752,24.5631,0.000200,0.021600,0.000600,0.000600,0.001500,0.006900,0.000600,0.073400,0.001000,0.017300,0.030600,0.040100,0.3376,0.1800,0.018500,0.005100,0.064800,0,0.043700,0.016500,0.1727,0.005100,0.031000,0.1340,0.015000,0.095000,0.4386,0.6910,0.3485,0.057200,3.5504,0.097300,0.030700,0.050000,0.6940,0.087400,0.002200,0.002400,0.063900,0.1946,0.049100,0.000600,0.5951,929,386384,0,0,0,0,0,0,0.004200,0.008900,0.008300,0,0,0,0,0,0,0,0,0,0,0,0,0,0,0,0,0,0,0
,0.015400,0.073800,2,57,0,55,0,0,13,233,15,0,454,3,0,0,12,2,0,0,0,0,0.020000,0.002500,0.3209,0.006400,0.009100,0.000900,0.8735,0.1903,0.045600,0.1319,0.003100,0.042700,0.001600,0,768,256,11229,3565.7148,15494.9102,239.1602,0.004000,3,0.000200,0.007900,0.001700,0.019400,0.1773,0,0,0.065000,0.2096,2.4204,0.062400,0.000300,0.001400,0.000200,0.000300,0.006200,0.006900,0.040400,0.005400,0.031700,0.1271,0.010500,0.006100,1.0004,0.027600,0.008700,0.028700,0.011900,0.018800,0.092900,0.008000,0.072800,0.002100,0.1074,0.008600,0.066600,0.5720,0.004400,2.3914,0.000300,0.2109,0.000500,0.000300,0.029000,0.3027,0.6347,0.024600,0.9230,0.1733,0.002300,0.009700,0.000500,0.036700,0,9.5167,8.7628,13.0955,634,16,0.2500,0,16,3.8438,1,0,0,629,1,0,115,102,13,0,-1,-1,0,-1,-1,13.9904,4.9185,0,1525.2227,1525.2227,1525.0977,95,875,561,321,0,0,0.000900,0,0,0.014700,0.077400,0.000500,0.012600,0.071000,0.039600,0.000800,0.001500,0.000200,0.001500,0.006200,0.001200,0.003900,0.022000,0.2174,0.053000,0.077400,0.1578,0.044300,0.1947,0.024400,0.1203,0.000200,0.001400,0.063400,0.008000,0.001600,0.000400,0.026600,0.006000,0.012200,0.001100,0.1373,0.014900,0.039900,0.3407,0.066800,0.001100,0.040300,0.002400,0.1649,0.024100,0.017000,8.8190,0.056000,0.005900,0.000100,0,9.5640,0,0,0,0,0,0,0,50,0,0,0,0,1,1,9,9,2,1,1,4,1,1,1,1,1,1,7,7,1,1,50,9,6,42,76,794,950,0,0,0,0,0,-100,-100,-100,-100,600,1440,107.7673,0,0,-0.000000,-1,0,0,0,1,0,13.7344,5,50,75.1289,13.7344,0,0,48.9844,0,100,0,0,0,0,0,0,0,0,0,0.5623,0.5623,1,0.5623,0.5623,8.3451,8.9635,20141,90,568,135,12266.0078,3604.0703,7254.2305,0,15867.6016,11.0460,2.1153,8.4645,11.0460,2.1162,2.6984,33.3333,5.7721,23.5440,0.000700,0.021300,0.000600,0.000600,0.001600,0.007100,0.000600,0.073700,0.001000,0.022500,0.026300,0.037800,0.3539,0.1912,0.019500,0.006100,0.066400,0,0.043800,0.025700,0.1930,0.006100,0.031900,0.1322,0.015800,0.088600,0.4281,0.7642,0.3402,0.056300,2.4741,0.094200,0.035900,0.039600,0.6905,0.098800,0.002000,0.002300,0.060600,0.1975,0.050200,0.000500,0.6123,929,385694,0,2368,1336,0,1.0694,0,0,0.001000,0.008400,0,0,0,0,0,0,0,0,0,0,0,0,0,0,0,0,0,0,0
,0.014500,0.012800,2,57,0,55,0,0,13,233,13,0,454,3,0,0,12,2,0,0,0,0,0,0.010700,0.3208,0.005200,0.008300,0.000900,0.8536,0.1751,0.054800,0.1285,0,0.022600,0.001200,0,768,256,11229,3565.7148,15494.9102,239.1602,0,5,0.000100,0.008100,0.002300,0.019000,0.2019,0,0,0.058600,0.2552,2.4504,0.063400,0.000200,0.001700,0.000200,0.000400,0.006800,0.007000,0.043200,0.005300,0.032100,0.1344,0.011800,0.005700,1.5767,0.026500,0.008300,0.043000,0.011700,0.018900,0.080000,0.010200,0.074300,0.001900,0.1075,0.007200,0.064200,0.5666,0.004300,2.2990,0.000200,0.1787,0.000500,0.000300,0.027000,0.3719,0.5792,0.023700,0.8803,0.095100,0.002000,0.009400,0.000300,0.031600,0.039000,7.6885,8.7628,13.0955,634,16,0.2500,0,16,3.8438,1,0,0,629,1,0,115,102,13,0,-1,-1,0,-1,-1,13.9904,4.9185,0,1525.2227,1525.2227,1525.0977,95,871,551,321,0,0,0.001000,0,0,0.015300,0.078200,0.000600,0.011200,0.068600,0.041800,0.000800,0.001500,0.000200,0.001800,0.006600,0.000900,0.004100,0.026200,0.1221,0.059000,0.082900,0.1613,0.041700,0.8044,0.015200,0,0.000300,0.002000,0.066600,0.008800,0.001200,0.000600,0.025500,0.006300,0.012200,0.001100,0.1399,0.015600,0.043300,0.2008,0.067900,0.001100,0.020500,0.002800,0.016900,0.023700,0.026200,7.1191,0.058400,0.009300,0.000200,0,11.1501,0,0,0,0,0,0,0,50,0,0,0,0,1,1,9,9,2,1,1,4,1,1,1,1,1,1,7,7,1,1,50,9,6,42,76,794,950,0,0,0,0,0,-100,-100,-100,-100,600,1440,107.7673,0,0,-0.000000,-1,0,0,0,1,0,13.7344,5,50,75.1289,13.7344,0,0,48.9844,0,100,0,0,0,0,0,0,0,0,0,0.4114,0.4114,1,0.4114,0.4114,18.0536,8.9635,20141,90,568,135,12266.0078,3604.0703,7254.2305,0,15870.0781,9.7196,2.7443,7.3893,9.7196,2.7443,3.1007,33.3333,5.4615,24.7637,0.000200,0.018800,0.000600,0.000600,0.001800,0.014200,0.000800,0.074200,0,0.020500,0.028500,0.035000,0.3448,0.2858,0.019500,0.006100,0.066000,0,0.046400,0.025100,0.1930,0.006100,0.032400,0.1941,0.020000,0.099900,0.4338,0.7117,0.3866,0.058400,2.0602,0.093100,0.030800,0.039300,0.6864,0.088100,0.002000,0.002500,0.061500,0.1998,0.050200,0.000700,0.6652,933,386878,0,0,0,0,0,0,0,0,0.007600,0,0,0,0,0,0,0,0,0,0,0,0,0,0,0,0,0,0,0
,0.013700,0.074100,2,57,0,55,0,0,13,233,12,0,454,3,0,0,12,2,0,0,0,0,0.018600,0.006800,0.3058,0.004900,0.009300,0.001100,0.8089,0.1940,0.050200,0.1201,0.002000,0.022800,0,0,768,256,11229,3565.7148,15494.9102,239.1602,0.003200,5,0.000300,0.008400,0.001700,0.017200,0.1802,0,0,0.054000,0.2226,2.6733,0.054800,0.000200,0.001300,0.000200,0.000400,0.005900,0.006600,0.037500,0.004700,0.031800,0.1342,0.010100,0.006100,0.7605,0.027400,0.008300,0.025300,0.011200,0.018200,0.076300,0.009400,0.072000,0.002100,0.093800,0.007500,0.074100,0.6164,0.005400,2.3575,0.000300,0.2024,0.000500,0.000400,0.030000,0.3059,0.6039,0.023400,0.9227,0.1291,0.001800,0.009700,0.000400,0.035600,0.065000,8.6477,8.7628,13.0955,634,16,0.2500,0,16,3.8438,1,0,0,629,1,0,115,102,13,0,-1,-1,0,-1,-1,13.9904,4.9185,0,1525.2227,1525.2227,1525.0977,95,874,561,321,0,0,0.001100,0,0,0.015700,0.080900,0.000600,0.011800,0.069100,0.039700,0.000900,0.001800,0.000200,0.001900,0.007000,0.001400,0.003800,0.022300,0.1544,0.056400,0.081900,0.1537,0.044800,0.1827,0.019000,0.1716,0.000200,0.001300,0.063200,0.008400,0.001300,0.000300,0.025300,0.006800,0.012600,0.001100,0.1452,0.015300,0.042300,0.2056,0.068900,0.001200,0.030200,0.002900,0.032500,0.024200,0.015800,7.7151,0.055800,0.006600,0.000200,0,9.6229,0,0,0,0,0,0,0,50,0,0,0,0,1,1,9,9,2,1,1,4,1,1,1,1,1,1,7,7,1,1,50,9,6,42,76,794,950,0,0,0,0,0,-100,-100,-100,-100,600,1440,107.7673,0,0,-0.000000,-1,0,0,0,1,0,13.7344,5,50,75.1289,13.7344,0,0,48.9844,0,100,0,0,0,0,0,0,0,0,0,0.5392,0.5392,1,0.5392,0.5392,28.2721,8.9635,20141,90,568,135,12266.0078,3604.0703,7254.2305,0,15870.0781,10.1627,2.0660,7.1448,10.1627,2.0670,2.7133,33.3333,5.5343,25.2560,0.000300,0.021000,0.000500,0.000600,0.001600,0.008100,0.000600,0.072900,0.001100,0.021500,0.031300,0.038200,0.3550,0.1821,0.020500,0.005100,0.061700,0,0.045400,0.019200,0.1762,0,0.032300,0.1414,0.016600,0.092500,0.8514,0.7137,0.3032,0.061300,2.1442,0.094200,0.031800,0.037900,0.6995,0.4924,0.002200,0.002600,0.063700,0.1956,0.049200,0.000700,0.5921,925,384510,0.066600,0,0,0,0,0,0,0.001200,0.008300,0,0,0,0,0,0,0,0,0,0,0,0,0,0,0,0,0,0,0
,0.024200,0.006800,0,0,0,0,0,0,0,0,0,0,0,0,0,0,0,0,0,0,0,0,0.007100,0.001500,0.3259,0.005200,0.008400,0.001100,0.8485,0.1741,0.051300,0.1242,0.000800,0.023700,0.002600,1,768,256,11229,3565.7148,15494.9102,239.1602,0.001400,3,0.000400,0.008700,0.002200,0.018600,0.1798,0,0,0.059800,0.2178,2.5214,0.055500,0.000200,0.001400,0.000300,0.000300,0.007500,0.006700,0.041000,0.006100,0.033900,0.1247,0.010900,0.005900,0.6113,0.025400,0.008100,0.025500,0.010900,0.018100,0.1045,0.011800,0.074100,0.001900,0.096900,0.007900,0.067800,0.5880,0.004700,2.3395,0.000300,0.1853,0.000700,0.000300,0.028500,0.3001,0.6492,0.024100,0.9043,0.1394,0.001900,0.009600,0.000500,0.035700,0.1897,8.0793,8.7628,13.0955,634,16,0.2500,0,16,3.8438,1,0,0,629,1,0,115,102,13,0,-1,-1,0,-1,-1,13.9904,4.9185,0,1525.2227,1525.2227,1525.0977,95,876,561,321,0,0,0.000800,0,0,0.013900,0.077400,0.000600,0.011100,0.067400,0.043400,0.000900,0.001800,0.000300,0.001700,0.006600,0.001200,0.003500,0.022700,0.1738,0.057100,0.082000,0.1558,0.035600,0.1555,0.023800,0.1250,0.000100,0.001400,0.063100,0.007900,0.001500,0.000600,0.039800,0.006600,0.011800,0.001200,0.1385,0.015900,0.041200,0.2043,0.067700,0.001400,0.046400,0.002400,0.031600,0.022200,0.017700,7.5039,0.059000,0.006400,0.000100,0,10.3317,0,0,0,0,0,0,0,50,0,0,0,0,1,1,9,9,2,1,1,4,1,1,1,1,1,1,7,7,1,1,50,9,6,42,76,794,950,0,0,0,0,0,-100,-100,-100,-100,600,1440,107.7673,0,0,-0.000000,-1,0,0,0,1,0,13.7344,5,50,75.1289,13.7344,0,0,48.9844,0,100,0,0,0,0,0,0,0,0,0,0.4633,0.4633,1,0.4633,0.4633,37.9526,8.9635,20141,90,568,135,12265.9961,3604.0703,7254.2305,0,15870.0781,9.7218,2.5738,7.1448,9.7218,2.5751,2.8675,33.3333,5.6551,24.3308,0.000200,0.020900,0.000500,0.000900,0.001700,0.010200,0.000600,0.074000,0,0.020500,0.022000,0.033200,0.3401,0.1908,0.019400,0.007200,0.062400,0,0.045200,0.007300,0.1894,0.005100,0.032000,0.1400,0.015300,0.090800,0.4261,0.7321,0.3280,0.055300,2.4749,0.094200,0.031700,0.038100,0.6910,0.066200,0.002100,0.002500,0.060300,0.2017,0.049200,0.000500,0.6148,1020,408214,0,0,0,0,0,0.1353,0.004500,0.001500,0.008200,0,0,0,0,0,0,0,0,0,0,0,0,0,0,0,0,0,0,0
,0.013400,0.016700,4,137,0,133,0,0,27,466,69,0,908,6,0,0,25,4,0,0,0,0,0,0.003200,0.3355,0.004800,0.009100,0.000800,0.8765,0.1815,0.048900,0.1272,0.001100,0.033800,0,0,768,256,11229,3565.7148,15494.9102,239.1602,0.001200,3,0.000300,0.008100,0.001800,0.017600,0.1850,0,0,0.056300,0.2573,2.6141,0.064600,0.000300,0.001200,0.000200,0.000300,0.006400,0.006600,0.048500,0.005600,0.032300,0.1365,0.011400,0.006600,1.3014,0.027700,0.008200,0.030600,0.011800,0.017800,0.092600,0.009700,0.075800,0.001900,0.099800,0.008300,0.072700,0.6020,0.005300,2.3303,0.000300,0.1782,0.000500,0.000300,0.028300,0.3758,0.5916,0.023700,0.8968,0.1250,0.001900,0.009000,0.000500,0.032200,0.092900,8.0502,8.7628,13.0955,634,16,0.2500,0,16,3.8438,1,0,0,629,1,0,115,102,13,0,-1,-1,0,-1,-1,13.9904,4.9185,0,1525.2227,1525.2227,1525.0977,95,874,561,321,0,0,0.001100,0,0,0.014500,0.078800,0.000700,0.012600,0.069400,0.041100,0.000900,0.001400,0.000400,0.001400,0.006000,0.001100,0.004100,0.020700,0.1672,0.055300,0.088900,0.1621,0.039200,0.1742,0.021600,0.095300,0.000400,0.001800,0.065400,0.008400,0.001200,0.000700,0.026500,0.006400,0.012300,0.002100,0.1396,0.015700,0.040300,0.1927,0.068500,0.001300,0.040100,0.002500,0.017600,0.022700,0.017200,7.4492,0.055200,0.006100,0.000100,0,9.7325,0,0,0,0,0,0,0,50,0,0,0,0,1,1,9,9,2,1,1,4,1,1,1,1,1,1,7,7,1,1,50,9,6,42,76,794,950,0,0,0,0,0,-100,-100,-100,-100,600,1440,107.7673,0,0,-0.000000,-1,0,0,0,1,0,13.7344,5,50,75.1289,13.7344,0,0,48.9844,0,100,0,0,0,0,0,0,0,0,0,0.4659,0.4659,1,0.4659,0.4659,47.5892,8.9635,20141,90,568,135,12265.9961,3604.0703,7254.2305,0,15870.0664,9.6502,2.2062,7.3830,9.6502,2.2075,2.8892,33.3333,5.9701,24.5774,0.000700,0.022400,0.000600,0.000600,0.001700,0.007100,0.000700,0.072500,0.001000,0.020500,0.028600,0.039300,0.3354,0.1854,0.018400,0.005100,0.062000,0.001000,0.045700,0.007700,0.1839,0.006200,0.032600,0.1348,0.015800,0.090600,0.4288,0.7747,0.3350,0.056400,3.3023,0.095200,0.031800,0.037800,0.6889,0.075700,0.001900,0.002400,0.062600,0.1986,0.050200,0.000600,0.6039,943,388134,0,0,0,0,0,0,0,0.001500,0.008200,0,0,0,0,0,0,0,0,0,0,0,0,0,0,0,0,0,0,0
,0.017000,0.006300,2,57,0,55,0,0,13,233,17,0,454,3,0,0,12,2,0,0,0,0,0.017400,0.008300,0.3198,0.005500,0.008200,0.001200,0.8501,0.1881,0.050100,0.1235,0.001200,0.031500,0,1,768,256,11229,3565.7148,15494.9102,239.1602,0.001400,4,0.000300,0.010100,0.002200,0.018000,0.1730,0,0,0.052800,0.2228,2.5720,0.063300,0.000200,0.001200,0.000200,0.000400,0.006800,0.006200,0.043400,0.004800,0.032800,0.1322,0.011400,0.005900,1.6398,0.027800,0.008800,0.036700,0.011300,0.017700,0.082300,0.008600,0.071800,0.001800,0.078000,0.007400,0.067100,0.5777,0.004500,2.3150,0.000200,0.1779,0.000600,0.000400,0.029600,0.4061,0.6356,0.025600,0.9354,0.1633,0.002100,0.009500,0.000600,0.035800,0.1533,8.7384,8.7628,13.0955,634,16,0.2500,0,16,3.8438,1,0,0,629,1,0,115,102,13,0,-1,-1,0,-1,-1,13.9904,4.9185,0,1525.2227,1525.2227,1525.0977,95,879,561,321,0,0,0.000900,0,0,0.014100,0.076100,0.000500,0.011400,0.067400,0.038800,0.000900,0.001500,0.000400,0.001400,0.005700,0.001100,0.003900,0.021700,0.1397,0.055000,0.079700,0.1538,0.040400,0.1787,0.020100,0.096200,0.000200,0.001600,0.059800,0.008100,0.001300,0.000600,0.024800,0.006500,0.011600,0.001400,0.1337,0.014700,0.041600,0.1960,0.066700,0.001200,0.037700,0.002400,0.030400,0.022000,0.016900,8.3258,0.059500,0.006500,0.000100,0,9.5803,0,0,0,0,0,0,0,50,0,0,0,0,1,1,9,9,2,1,1,4,1,1,1,1,1,1,7,7,1,1,50,9,6,42,76,794,950,0,0,0,0,0,-100,-100,-100,-100,600,1440,107.7673,0,0,-0.000000,-1,0,0,0,1,0,13.7344,5,50,75.1289,13.7344,0,0,48.9844,0,100,0,0,0,0,0,0,0,0,0,0.4348,0.4348,1,0.4348,0.4348,57.9792,8.9635,20141,90,568,135,12265.9961,3604.0703,7254.2305,0,15870.0664,10.2526,2.0752,8.2125,10.2526,2.0752,2.6384,33.3333,5.7413,24.7484,0.000300,0.020700,0.000600,0.000600,0.001600,0.007400,0.000600,0.072300,0,0.019400,0.027900,0.041300,0.3515,0.1891,0.019500,0.006100,0.064400,0,0.044200,0.008300,0.1997,0.005100,0.032800,0.1358,0.014900,0.090700,0.4233,0.7744,0.3133,0.060200,2.4380,0.094200,0.031700,0.039200,0.6950,0.066100,0.002000,0.002500,0.060700,0.1966,0.049200,0.000600,0.5978,998,400234,0,0,0,0,0,0,0,0,0.008300,0,0,0,0,0,0,0,0,0,0,0,0,0,0,0,0,0,0,0
,0.013400,0.011400,2,75,0,73,0,0,14,233,43,0,454,3,0,0,13,2,0,0,0,0,0.008900,0.003300,0.3139,0.005600,0.008300,0.001200,0.8649,0.1842,0.054600,0.1295,0.001100,0.026700,0,1,768,256,11229,3565.7148,15494.9102,239.1602,0.001500,5,0,0.011400,0.001900,0.019200,0.1771,0,0,0.059600,0.2327,2.4651,0.059800,0.000300,0.001700,0.000200,0.000300,0.007400,0.006500,0.045300,0.006000,0.031300,0.1309,0.011600,0.006500,0.9562,0.024100,0.067800,0.026100,0.011000,0.018100,0.098400,0.010100,0.082500,0.002400,0.074600,0.007900,0.071200,0.6007,0.005100,2.3447,0.000300,0.1877,0.000700,0.000400,0.029100,0.3702,0.6285,0.024200,0.9132,0.079000,0.002000,0.010200,0.000400,0.033300,0.1339,8.9300,8.7628,13.0955,634,16,0.2500,0,16,3.8438,1,0,0,629,1,0,115,102,13,0,-1,-1,0,-1,-1,13.9904,4.9185,0,1525.2227,1525.2227,1525.0977,95,870,551,322,0,0,0.001900,0,0,0.014500,0.079000,0.000500,0.011400,0.067000,0.037300,0.000700,0.001600,0.000200,0.001500,0.006200,0.000900,0.003800,0.020800,0.1568,0.053700,0.087500,0.1567,0.035200,0.1652,0.054900,0.1781,0.000200,0.001300,0.063800,0.008500,0.001300,0.000600,0.025800,0.006200,0.012100,0.001200,0.1396,0.014800,0.040700,0.2092,0.067200,0.000900,0.041300,0.003100,0.034500,0.023200,0.017800,8.3662,0.057300,0.007000,0.000100,0,10.3549,0,0,0,0,0,0,0,50,0,0,0,0,1,1,9,9,2,1,1,4,1,1,1,1,1,1,7,7,1,1,50,9,6,42,76,794,950,0,0,0,0,0,-100,-100,-100,-100,600,1440,107.7673,0,0,-0.000000,-1,0,0,0,1,0,13.7344,5,50,75.1289,13.7344,0,0,48.9844,0,100,0,0,0,0,0,0,0,0,0,0.5369,0.5369,1,0.5369,0.5369,6.1567,8.9635,20141,90,568,135,12265.9961,3604.0703,7254.2305,0,15870.0664,10.6595,2.1527,7.3498,10.6595,2.1527,2.9946,33.3333,5.3904,24.7441,0.000300,0.021800,0.000500,0.000600,0.001700,0.010400,0.000600,0.076200,0,0.022500,0.029100,0.035200,0.3399,0.1994,0.020500,0.006100,0.066000,0,0.045600,0.020500,0.1900,0.006100,0.032400,0.1394,0.014900,0.080600,0.4335,0.7073,0.3638,0.055300,2.4966,0.095200,0.031700,0.039700,0.6991,0.083500,0.002100,0.002600,0.061600,0.1916,0.049100,0.000600,0.9322,991,398012,0,2388,1346,0,0.9438,0.2596,0,0,0.008800,0,0,0,0,0,0,0,0,0,0,0,0,0,0,0,0,0,0,0
,0.015300,0.005800,2,73,0,71,0,0,13,233,45,0,454,3,0,0,12,2,0,0,0,0,0,0,0.3489,0.005700,0.009300,0.001000,0.8535,0.1861,0.052500,0.1286,0.001500,0.050300,0.001000,0,768,256,11229,3565.7148,15494.9102,239.1602,0.001300,1,0.000200,0.008100,0.002500,0.012700,0.3254,0,0,0.058300,0.3117,2.4934,0.065300,0.000200,0.001300,0.000200,0.000300,0.006400,0.007500,0.043500,0.005300,0.032900,0.1286,0.011400,0.006700,1.4967,0.087600,0.008000,0.037300,0.011600,0.019000,0.070300,0.010000,0.072700,0.002000,0.075300,0.007700,0.060900,0.6179,0.005700,2.4023,0.000400,0.1985,0.001000,0.000400,0.030100,0.3011,0.7222,0.026100,0.9008,0.077500,0.002200,0.010800,0.000500,0.036400,0.070700,8.5746,8.7628,13.0955,634,16,0.2500,0,16,3.8438,1,0,0,629,1,0,115,102,13,0,-1,-1,0,-1,-1,13.9904,4.9185,0,1525.2227,1525.2227,1525.0977,95,870,551,322,0,0,0.000900,0,0,0.014800,0.080900,0.000600,0.012100,0.068100,0.041300,0.000900,0.001600,0.000200,0.001500,0.006300,0.000900,0.003700,0.021400,0.1700,0.060000,0.080300,0.1580,0.042800,0.1782,0.026000,0.090800,0.000300,0.005600,0.063100,0.008500,0.001800,0.000500,0.024900,0.006700,0.012000,0.001200,0.1420,0.015900,0.040600,0.1893,0.073900,0.001100,0.042800,0.002400,0.017400,0.022400,0.016300,7.9255,0.058400,0.006500,0.000100,0.004000,10.5864,0,0,0,0,0,0,0,50,0,0,0,0,1,1,9,9,2,1,1,4,1,1,1,1,1,1,7,7,1,1,50,9,6,42,76,794,950,0,0,0,0,0,-100,-100,-100,-100,600,1440,107.7673,0,0,-0.000000,-1,0,0,0,1,0,13.7344,5,50,75.1289,13.7344,0,0,48.9844,0,100,0,0,0,0,0,0,0,0,0,0.4738,0.4738,1,0.4738,0.4738,16.2208,8.9635,20141,90,568,135,12262.7812,3604.0703,7254.2305,0,15870.0664,10.0863,2.1474,7.3330,10.0863,2.1474,2.8993,33.3333,5.6167,23.7429,0.000200,0.021200,0.000700,0.000600,0.001600,0.010100,0.000600,0.076900,0,0.020500,0.022300,0.038400,0.3608,0.1960,0.020500,0.005100,0.065700,0,0.048300,0.012200,0.1871,0,0.032500,0.1365,0.015200,0.088000,1.3348,0.7740,0.2891,0.058500,2.4204,0.094200,0.031700,0.040500,0.6941,0.093100,0.001800,0.002800,0.061700,0.1988,0.050100,0.000700,0.6156,922,384496,0,0,0,0,0,0,0,0,0.008200,0,0,0,0,0,0,0,0,0,0,0,0,0,0,0,0,0,0,0
,0.014100,0.017000,2,57,0,55,0,0,13,233,13,0,454,3,0,0,12,2,0,0,0,0,0.017500,0,0.3681,0.007000,0.009500,0.001100,0.8761,0.1917,0.052400,0.1278,0.001300,0.052100,0.001500,0,768,256,11229,3565.7148,15494.9102,239.1602,0.001700,3,0.000100,0.008100,0.001800,0.1121,0.1732,0,0,0.060800,0.2220,2.5969,0.064300,0.000500,0.001500,0.000200,0.000200,0.007300,0.006500,0.052200,0.006200,0.034700,0.1240,0.010900,0.006700,1.7021,0.026800,0.008400,0.037200,0.011700,0.019000,0.072800,0.011400,0.066900,0.002300,0.078800,0.007900,0.080600,0.9322,0.008800,2.3159,0.000300,0.1865,0.000500,0.000300,0.029100,0.3118,0.5668,0.022400,0.8627,0.1068,0.001400,0.009500,0.000300,0.032500,0.2868,8.9849,8.7628,13.0955,634,16,0.2500,0,16,3.8438,1,0,0,629,1,0,115,102,13,0,-1,-1,0,-1,-1,13.9904,4.9185,0,1525.2227,1525.2227,1525.0977,95,870,551,322,0,0,0.001300,0,0,0.015000,0.080200,0.000700,0.012100,0.070000,0.041100,0.000800,0.001800,0.000300,0.001500,0.006200,0.001200,0.003800,0.022000,0.1545,0.056400,0.086700,0.1578,0.046000,0.1806,0.018100,0.050700,0.000300,0.001400,0.066300,0.008900,0.001200,0.000300,0.025000,0.006600,0.011900,0.001000,0.1399,0.015000,0.042000,0.2087,0.069500,0.001100,0.021000,0.003500,0.033300,0.022300,0.016600,8.5328,0.075200,0.006900,0.000100,0.004600,10.0509,0,0,0,0,0,0,0,50,0,0,0,0,1,1,9,9,2,1,1,4,1,1,1,1,1,1,7,7,1,1,50,9,6,42,76,794,950,0,0,0,0,0,-100,-100,-100,-100,600,1440,107.7673,0,0,-0.000000,-1,0,0,0,1,0,13.7344,5,50,75.1289,13.7344,0,0,48.9844,0,100,0,0,0,0,0,0,0,0,0,0.4067,0.4067,1,0.4067,0.4067,26.8405,8.9635,20141,90,568,135,12262.7539,3604.0703,7254.2305,0,15866.8516,10.4960,2.0749,8.2997,10.4960,2.0749,2.8382,33.3333,5.5253,23.3839,0.000200,0.021300,0.000800,0.000600,0.001600,0.007100,0.000800,0.072500,0.001100,0.017400,0.027800,0.040400,0.3450,0.1881,0.019400,0.006200,0.066200,0,0.046300,0.011900,0.1759,0,0.032100,0.1384,0.016000,0.093700,0.4242,0.6477,0.3895,0.056300,2.0831,0.093200,0.031700,0.037900,0.6854,0.098600,0.001900,0.002600,0.062400,0.1956,0.049100,0.000600,0.6059,994,399492,0,0,0,0,0,0,0.004000,0,0.008300,0,0,0,0,0,0,0,0,0,0,0,0,0,0,0,0,0,0,0
,0.018400,0.006300,2,76,0,74,0,0,14,233,44,0,454,3,0,0,13,2,0,0,0,0,0.007900,0.004700,0.3218,0.006300,0.008400,0.001100,0.8481,0.1994,0.051700,0.1182,0.001000,0.025100,0.001500,0,768,256,11229,3565.7148,15494.9102,239.1602,0.001300,3,0.000100,0.007900,0.002000,0.012500,0.1778,0,0,0.054200,0.2362,2.6893,0.074500,0.000200,0.001200,0.000200,0.000200,0.006900,0.005900,0.047800,0.005700,0.037100,0.1037,0.012300,0.006500,1.8529,0.029900,0.008900,0.034100,0.012100,0.018300,0.082400,0.010800,0.077200,0.002400,0.094200,0.007700,0.077300,0.6053,0.005400,2.3397,0.000300,0.1868,0.000700,0.000400,0.029000,0.3054,0.6488,0.024300,0.9561,0.1478,0.001900,0.009600,0.000600,0.036700,0.3729,9.2678,8.7628,13.0955,634,16,0.2500,0,16,3.8438,1,0,0,629,1,0,115,102,13,0,-1,-1,0,-1,-1,13.9904,4.9185,0,1525.2227,1525.2227,1525.0977,95,873,561,322,0,0,0.000800,0,0,0.015600,0.082000,0.000700,0.012400,0.069900,0.038900,0.000900,0.001800,0.000300,0.001500,0.006400,0.001000,0.004200,0.022300,0.1495,0.056100,0.080100,0.1571,0.039600,0.1850,0.023500,0.1132,0.000300,0.001600,0.063800,0.008400,0.001200,0.000400,0.025000,0.006100,0.013200,0.001200,0.1392,0.015300,0.044400,0.2049,0.065500,0.000900,0.040700,0.002900,0.033000,0.023300,0.016800,8.7248,0.055900,0.006300,0.000100,0,10.6454,0,0,0,0,0,0,0,50,0,0,0,0,1,1,9,9,2,1,1,4,1,1,1,1,1,1,7,7,1,1,50,9,6,42,76,794,950,0,0,0,0,0,-100,-100,-100,-100,600,1440,107.7673,0,0,-0.000000,-1,0,0,0,1,0,13.7344,5,50,75.1289,13.7344,0,0,48.9844,0,100,0,0,0,0,0,0,0,0,0,0.4690,0.4690,1,0.4690,0.4690,37.7115,8.9635,20141,90,568,135,12263.2617,3604.0703,7254.2305,0,15866.8242,10.9600,2.1562,7.2904,10.9600,2.1562,2.8180,33.3333,5.2074,24.8495,0.000200,0.021400,0.000600,0.000600,0.001700,0.007200,0.000600,0.073500,0,0.019500,0.034400,0.039900,0.9067,0.2930,0.020500,0.006100,0.067300,0,0.047400,0.012600,0.5994,0,0.038500,0.1897,0.026600,0.1062,0.4322,0.7027,0.3887,0.056400,2.0646,0.094200,0.031700,0.038800,0.6976,0.073500,0.002000,0.002500,0.063100,0.1977,0.049200,0.000600,0.6308,950,392724,0.2862,0,0,0,0,0,0,0,0.008300,0,0,0,0,0,0,0,0,0,0,0,0,0,0,0,0,0,0,0
,0.024700,0.005200,2,64,0,62,0,0,13,233,27,0,454,3,0,0,12,2,0,0,0,0,0,0.014900,0.3384,0.005000,0.009800,0.000900,0.8682,0.2275,0.061600,0.1250,0.001000,0.033800,0,0,768,256,11229,3565.7148,15494.9102,239.1602,0.001500,5,0.000100,0.008700,0.001700,0.013800,0.1841,0,0,0.058400,0.3163,2.4892,0.061800,0.000200,0.001400,0.000200,0.000200,0.007100,0.005900,0.040700,0.005000,0.031300,0.1196,0.010400,0.005900,1.3804,0.027400,0.008200,0.032100,0.011400,0.018300,0.085200,0.010900,0.1482,0.002600,0.080000,0.008000,0.067500,0.6051,0.004700,2.3896,0.000300,0.1926,0.000800,0.000400,0.028600,0.3071,0.8812,0.024500,0.9279,0.1874,0.002000,0.011100,0.000500,0.036500,0.068900,9.6414,8.7628,13.0955,634,16,0.2500,0,16,3.8438,1,0,0,629,1,0,115,102,13,0,-1,-1,0,-1,-1,13.9904,4.9185,0,1525.2227,1525.2227,1441.5039,95,870,551,322,0,0,0.001000,0,0,0.016200,0.088300,0.000700,0.013000,0.072200,0.038000,0.000900,0.002300,0.000400,0.001500,0.007700,0.001000,0.004300,0.024800,0.1654,0.055800,0.078100,0.1543,0.042800,0.2155,0.034800,0.072100,0.000400,0.001500,0.066800,0.009500,0.001500,0.000700,0.028000,0.006900,0.012600,0.001500,0.1422,0.015600,0.039900,0.1965,0.071200,0.001400,0.048000,0.002400,0.018500,0.023800,0.018300,9.0063,0.056600,0.006100,0.000100,0,10.8488,0,0,0,0,0,0,0,50,0,0,0,0,1,1,9,9,2,1,1,4,1,1,1,1,1,1,7,7,1,1,50,9,6,42,76,794,950,0,0,0,0,0,-100,-100,-100,-100,600,1440,107.7673,0,0,-0.000000,-1,0,0,0,1,0,13.7344,5,50,75.1289,13.7344,0,0,48.9844,0,100,0,0,0,0,0,0,0,0,0,0.4842,0.4842,1,0.4842,0.4842,48.8914,8.9635,20141,90,568,135,12263.2656,3604.0703,7254.2305,0,15867.3320,11.2228,2.1616,8.0991,11.2228,2.1616,2.9562,33.3333,5.4412,24.3864,0.000200,0.021400,0.000600,0.000600,0.001600,0.008400,0.000600,0.072600,0,0.019500,0.031900,0.039000,0.3403,0.1932,0.020500,0.005100,0.067100,0,0.044700,0.011400,0.1899,0.006200,0.033200,0.1249,0.015700,0.090200,0.4286,0.6841,0.3467,0.056300,2.5047,0.096300,0.036800,0.039500,1.4527,0.1026,0.001800,0.002400,0.060700,0.2039,0.051200,0.000600,0.6074,925,386336,0,0,0,0,0,0,0,0,0.007900,0,0,0,0,0,0,0,0,0,0,0,0,0,0,0,0,0,0,0
,0.009900,0.089500,2,57,0,55,0,0,13,233,11,0,454,3,0,0,12,2,0,0,0,0,0.016600,0.004400,0.3336,0.004900,0.008600,0.000800,0.8637,0.1744,0.050100,0.1201,0.001200,0.028500,0,0,768,256,11229,3565.7148,15494.9102,239.1602,0.001500,7,0.000200,0.007100,0.001800,0.012500,0.1907,0,0,0.062300,0.2268,2.4792,0.058100,0.000200,0.001200,0.000200,0.000300,0.006500,0.007300,0.042500,0.005800,0.031300,0.1036,0.010700,0.005900,1.2536,0.027600,0.008000,0.030200,0.011800,0.018500,0.084400,0.011100,0.099000,0.002500,0.087400,0.008900,0.070400,0.5992,0.004600,2.3623,0.000300,0.1863,0.000600,0.000400,0.028800,0.3031,1.2918,0.039200,0.9585,0.1368,0.002000,0.010300,0.000500,0.032700,0,9.1247,8.7628,13.0955,634,16,0.2500,0,16,3.8438,1,0,0,629,1,0,115,102,13,0,-1,-1,0,-1,-1,13.9904,4.9185,0,1525.2227,1525.2227,1525.0977,95,875,561,322,0,0,0.001400,0,0,0.015000,0.079800,0.000600,0.011400,0.069300,0.040600,0.000900,0.001600,0.000100,0.001400,0.006100,0.001100,0.003600,0.022600,0.1862,0.053800,0.074200,0.1608,0.042600,0.1689,0.024300,0.1169,0.000300,0.001900,0.063600,0.008600,0.001500,0.000700,0.026900,0.005900,0.012300,0.001200,0.1403,0.014900,0.041700,0.2029,0.066200,0.001200,0.041100,0.003000,0.034100,0.022600,0.016500,8.8363,0.070900,0.007800,0.000100,0,11.1361,0,0,0,0,0,0,0,50,0,0,0,0,1,1,9,9,2,1,1,4,1,1,1,1,1,1,7,7,1,1,50,9,6,42,76,794,950,0,0,0,0,0,-100,-100,-100,-100,600,1440,107.7673,0,0,-0.000000,-1,0,0,0,1,0,13.7344,5,50,75.1289,13.7344,0,0,48.9844,0,100,0,0,0,0,0,0,0,0,0,0.4850,0.4850,1,0.4850,0.4850,59.8504,8.9635,20141,90,568,135,12263.2656,3604.0703,7254.2305,0,15867.3359,10.6441,2.1186,7.3461,10.6441,2.1186,2.8190,33.3333,5.6162,24.7443,0.000600,0.021200,0.000700,0.000600,0.001600,0.007500,0.000600,0.072900,0,0.018300,0.022300,0.025500,0.3616,0.1886,0.019400,0.006200,0.068900,0,0.047100,0.015900,0.1825,0,0.032700,0.1433,0.015900,0.091100,0.4318,0.7225,0.3557,0.058400,2.4720,0.095200,0.031800,0.038300,0.6943,0.088100,0.001800,0.002500,0.061400,0.1995,0.049200,0.000700,0.6001,917,385104,0,0,0,0,0,0,0,0,0.008900,0,0,0,0,0,0,0,0,0,0,0,0,0,0,0,0,0,0,0
,0.024200,0.008200,2,57,0,55,0,0,13,233,8,0,454,3,0,0,12,2,0,0,0,0,0.010500,0.028500,0.3204,0.006900,0.009800,0.001200,0.8117,0.1855,0.053900,0.1722,0.001100,0.027700,0.003600,0,768,256,11229,3565.7148,15494.9102,239.1602,0.001100,4,0.000300,0.007800,0.001700,0.011900,0.1727,0,0,0.060000,0.3215,2.4453,0.065600,0.000200,0.001100,0.000200,0.000200,0.006500,0.006500,0.040500,0.005400,0.031200,0.1141,0.010200,0.015800,0.8857,0.027500,0.008800,0.034100,0.011000,0.019100,0.090100,0.011300,0.070300,0.002100,0.1199,0.008600,0.071900,0.6119,0.004800,2.3266,0.000200,0.1805,0.000700,0.000500,0.030100,0.3095,1.6407,0.024700,0.9098,0.1494,0.001800,0.010100,0.000500,0.035700,0,7.9041,8.7628,13.0955,634,16,0.2500,0,16,3.8438,1,0,0,629,1,0,115,102,13,0,-1,-1,0,-1,-1,13.9904,4.9185,0,1525.2227,1525.2227,1441.5039,95,871,551,322,0,0,0.001200,0,0,0.014600,0.078000,0.000600,0.011500,0.067900,0.037500,0.000800,0.002000,0.000200,0.001900,0.006700,0.001300,0.003600,0.022800,0.1423,0.052500,0.075000,0.1527,0.042600,0.1658,0.018500,1.0857,0.000300,0.001500,0.063400,0.008000,0.001400,0.000600,0.026000,0.005900,0.011800,0.001100,0.1393,0.015200,0.043200,0.1990,0.066600,0.001200,0.041700,0.002300,0.032400,0.020600,0.019300,7.3492,0.055100,0.006000,0.000300,0,10.9985,0,0,0,0,0,0,0,50,0,0,0,0,1,1,9,9,2,1,1,4,1,1,1,1,1,1,7,7,1,1,50,9,6,42,76,794,950,0,0,0,0,0,-100,-100,-100,-100,600,1440,107.7673,0,0,-0.000000,-1,0,0,0,1,0,13.7344,5,50,75.1289,13.7344,0,0,48.9844,0,100,0,0,0,0,0,0,0,0,0,1.4136,1.4136,1,1.4136,1.4136,7.8123,8.9635,20141,90,568,135,12263.2656,3604.0703,7254.2305,0,15867.3359,10.6633,3.0556,7.3398,10.6633,3.0556,2.8729,33.3333,5.7165,24.1233,0.000300,0.021600,0.000600,0.000700,0.001700,0.008100,0.000600,0.073500,0,0.023600,0.026200,0.037100,0.3349,0.1911,0.019400,0.006200,0.066300,0,0.047300,0.015100,0.1856,0.005100,0.032800,0.1349,0.016300,0.093700,0.4244,1.0766,0.7480,0.057400,2.1277,0.094200,0.036900,0.039200,0.6894,0.087000,0.001900,0.002500,0.062100,0.1987,0.050200,0.000700,0.6155,937,388752,0,2356,1324,0,0.9411,0,0,0,0.007300,0,0,0,0,0,0,0,0,0,0,0,0,0,0,0,0,0,0,0
,0.015200,0.015500,2,57,0,55,0,0,13,233,13,0,454,3,0,0,12,2,0,0,0,0,0.010400,0.001300,0.6151,0.005500,0.008100,0.001000,0.9054,0.1623,0.057900,0.1272,0.000900,0.026700,0,0,768,256,11229,3565.7148,15494.9102,239.1602,0.001500,4,0.000100,0.008600,0.001900,0.013100,0.1906,0,0,0.055700,0.2684,2.4045,0.058900,0.000200,0.001400,0.000200,0.000200,0.006900,0.008300,0.038800,0.005000,0.030800,0.1497,0.010600,0.005900,0.5636,0.025000,0.008400,0.033000,0.013000,0.018600,0.080400,0.007700,0.067400,0.002000,0.079900,0.008400,0.067100,0.5954,0.004400,2.3376,0.000400,0.1831,0.000600,0.000400,0.029400,0.3034,0.8278,0.026000,0.9642,0.6042,0.002100,0.010000,0.000600,0.035700,0,8.7569,8.7628,13.0955,634,16,0.2500,0,16,3.8438,1,0,0,629,1,0,115,102,13,0,-1,-1,0,-1,-1,13.9904,4.9185,0,1525.2227,1525.2227,1441.6289,95,871,551,322,0,0,0.001400,0,0,0.014500,0.079900,0.000700,0.011200,0.071100,0.049600,0.000900,0.001800,0.000400,0.001700,0.007100,0.001400,0.003700,0.022200,0.1315,0.059300,0.082000,0.1568,0.037300,0.1893,0.032000,0.4356,0.000500,0.001900,0.070000,0.008600,0.001300,0.000400,0.026900,0.006400,0.012400,0.001200,0.1492,0.016800,0.043400,0.2020,0.070000,0.001400,0.053200,0.002500,0.016500,0.023300,0.025500,8.1751,0.054500,0.005800,0.000100,0,10.3965,0,0,0,0,0,0,0,50,0,0,0,0,1,1,9,9,2,1,1,4,1,1,1,1,1,1,7,7,1,1,50,9,6,42,76,794,950,0,0,0,0,0,-100,-100,-100,-100,600,1440,107.7673,0,0,-0.000000,-1,0,0,0,1,0,13.7344,5,50,75.1289,13.7344,0,0,48.9844,0,100,0,0,0,0,0,0,0,0,0,0.7747,0.7747,1,0.7747,0.7747,18.4864,8.9635,20141,90,568,135,12263.2656,3604.0703,7254.2305,0,15867.3359,10.6240,2.4621,8.1008,10.6240,2.4621,2.6484,33.3333,5.6501,23.5072,0.000600,0.021400,0.000600,0.000700,0.001800,0.008100,0.000600,0.072900,0.001000,0.021500,0.029800,0.040300,0.3555,0.1926,0.019400,0.006200,0.067500,0,0.045700,0.013400,0.1776,0,0.033400,0.1409,0.015900,0.092600,0.4250,0.7038,0.3163,0.062500,2.1485,0.094300,0.030700,0.038900,0.6920,0.097800,0.002100,0.002500,0.061900,0.1957,0.049100,0.000700,0.6101,925,385200,0,0,0,0,0,0,0,0,0.008700,0,0,0,0,0,0,0,0,0,0,0,0,0,0,0,0,0,0,0
,0.024900,0.005200,2,57,0,55,0,0,13,233,16,0,454,3,0,0,12,2,0,0,0,0,0.009300,0.007700,0.3270,0.005400,0.010100,0.000900,0.8759,0.1967,0.058800,0.1355,0.001200,0.026800,0,0,768,256,11229,3565.7148,15494.9102,239.1602,0.001600,3,0.000100,0.008100,0.002000,0.014900,0.1847,0,0,0.063700,0.2070,2.5353,0.063000,0.000300,0.001200,0.000300,0.000200,0.006800,0.008000,0.041000,0.005200,0.030800,0.1630,0.011200,0.006300,0.9046,0.025100,0.007900,0.029500,0.011500,0.018700,0.087600,0.008300,0.066400,0.001800,0.076100,0.008400,0.071500,0.5820,0.005000,2.3385,0.000400,0.1832,0.001000,0.000300,0.027900,0.3069,0.5998,0.023200,0.9584,0.1745,0.001900,0.010300,0.000400,0.033000,0,8.3746,8.7628,13.0955,634,16,0.2500,0,16,3.8438,1,0,0,629,1,0,115,102,13,0,-1,-1,0,-1,-1,13.9904,4.9185,0,1525.2227,1525.2227,1525.0977,95,875,561,321,0,0,0.000900,0,0,0.014800,0.078700,0.000500,0.011500,0.068400,0.040800,0.001000,0.001500,0.000300,0.001700,0.006100,0.001100,0.004500,0.023100,0.1464,0.055600,0.075900,0.1434,0.041700,0.1920,0.040300,0.059700,0.000200,0.001700,0.064500,0.008100,0.001400,0.000600,0.027500,0.006300,0.012800,0.001300,0.1375,0.014500,0.041900,0.2002,0.069600,0.001200,0.038800,0.002400,0.030800,0.021200,0.021600,7.8133,0.096500,0.007000,0.000100,0,10.6885,0,0,0,0,0,0,0,50,0,0,0,0,1,1,9,9,2,1,1,4,1,1,1,1,1,1,7,7,1,1,50,9,6,42,76,794,950,0,0,0,0,0,-100,-100,-100,-100,600,1440,107.7673,0,0,-0.000000,-1,0,0,0,1,0,13.7344,5,50,75.1289,13.7344,0,0,48.9844,0,100,0,0,0,0,0,0,0,0,0,0.4203,0.4203,1,0.4203,0.4203,28.4265,8.9635,20141,90,568,135,12263.2656,3604.0703,7254.2305,0,15867.3359,9.9605,2.1243,7.2984,9.9605,2.1243,2.9120,33.3333,5.4828,23.5115,0.000200,0.021600,0.000600,0.000600,0.001700,0.009200,0.000600,0.073400,0,0.020500,0.027900,0.037300,0.3448,0.1916,0.018400,0.007200,0.066700,0,0.044500,0.012600,0.1861,0,0.032500,0.1319,0.016000,0.090600,0.4254,0.7147,0.3657,0.056300,2.4872,0.095200,0.031700,0.039200,0.7063,0.072500,0.002100,0.002300,0.062600,0.1966,0.051200,0.000700,0.6675,965,397236,0,0,0,0,0,0,0.004300,0,0.009900,0,0,0,0,0,0,0,0,0,0,0,0,0,0,0,0,0,0,0
,0.018600,0.016800,2,64,0,62,0,0,13,233,42,0,454,3,0,0,12,2,0,0,0,0,0.008200,0.016900,0.3202,0.005500,0.008500,0.001000,0.8400,0.1766,0.050300,0.1239,0.001400,0.037600,0.004200,1,768,256,11229,3565.7148,15494.9102,239.1602,0.002100,5,0.000400,0.010100,0.001800,0.012200,0.1849,0,0,0.054900,0.2407,2.5596,0.063400,0.000200,0.001200,0.000200,0.000300,0.007000,0.006300,0.043300,0.005500,0.032000,0.1338,0.010800,0.006100,1.2626,0.026000,0.008500,0.040900,0.011300,0.019000,0.096200,0.011100,0.081600,0.002300,0.1191,0.008100,0.065800,0.6049,0.005000,2.3616,0.000300,0.2283,0.000700,0.000300,0.031100,0.3112,0.5865,0.027400,0.9550,0.1714,0.002300,0.010600,0.000400,0.034000,0.076600,7.9691,8.7628,13.0955,634,16,0.2500,0,16,3.8438,1,0,0,629,1,0,115,102,13,0,-1,-1,0,-1,-1,13.9904,4.9185,0,1525.2227,1525.2227,1525.0977,95,871,551,321,0,0,0.000900,0,0,0.013000,0.082100,0.000500,0.011800,0.066900,0.038200,0.000900,0.001900,0.000300,0.001800,0.006400,0.000900,0.003800,0.022700,0.1213,0.057400,0.077400,0.1589,0.037000,0.3855,0.014600,0,0.000100,0.001200,0.063000,0.008400,0.001300,0.000300,0.024500,0.006300,0.012100,0.001100,0.1391,0.015700,0.041900,0.2100,0.069000,0.001500,0.022200,0.003600,0.032000,0.033300,0.015700,7.7531,0.070600,0.005800,0.000100,0,9.9531,0,0,0,0,0,0,0,50,0,0,0,0,1,1,9,9,2,1,1,4,1,1,1,1,1,1,7,7,1,1,50,9,6,42,76,794,950,0,0,0,0,0,-100,-100,-100,-100,600,1440,107.7673,0,0,-0.000000,-1,0,0,0,1,0,13.7344,5,50,75.1289,13.7344,0,0,48.9844,0,100,0,0,0,0,0,0,0,0,0,0.4169,0.4169,1,0.4169,0.4169,38.3938,8.9635,20141,90,568,135,12263.2695,3604.0703,7254.2305,0,15867.3359,9.6811,2.2406,7.3522,9.6811,2.2406,2.7956,33.3333,5.5558,23.7647,0.000600,0.022900,0.000600,0.000600,0.001600,0.007200,0.000600,0.073200,0,0.022500,0.032300,0.037600,0.3473,0.1790,0.019400,0.005100,0.061900,0,0.044400,0.021300,0.1811,0.005100,0.032900,0.1336,0.016200,0.092800,0.4356,0.7047,0.3247,0.056400,3.3640,0.098300,0.031700,0.049100,0.6917,0.065700,0.001800,0.002500,0.060800,0.1966,0.049200,0.000600,0.5988,938,388764,0,0,0,0,0,0,0.004700,0,0.008800,0,0,0,0,0,0,0,0,0,0,0,0,0,0,0,0,0,0,0
,0.015500,0.009100,2,57,0,55,0,0,13,233,14,0,454,3,0,0,12,2,0,0,0,0,0.007000,0.009200,0.3185,0.006100,0.008800,0.001100,0.8510,0.1830,0.052800,0.1300,0.001400,0.029800,0,1,768,256,11229,3565.7148,15494.9102,239.1602,0.001400,1,0.000100,0.3049,0.001800,0.016900,0.2855,0,0,0.053900,0.2952,2.5608,0.060100,0.000200,0.001500,0.000300,0.000200,0.007200,0.006400,0.041900,0.005000,0.031700,0.5803,0.010900,0.006500,0.5975,0.025200,0.007700,0.028800,0.012000,0.019700,0.082300,0.011600,0.090400,0.002400,0.1142,0.008500,0.066600,0.5976,0.004600,2.3518,0.000200,0.1869,0.000600,0.000400,0.027800,0.3007,0.5622,0.023400,0.8743,0.5092,0.002000,0.014500,0.000500,0.042300,0.2370,7.3740,8.7628,13.0955,634,16,0.2500,0,16,3.8438,1,0,0,629,1,0,115,102,13,0,-1,-1,0,-1,-1,13.9904,4.9185,0,1525.2227,1525.2227,1441.6289,95,871,551,321,0,0,0.001200,0,0,0.015300,0.086400,0.000500,0.011700,0.072400,0.037400,0.000700,0.001700,0.000300,0.001600,0.006600,0.000900,0.004500,0.021300,0.1489,0.054500,0.071600,0.1556,0.041100,0.1962,0.017100,1.0488,0.000200,0.006300,0.068200,0.009400,0.001400,0.000500,0.029300,0.006700,0.012400,0.001200,0.1491,0.016200,0.046800,0.2072,0.073900,0.001100,0.035000,0.002800,0.019900,0.023800,0.021200,6.7804,0.059900,0.006800,0.000100,0.002100,9.9741,0,0,0,0,0,0,0,50,0,0,0,0,1,1,9,9,2,1,1,4,1,1,1,1,1,1,7,7,1,1,50,9,6,42,76,794,950,0,0,0,0,0,-100,-100,-100,-100,600,1440,107.7673,0,0,-0.000000,-1,0,0,0,1,0,13.7344,5,50,75.1289,13.7344,0,0,48.9844,0,100,0,0,0,0,0,0,0,0,0,1.3868,1.3868,1,1.3868,1.3868,48.3280,8.9635,20141,90,568,135,12263.2812,3604.0703,7254.2305,0,15867.3398,10.2713,3.1122,8.2342,10.2713,3.1122,2.6935,33.3333,5.2609,23.4915,0.000300,0.021400,0.000500,0.000600,0.001600,0.008800,0.000600,0.074500,0,0.019400,0.019500,0.025400,0.3626,0.2881,0.021500,0.005100,0.062200,0,0.045500,0.025000,0.1884,0,0.032000,0.1403,0.015600,0.087900,0.4301,0.7037,0.3806,0.057400,2.0644,0.094100,0.030800,0.040000,0.6887,0.086200,0.001900,0.002500,0.062200,0.1976,0.049200,0.000700,0.6039,943,388986,0.050800,0,0,0,0,0,0,0,0.008600,0,0,0,0,0,0,0,0,0,0,0,0,0,0,0,0,0,0,0
,0.016400,0.005100,2,60,0,58,0,0,13,233,26,0,454,3,0,0,12,2,0,0,0,0,0.008900,0.007600,0.3340,0.005200,0.008100,0.001000,0.8470,0.1797,0.050900,0.1193,0.001400,0.037700,0,1,768,256,11229,3565.7148,15494.9102,239.1602,0.001200,4,0,0.007800,0.001700,0.019000,0.1693,0,0,0.068100,0.2165,2.6133,0.061500,0.000300,0.001600,0.000200,0.000200,0.007200,0.006100,0.041000,0.005500,0.030200,0.1309,0.010700,0.006100,0.3193,0.028100,0.008300,0.026400,0.011000,0.018400,0.1201,0.012000,0.076100,0.002300,0.1345,0.008500,0.1214,0.6015,0.004800,2.3165,0.000500,0.1848,0.000700,0.000200,0.027000,0.3140,0.5980,0.023900,0.8987,0.4910,0.002200,0.014900,0.000600,0.040500,0,8.8881,8.7628,13.0955,634,16,0.2500,0,16,3.8438,1,0,0,629,1,0,115,102,13,0,-1,-1,0,-1,-1,13.9904,4.9185,0,1525.2227,1525.2227,1525.0977,95,876,561,321,0,0,0.001100,0,0,0.013200,0.079700,0.000800,0.011400,0.067100,0.037500,0.001000,0.001300,0.000300,0.001600,0.005900,0.001200,0.004000,0.022600,0.1496,0.052900,0.079400,0.1586,0.043800,0.1721,0.027200,0.095400,0.000300,0.001400,0.060200,0.008400,0.001400,0.000600,0.025400,0.006000,0.011700,0.001100,0.1359,0.013900,0.040400,0.2012,0.067900,0.001000,0.044800,0.002300,0.031700,0.021600,0.016900,8.3691,0.060400,0.006300,0.000100,0,9.9241,0,0,0,0,0,0,0,50,0,0,0,0,1,1,9,9,2,1,1,4,1,1,1,1,1,1,7,7,1,1,50,9,6,42,76,794,950,0,0,0,0,0,-100,-100,-100,-100,600,1440,107.7673,0,0,-0.000000,-1,0,0,0,1,0,13.7344,5,50,75.1289,13.7344,0,0,48.9844,0,100,0,0,0,0,0,0,0,0,0,0.4610,0.4610,1,0.4610,0.4610,58.8316,8.9635,20141,90,568,135,12263.0234,3604.0703,7254.2305,0,15867.3516,10.3732,2.1567,7.3000,10.3732,2.1580,2.9155,33.3333,5.7549,24.4034,0.000200,0.021200,0.000600,0.000600,0.001700,0.009700,0.000600,0.073900,0,0.018400,0.020100,0.025000,0.3537,0.6660,0.021400,0.006200,0.062500,0,0.046800,0.020900,0.1823,0,0.033100,0.1408,0.022100,0.1092,0.4383,0.7557,0.2786,0.056300,2.4063,0.095300,0.030700,0.039300,0.6953,0.091800,0.002100,0.004700,0.061900,0.1966,0.050200,0.000800,0.6202,1005,402566,0,0,0,0,0,0.1518,0,0.001400,0.007500,0,0,0,0,0,0,0,0,0,0,0,0,0,0,0,0,0,0,0
,0.015000,0.016000,2,80,0,78,0,0,14,233,45,0,454,3,0,0,13,2,0,0,0,0,0,0.003100,0.3214,0.006800,0.009000,0.001100,0.8843,0.6577,0.051600,0.1274,0.001400,0.3905,0,0,768,256,11229,3565.7148,15494.9102,239.1602,0.001600,4,0.000300,0.010400,0.001800,0.020500,0.1863,0,0,0.062500,0.3826,2.6235,0.067900,0.000400,0.001300,0.000200,0.000300,0.007400,0.006400,0.041300,0.004700,0.030900,0.1069,0.014000,0.005900,1.5470,0.028900,0.008900,0.1015,0.013200,0.020400,0.085400,0.011500,0.067700,0.002000,0.099600,0.008200,0.078300,0.5777,0.004500,2.3651,0.000300,0.2024,0.000600,0.000300,0.029400,0.3283,0.6601,0.025400,0.9400,0.4306,0.002200,0.013700,0.000500,0.038000,0,7.8461,8.7628,13.0955,634,16,0.2500,0,16,3.8438,1,0,0,629,1,0,115,102,13,0,-1,-1,0,-1,-1,13.9904,4.9185,0,1525.2227,1525.2227,1525.0977,95,876,561,321,0,0,0.001200,0,0,0.014500,0.1056,0.000500,0.012800,0.071400,0.041500,0.001000,0.001700,0.000300,0.001900,0.007200,0.001000,0.004200,0.024400,0.1355,0.061300,0.078600,0.1646,0.040100,0.5561,0.014400,0,0.000300,0.001600,0.065900,0.009400,0.001400,0.000600,0.029800,0.007500,0.012500,0.001200,0.1461,0.014200,0.059000,0.2279,0.071600,0.001100,0.050200,0.002400,0.046100,0.021900,0.030200,7.1403,0.059500,0.006000,0.000100,0,10.4862,0,0,0,0,0,0,0,50,0,0,0,0,1,1,9,9,2,1,1,4,1,1,1,1,1,1,7,7,1,1,50,9,6,42,76,794,950,0,0,0,0,0,-100,-100,-100,-100,600,1440,107.7673,0,0,-0.000000,-1,0,0,0,1,0,13.7344,5,50,75.1289,13.7344,0,0,48.9844,0,100,0,0,0,0,0,0,0,0,0,0.4507,0.4507,1,0.4507,0.4507,6.6100,8.9635,20141,90,568,135,12263.2969,3604.0703,7254.2305,0,15867.0938,9.7736,2.4398,7.7240,9.7736,2.4398,2.7416,33.3333,5.8771,23.6393,0.000200,0.022100,0.000600,0.000600,0.001700,0.011800,0.000700,0.075200,0,0.018400,0.029000,0.034900,0.3536,0.2019,0.019500,0.004100,0.063600,0,0.045900,0.019800,0.2106,0.005100,0.032500,0.1339,0.015300,0.1025,0.4381,0.7791,0.3238,0.056200,2.4667,0.094200,0.031800,0.038000,0.6996,0.070000,0.001900,0.002300,0.059300,0.1987,0.050200,0.000600,0.6190,935,388706,0,2384,1340,0,1.0559,0,0,0,0.008600,0,0,0,0,0,0,0,0,0,0,0,0,0,0,0,0,0,0,0
,0.028700,0.2311,2,57,0,55,0,0,13,233,9,0,454,3,0,0,12,2,0,0,0,0,0.019100,0.020700,0.3430,0.005500,0.009900,0.001100,0.8643,0.1646,0.053200,0.1263,0.000900,0.026900,0,0,768,256,11229,3565.7148,15494.9102,239.1602,0.001300,6,0.000500,0.012500,0.002400,0.018800,0.1983,0,0,0.1057,0.2507,2.5094,0.067500,0.000200,0.001200,0.000200,0.000300,0.006900,0.006900,0.043200,0.005100,0.031800,0.1001,0.012000,0.007200,1.2525,0.027200,0.008500,0.039400,0.010900,0.018900,0.075200,0.020000,0.075400,0.002200,0.099900,0.007900,0.071100,0.6050,0.004800,2.3486,0.000200,0.1792,0.000600,0.000200,0.027500,0.3011,0.5918,0.024600,0.9090,0.1272,0.002100,0.009600,0.000400,0.034000,0,9.4005,8.7628,13.0955,634,16,0.2500,0,16,3.8438,1,0,0,629,1,0,115,102,13,0,-1,-1,0,-1,-1,13.9904,4.9185,0,1525.2227,1525.2227,1525.0977,95,878,561,321,0,0,0.001000,0,0,0.015000,0.088400,0.000500,0.010200,0.068500,0.042400,0.000900,0.001900,0.000600,0.001700,0.007100,0.001000,0.004200,0.023000,0.1674,0.071700,0.097000,0.1556,0.042700,0.1489,0.026900,0.1105,0.000300,0.001500,0.064500,0.008500,0.001100,0.000700,0.024800,0.006200,0.012100,0.001200,0.1539,0.018500,0.043600,0.1906,0.070900,0.001100,0.039900,0.002300,0.015900,0.022500,0.017400,8.8159,0.060500,0.005800,0.000100,0,9.6464,0,0,0,0,0,0,0,50,0,0,0,0,1,1,9,9,2,1,1,4,1,1,1,1,1,1,7,7,1,1,50,9,6,42,76,794,950,0,0,0,0,0,-100,-100,-100,-100,600,1440,107.7673,0,0,-0.000000,-1,0,0,0,1,0,13.7344,5,50,75.1289,13.7344,0,0,48.9844,0,100,0,0,0,0,0,0,0,0,0,0.4570,0.4570,1,0.4570,0.4570,17.6066,8.9635,20141,90,568,135,12263.3164,3604.0703,7254.2305,0,15867.3672,10.9379,2.2606,7.4368,10.9379,2.2616,2.9516,33.3333,5.6150,23.8171,0.000200,0.022300,0.000700,0.000600,0.001600,0.007300,0.000600,0.072800,0.001100,0.019500,0.031000,0.040900,0.3405,0.3051,0.019500,0.006100,0.066000,0,0.044400,0.008600,0.1808,0.005200,0.032000,0.1338,0.014600,0.088900,0.4381,0.6988,0.3927,0.057400,2.0687,0.093200,0.030700,0.039400,0.6945,0.098300,0.001800,0.002300,0.063100,0.1966,0.050200,0.000600,0.6058,957,392810,0,0,0,0,0,0,0.001600,0.001100,0.008800,0,0,0,0,0,0,0,0,0,0,0,0,0,0,0,0,0,0,0
,0.020000,0.008900,2,59,0,57,0,0,13,233,27,0,454,3,0,0,12,2,0,0,0,0,0.009500,0.009800,0.3216,0.005300,0.009000,0.000800,0.8610,0.1950,0.053800,0.1238,0.001200,0.025700,0,1,768,256,11229,3565.7148,15494.9102,239.1602,0.001300,6,0.000300,0.009600,0.001700,0.017000,0.1825,0,0,0.056000,0.2211,2.6161,0.059800,0.000300,0.001200,0.000200,0.000300,0.006900,0.006800,0.044000,0.004900,0.032000,0.1292,0.010100,0.006300,0.6736,0.026500,0.008800,0.025700,0.011300,0.018300,0.084800,0.009000,0.072000,0.001900,0.097900,0.008700,0.069600,0.6200,0.005300,2.3354,0.000300,0.1814,0.000600,0.000500,0.029400,0.3088,0.5929,0.023500,0.8922,0.1777,0.001700,0.009100,0.000600,0.034400,0.097800,8.4638,8.7628,13.0955,634,16,0.2500,0,16,3.8438,1,0,0,629,1,0,115,102,13,0,-1,-1,0,-1,-1,13.9904,4.9185,0,1525.2227,1525.2227,1525.0977,95,871,551,321,0,0,0.000800,0,0,0.014300,0.088100,0.000500,0.011400,0.066000,0.038800,0.000900,0.001600,0.000200,0.001600,0.005900,0.001100,0.004000,0.021400,0.1360,0.059100,0.082500,0.1499,0.039000,0.1766,0.018000,0.041500,0.000200,0.001900,0.062900,0.008100,0.001000,0.000600,0.024000,0.005700,0.012100,0.001000,0.1363,0.015400,0.042200,0.2098,0.076100,0.001500,0.045700,0.002900,0.034200,0.024100,0.017500,8.1958,0.056800,0.005900,0.000100,0,11.0114,0,0,0,0,0,0,0,50,0,0,0,0,1,1,9,9,2,1,1,4,1,1,1,1,1,1,7,7,1,1,50,9,6,42,76,794,950,0,0,0,0,0,-100,-100,-100,-100,600,1440,107.7673,0,0,-0.000000,-1,0,0,0,1,0,13.7344,5,50,75.1289,13.7344,0,0,48.9844,0,100,0,0,0,0,0,0,0,0,0,0.3891,0.3891,1,0.3891,0.3891,27.8740,8.9635,20141,90,568,135,12264.6758,3604.0703,7254.2305,0,15867.3867,9.9923,2.0333,7.3306,9.9923,2.0396,2.9296,33.3333,5.6379,24.2818,0.000300,0.022000,0.000600,0.000600,0.001600,0.007400,0.000600,0.074100,0.001000,0.020500,0.029500,0.039000,0.3582,0.1814,0.019500,0.006100,0.062000,0,0.045400,0.008700,0.1927,0.005100,0.032600,0.1362,0.016300,0.098700,0.4198,0.7103,0.3121,0.057300,2.9862,0.093200,0.031700,0.039800,0.6979,0.071400,0.002200,0.002500,0.063400,0.1976,0.049100,0.000600,0.5841,1027,408510,0,0,0,0,0,0,0,0.006500,0.008800,0,0,0,0,0,0,0,0,0,0,0,0,0,0,0,0,0,0,0
,0.072000,0.011800,2,80,0,78,0,0,14,233,42,0,454,3,0,0,13,2,0,0,0,0,0.007900,0.006900,0.3311,0.004700,0.008500,0.001000,0.8537,0.1806,0.053100,0.1235,0.001600,0.025400,0.000800,1,768,256,11229,3565.7148,15494.9102,239.1602,0.002000,4,0.000100,0.008200,0.001900,0.020200,0.1887,0,0,0.061300,0.2682,2.4301,0.062300,0.000200,0.001300,0.000200,0.000300,0.006800,0.006100,0.042000,0.005400,0.031400,0.1016,0.010500,0.005700,1.5290,0.026600,0.007600,0.029400,0.011400,0.018700,0.1040,0.013200,0.070600,0.002100,0.087500,0.008100,0.065000,0.6054,0.004300,2.3149,0.000200,0.1821,0.000600,0.000300,0.027000,0.3062,0.5459,0.024600,0.9004,0.1278,0.002000,0.008900,0.000400,0.030400,0,6.5116,8.7628,13.0955,634,16,0.2500,0,16,3.8438,1,0,0,629,1,0,115,102,13,0,-1,-1,0,-1,-1,13.9904,4.9185,0,1525.2227,1525.2227,1525.0977,95,876,551,321,0,0,0.000800,0,0,0.015000,0.085600,0.000600,0.012200,0.080600,0.041800,0.000900,0.001300,0.000200,0.001400,0.005600,0.000900,0.003600,0.022500,0.1410,0.054600,0.073500,0.1660,0.046000,0.1503,0.019800,1.2904,0.000600,0.001700,0.070500,0.010300,0.001600,0.000300,0.030600,0.007600,0.014100,0.001200,0.1508,0.015800,0.045900,0.2145,0.078100,0.001200,0.045900,0.002000,0.033100,0.023000,0.023400,6.2326,0.059500,0.005900,0.000100,0,10.2942,0,0,0,0,0,0,0,50,0,0,0,0,1,1,9,9,2,1,1,4,1,1,1,1,1,1,7,7,1,1,50,9,6,42,76,794,950,0,0,0,0,0,-100,-100,-100,-100,600,1440,107.7673,0,0,-0.000000,-1,0,0,0,1,0,13.7344,5,50,75.1289,13.7344,0,0,48.9844,0,100,0,0,0,0,0,0,0,0,0,1.5865,1.5865,1,1.5865,1.5865,37.5100,8.9635,20141,90,568,135,12264.8555,3604.0703,7254.2305,0,15868.7461,9.5761,3.3805,7.3306,9.5761,3.3850,2.9702,33.3333,5.9686,23.9939,0.000300,0.018400,0.000500,0.001400,0.001700,0.008700,0.000600,0.073400,0.001000,0.018500,0.019700,0.037800,0.3445,0.1851,0.019500,0.005100,0.067600,0,0.046700,0.009100,0.1982,0,0.032600,0.1334,0.015600,0.088900,0.4268,0.7570,0.3458,0.056300,2.4644,0.095200,0.032800,0.039700,0.6841,0.086800,0.001900,0.002700,0.063200,0.1955,0.051200,0.000600,0.6126,923,384734,0,0,0,0,0,0,0,0.004900,0.007900,0,0,0,0,0,0,0,0,0,0,0,0,0,0,0,0,0,0,0
,0.018200,0.013800,2,56,0,54,0,0,13,233,14,0,454,3,0,0,12,2,0,0,0,0,0.008500,0.002600,0.3181,0.005100,0.009300,0.001200,0.8374,0.7007,0.053100,0.1322,0.001300,0.044200,0.012300,0,768,256,11229,3565.7148,15494.9102,239.1602,0.001600,1,0.000100,0.008000,0.002200,0.018500,0.1728,0,0,0.1095,0.2552,2.5779,0.067800,0.000200,0.001200,0.000200,0.000200,0.006800,0.006500,0.043000,0.005400,0.036300,0.1401,0.012400,0.006200,1.9120,0.030100,0.008000,0.038400,0.011900,0.018600,0.079800,0.007900,0.064800,0.002100,0.075900,0.008300,0.078600,0.5966,0.004300,2.3044,0.000500,0.1729,0.000500,0.000300,0.027900,0.3637,0.6823,0.023800,0.8892,0.1651,0.001700,0.009100,0.000500,0.033200,0.1369,7.8486,8.7628,13.0955,634,16,0.2500,0,16,3.8438,1,0,0,629,1,0,115,102,13,0,-1,-1,0,-1,-1,13.9904,4.9185,0,1525.2227,1525.2227,1525.0977,95,870,551,322,0,0,0.001100,0,0,0.013500,0.080700,0.000500,0.010500,0.068600,0.034800,0.000800,0.001300,0.000200,0.001600,0.006000,0.001200,0.003300,0.020400,0.1255,0.051300,0.071100,0.1636,0.042000,0.5961,0.013500,0,0.000500,0.001600,0.063700,0.009100,0.001400,0.000400,0.027000,0.006700,0.012500,0.001300,0.1382,0.015500,0.043700,0.2053,0.072500,0.001300,0.020900,0.002800,0.017600,0.034400,0.020400,7.6780,0.058900,0.006200,0.000200,0,9.5963,0,0,0,0,0,0,0,50,0,0,0,0,1,1,9,9,2,1,1,4,1,1,1,1,1,1,7,7,1,1,50,9,6,42,76,794,950,0,0,0,0,0,-100,-100,-100,-100,600,1440,107.7673,0,0,-0.000000,-1,0,0,0,1,0,13.7344,5,50,75.1289,13.7344,0,0,48.9844,0,100,0,0,0,0,0,0,0,0,0,0.4290,0.4290,1,0.4290,0.4290,47.5669,8.9635,20141,90,568,135,12264.8555,3604.0703,7254.2305,0,15868.9258,10.0520,2.4339,7.3349,10.0520,2.4339,2.8474,33.3333,5.5497,24.6442,0.000200,0.021400,0.000500,0.000700,0.001700,0.012500,0.000600,0.073400,0,0.017400,0.027500,0.039600,0.7791,0.2955,0.021500,0.006100,0.064900,0.001000,0.045400,0.021400,0.6566,0,0.040400,0.1790,0.015600,0.092300,0.4346,0.6922,0.3852,0.056300,2.0581,0.093200,0.030700,0.038800,0.6898,0.087400,0.001800,0.002900,0.059300,0.1946,0.050200,0.000600,0.6468,974,394324,0,0,0,0,0,0,0.007300,0,0.007800,0,0,0,0,0,0,0,0,0,0,0,0,0,0,0,0,0,0,0
,0.054600,0.014800,2,73,0,71,0,0,14,233,30,0,454,3,0,0,13,2,0,0,0,0,0.008800,0.006500,0.3176,0.004900,0.009100,0.001100,0.8169,0.3164,0.047700,0.1273,0.001300,0.023100,0.002300,1,768,256,11229,3565.7148,15494.9102,239.1602,0.001100,9,0.000300,0.007900,0.002200,0.012100,0.1808,0,0,0.055100,0.2482,2.4510,0.061600,0.000200,0.001200,0.000200,0.000200,0.006600,0.005800,0.043700,0.005100,0.031700,0.1566,0.011400,0.005900,1.5972,0.030700,0.009700,0.037200,0.011000,0.019500,0.076600,0.010500,0.074200,0.002000,0.080400,0.008000,0.081600,0.6227,0.005000,2.4672,0.000300,0.2037,0.000500,0.000500,0.033000,0.3140,0.6972,0.027200,1.0061,0.1674,0.001800,0.009600,0.000300,0.037900,0.053400,8.9853,8.7628,13.0955,634,16,0.2500,0,16,3.8438,1,0,0,629,1,0,115,102,13,0,-1,-1,0,-1,-1,13.9904,4.9185,0,1525.2227,1525.2227,1525.0977,95,873,561,322,0,0,0.000800,0,0,0.013600,0.1000,0.000800,0.013300,0.075300,0.038100,0.000800,0.001800,0.000300,0.001800,0.006900,0.001100,0.004100,0.024400,0.1286,0.056600,0.078900,0.1585,0.046000,0.3051,0.020300,0,0.000300,0.001700,0.066700,0.009000,0.001000,0.000500,0.027200,0.006600,0.012900,0.001300,0.1469,0.014800,0.040500,0.2086,0.072700,0.001400,0.046500,0.003200,0.035200,0.022800,0.016500,8.7258,0.053600,0.006400,0.000200,0.010500,10.0326,0,0,0,0,0,0,0,50,0,0,0,0,1,1,9,9,2,1,1,4,1,1,1,1,1,1,7,7,1,1,50,9,6,42,76,794,950,0,0,0,0,0,-100,-100,-100,-100,600,1440,107.7673,0,0,-0.000000,-1,0,0,0,1,0,13.7344,5,50,75.1289,13.7344,0,0,48.9844,0,100,0,0,0,0,0,0,0,0,0,0.4241,0.4241,1,0.4241,0.4241,58.4542,8.9635,20141,90,568,135,12264.8594,3604.0703,7254.2305,0,15868.9258,10.9015,2.1240,8.1011,10.9015,2.1240,2.9858,33.3333,5.4314,24.8404,0.000700,0.018300,0.000600,0.000600,0.001600,0.007300,0.000600,0.072900,0,0.019500,0.020100,0.033000,0.3390,0.1978,0.019500,0.005100,0.065800,0,0.043500,0.011500,0.1995,0,0.032500,0.1393,0.015900,0.088500,0.4275,0.7548,0.3309,0.057400,2.4568,0.1004,0.030700,0.040300,1.5793,0.096500,0.001900,0.002600,0.065600,0.2058,0.051200,0.000700,0.6095,920,383578,0.2760,0,0,0,0,0,0,0,0.007700,0,0,0,0,0,0,0,0,0,0,0,0,0,0,0,0,0,0,0
,0.016400,0.018000,2,56,0,54,0,0,13,233,13,0,454,3,0,0,12,2,0,0,0,0,0.007600,0,0.3268,0.006000,0.009400,0.001200,0.8677,0.5440,0.053700,0.1377,0,0.025300,0.001100,0,768,256,11229,3565.7148,15494.9102,239.1602,0.001300,0,0.000300,0.009500,0.2881,0.013500,0.1827,0,0,0.060800,0.3492,2.3444,0.1295,0.000200,0.001400,0.000200,0.000200,0.007900,0.006900,0.049900,0.005900,0.034200,0.1346,0.011500,0.006500,1.4976,0.027300,0.008300,0.042000,0.012300,0.017500,0.098000,0.010400,0.074900,0.002200,0.082100,0.008400,0.068200,0.5793,0.004600,2.3149,0.000300,0.1821,0.000500,0.000500,0.026700,0.3611,0.6098,0.023900,0.8860,0.3816,0.001900,0.011800,0.000400,0.040200,0.1045,8.7068,8.7628,13.0955,634,16,0.2500,0,16,3.8438,1,0,0,629,1,0,115,102,13,0,-1,-1,0,-1,-1,13.9904,4.9185,0,1525.2227,1525.2227,1441.6289,95,844,535,318,0,0,0.001000,0,0,0.014500,0.077600,0.000500,0.014700,0.066000,0.035300,0.000800,0.001800,0.000300,0.001600,0.006300,0.001000,0.003800,0.020500,0.1380,0.054900,0.075500,0.1594,0.042900,0.4504,0.016000,0,0.000200,0.001700,0.062700,0.009400,0.000900,0.000400,0.025100,0.006200,0.011800,0.001100,0.1364,0.013700,0.040000,0.1988,0.069500,0.001200,0.047400,0.002100,0.031200,0.021500,0.019600,8.0717,0.060400,0.006300,0.000200,0,10.8829,0,0,0,0,0,0,0,50,0,0,0,0,1,1,9,9,2,1,1,4,1,1,1,1,1,1,7,7,1,1,50,9,6,42,76,794,950,0,0,0,0,0,-100,-100,-100,-100,600,1440,107.7673,0,0,-0.000000,-1,0,0,0,1,0,13.7344,5,50,75.1289,13.7344,0,0,48.9844,0,100,0,0,0,0,0,0,0,0,0,0.4154,0.4154,1,0.4154,0.4154,5.7254,8.9635,20141,90,568,135,12264.2344,3604.0703,7254.2305,0,15868.9297,10.7518,2.2558,7.3797,10.7518,2.2558,2.9530,33.3333,5.1595,23.9053,0.000200,0.022300,0.000600,0.000700,0.001600,0.008700,0.000500,0.073700,0,0.024600,0.032500,0.039300,0.3577,0.1830,0.018400,0.006100,0.066600,0,0.045700,0.011400,0.1910,0.005100,0.031800,0.1347,0.015400,0.091600,0.4278,0.7509,0.3496,0.057400,2.4917,0.095300,0.031700,0.039100,0.6915,0.097600,0.001900,0.002300,0.061600,0.1978,0.050200,0.000800,0.5958,966,394100,0,2379,1336,0,0.9513,0,0.006000,0,0.008500,0,0,0,0,0,0,0,0,0,0,0,0,0,0,0,0,0,0,0
,0.016100,0.070300,2,70,0,68,0,0,14,233,27,0,454,3,0,0,13,2,0,0,0,0,0.012000,0.008200,0.3460,0.004700,0.008900,0.001200,0.8674,0.1823,0.050900,0.1312,0.002200,0.036000,0,1,768,256,11229,3565.7148,15494.9102,239.1602,0.002600,3,0.000200,0.007500,0.002400,0.012700,0.1833,0,0,0.063200,0.2259,2.4362,0.068300,0.000300,0.001400,0.000300,0.000400,0.007200,0.007500,0.042900,0.005400,0.032200,0.1009,0.020800,0.005600,1.2969,0.030400,0.008100,0.029600,0.012200,0.018400,0.095400,0.013900,0.098300,0.003000,0.083700,0.008900,0.072700,0.6536,0.005300,2.3810,0.000200,0.1962,0.000600,0.000400,0.028400,0.3044,0.6165,0.023600,0.8991,0.1086,0.001800,0.010200,0.000500,0.033200,0,8.9940,8.7628,13.0955,634,16,0.2500,0,16,3.8438,1,0,0,629,1,0,115,102,13,0,-1,-1,0,-1,-1,13.9904,4.9185,0,1525.2227,1525.2227,1525.0977,95,844,535,318,0,0,0.001700,0,0,0.016900,0.084700,0.000600,0.011800,0.070800,0.041100,0.001000,0.001500,0.000400,0.001600,0.006300,0.001100,0.004200,0.022900,0.1298,0.059800,0.087900,0.1612,0.045700,0.1650,0.025400,0.1701,0.000100,0.001400,0.063100,0.008400,0.001300,0.000600,0.024900,0.006400,0.012200,0.001100,0.1406,0.014600,0.041600,0.1922,0.067300,0.001100,0.038800,0.002400,0.017100,0.023600,0.016500,8.4346,0.066500,0.006000,0.000100,0,10.3597,0,0,0,0,0,0,0,50,0,0,0,0,1,1,9,9,2,1,1,4,1,1,1,1,1,1,7,7,1,1,50,9,6,42,76,794,950,0,0,0,0,0,-100,-100,-100,-100,600,1440,107.7673,0,0,-0.000000,-1,0,0,0,1,0,13.7344,5,50,75.1289,13.7344,0,0,48.9844,0,100,0,0,0,0,0,0,0,0,0,0.4834,0.4834,1,0.4834,0.4834,16.2955,8.9635,20141,90,568,135,12264.5742,3604.0703,7254.2305,0,15868.3047,10.5384,2.2145,7.3768,10.5384,2.2145,2.8883,33.3333,5.7134,23.6174,0.000200,0.022000,0.000800,0.000600,0.001900,0.008200,0.000700,0.075000,0,0.020500,0.022300,0.025600,0.3415,0.2000,0.021500,0.006100,0.062400,0,0.042400,0.011400,0.059300,0.005100,0.031100,0.1243,0.015300,0.089500,0.4235,1.1786,0.3395,0.059400,2.4510,0.094200,0.031800,0.039500,0.6920,0.089700,0.001900,0.002600,0.062800,0.1967,0.050100,0.000600,0.5862,961,396658,0,0,0,0,0,0,0,0,0.007600,0,0,0,0,0,0,0,0,0,0,0,0,0,0,0,0,0,0,0
,0.015500,0.009100,2,64,0,62,0,0,13,233,47,0,454,3,0,0,12,2,0,0,0,0,0.012000,0.001800,0.3149,0.005000,0.008300,0.001200,0.8351,0.1905,0.052500,0.1260,0.000800,0.032000,0,0,768,256,11229,3565.7148,15494.9102,239.1602,0.001800,2,0.000200,0.007900,0.002000,0.013000,0.1891,0,0,0.055400,0.3260,2.2846,0.074500,0.000200,0.001200,0.000200,0.000200,0.007100,0.009100,0.041100,0.005400,0.031400,0.1661,0.010300,0.005800,1.5388,0.027600,0.008900,0.033100,0.012100,0.018900,0.084600,0.008300,0.070100,0.001800,0.074500,0.007700,0.065900,0.6287,0.004900,2.3137,0.000400,0.1901,0.000500,0.000500,0.028900,0.3112,0.6188,0.025100,0.9122,0.4003,0.002000,0.013400,0.000600,0.035700,0.1593,6.9655,8.7628,13.0955,634,16,0.2500,0,16,3.8438,1,0,0,629,1,0,115,102,13,0,-1,-1,0,-1,-1,13.9904,4.9185,0,1525.2227,1525.2227,1441.6289,95,844,535,318,0,0,0.001000,0,0,0.014900,0.084300,0.000600,0.012200,0.075500,0.042500,0.000800,0.001800,0.000100,0.001800,0.006700,0.001200,0.003800,0.024200,0.1579,0.060400,0.082300,0.1582,0.041500,0.1741,1.4129,0.1063,0.000300,0.005900,0.069300,0.010600,0.001400,0.000600,0.029100,0.007200,0.013700,0.001500,0.1508,0.015500,0.059000,0.2308,0.071000,0.001200,0.044100,0.002100,0.037900,0.024100,0.023700,6.3742,0.055500,0.006300,0.000100,0,10.6211,0,0,0,0,0,0,0,50,0,0,0,0,1,1,9,9,2,1,1,4,1,1,1,1,1,1,7,7,1,1,50,9,6,42,76,794,950,0,0,0,0,0,-100,-100,-100,-100,600,1440,107.7673,0,0,-0.000000,-1,0,0,0,1,0,13.7344,5,50,75.1289,13.7344,0,0,48.9844,0,100,0,0,0,0,0,0,0,0,0,1.8512,1.8512,1,1.8512,1.8512,26.3348,8.9635,20141,90,568,135,12265.5195,3604.0703,7254.2305,0,15868.6445,10.0299,3.5601,8.0074,10.0299,3.5682,3.0283,33.3333,5.5273,23.8262,0.000300,0.021600,0.000600,0.000600,0.001700,0.007700,0.000600,0.072400,0.001000,0.019400,0.025600,0.035500,0.3400,0.1930,0.019500,0.005100,0.063100,0,0.045800,0.010800,0.062500,0.005100,0.031400,0.1252,0.015500,0.086600,0.4255,0.7570,0.3108,0.057300,2.4664,0.095200,0.030800,0.039700,0.6837,0.088000,0.001700,0.002500,0.062600,0.1996,0.050200,0.000600,0.6141,911,383834,0,0,0,0,0,0,0,0.008300,0.009000,0,0,0,0,0,0,0,0,0,0,0,0,0,0,0,0,0,0,0
,0.1104,0.007000,2,57,0,55,0,0,13,233,11,0,454,3,0,0,12,2,0,0,0,0,0,0.014600,0.3370,0.006000,0.010000,0.001100,0.9043,0.1723,0.054000,0.1361,0,0.035200,0.005400,0,768,256,11229,3565.7148,15494.9102,239.1602,0,4,0.000100,0.008800,0.002600,0.013300,0.1920,0,0,0.060300,0.2224,2.7580,0.057200,0.000300,0.001200,0.000200,0.000300,0.006800,0.006800,0.039800,0.005000,0.031600,0.1280,0.010700,0.005500,0.3068,0.025000,0.008100,0.029800,0.011400,0.017900,0.086100,0.008900,0.070700,0.002100,0.076100,0.008100,0.066400,0.5827,0.004100,2.3094,0.000200,0.1723,0.000500,0.000300,0.027500,0.3528,0.8647,0.024000,0.8967,0.1838,0.002200,0.012400,0.000600,0.032300,0.1512,9.0118,8.7628,13.0955,634,16,0.2500,0,16,3.8438,1,0,0,629,1,0,115,102,13,0,-1,-1,0,-1,-1,13.9904,4.9185,0,1525.2227,1525.2227,1525.0977,95,879,535,318,0,0,0.001000,0,0,0.014000,0.077000,0.000700,0.011000,0.065000,0.038100,0.000700,0.001300,0.000300,0.001600,0.006200,0.001200,0.004100,0.021900,0.1466,0.055200,0.079800,0.1568,0.037400,0.1606,0.023200,0.1420,0.000100,0.001600,0.059000,0.008400,0.001700,0.000500,0.026100,0.005800,0.011700,0.001000,0.1311,0.015400,0.037400,0.1901,0.063300,0.001000,0.038300,0.002400,0.030600,0.021100,0.015700,8.4792,0.058500,0.006500,0.000100,0,10.0226,0,0,0,0,0,0,0,50,0,0,0,0,1,1,9,9,2,1,1,4,1,1,1,1,1,1,7,7,1,1,50,9,6,42,76,794,950,0,0,0,0,0,-100,-100,-100,-100,600,1440,107.7673,0,0,-0.000000,-1,0,0,0,1,0,13.7344,5,50,75.1289,13.7344,0,0,48.9844,0,100,0,0,0,0,0,0,0,0,0,0.4692,0.4692,1,0.4692,0.4692,36.8834,8.9635,20141,90,568,135,12265.5195,3604.0703,7254.2305,0,15869.5898,10.5300,2.1938,7.2113,10.5300,2.1957,2.8871,33.3333,5.5171,24.6149,0.000200,0.022100,0.000700,0.000800,0.001700,0.008600,0.000600,0.079300,0,0.018400,0.020500,0.030200,0.3589,0.1950,0.020500,0.005100,0.062100,0,0.046400,0.015100,0.063400,0.005200,0.033600,0.1369,0.015500,0.089700,0.4279,0.7711,0.3054,0.058400,2.3257,0.094300,0.030700,0.039700,0.6867,0.098100,0.002300,0.004400,0.059900,0.1956,0.050200,0.000500,0.5989,984,398842,0,0,0,0,0,0.2259,0,0.002100,0.008100,0,0,0,0,0,0,0,0,0,0,0,0,0,0,0,0,0,0,0
,0.3756,0.005500,2,76,0,74,0,0,14,233,43,0,454,3,0,0,13,2,0,0,0,0,0.008500,0.006600,0.3160,0.005400,0.008900,0.001100,0.8403,0.1991,0.050700,0.1681,0.002200,0.031800,0,2,768,256,11229,3565.7148,15494.9102,239.1602,0.003200,3,0.000200,0.012100,0.001900,0.012700,0.1806,0,0,0.059200,0.2859,2.7952,0.065600,0.000200,0.001700,0.000200,0.000200,0.008200,0.007300,0.040600,0.005100,0.030700,0.091200,0.010100,0.006100,1.5666,0.028100,0.008900,0.039400,0.011400,0.018500,0.085000,0.007900,0.071300,0.002000,0.077600,0.007700,0.068600,0.6050,0.005200,2.3318,0.000200,0.1824,0.000500,0.000300,0.027800,0.3753,0.7002,0.025700,0.9492,0.1956,0.002000,0.009200,0.000500,0.035900,0,8.2895,8.7628,13.0955,634,16,0.2500,0,16,3.8438,1,0,0,629,1,0,115,102,13,0,-1,-1,0,-1,-1,13.9904,4.9185,0,1525.2227,1525.2227,1525.0977,95,880,535,318,0,0,0.001200,0,0,0.015300,0.080900,0.000700,0.012100,0.068200,0.039800,0.000900,0.001600,0.000200,0.001500,0.006500,0.000800,0.003800,0.021400,0.1524,0.055600,0.074300,0.1522,0.043200,0.1864,0.020200,0.2242,0.000300,0.001700,0.064600,0.009600,0.001400,0.001000,0.025500,0.006600,0.012600,0.001700,0.1345,0.014800,0.040100,0.1962,0.068700,0.001200,0.042500,0.002700,0.018600,0.024200,0.016700,7.6558,0.058000,0.006300,0.000200,0,10.5261,0,0,0,0,0,0,0,50,0,0,0,0,1,1,9,9,2,1,1,4,1,1,1,1,1,1,7,7,1,1,50,9,6,42,76,794,950,0,0,0,0,0,-100,-100,-100,-100,600,1440,107.7673,0,0,-0.000000,-1,0,0,0,1,0,13.7344,5,50,75.1289,13.7344,0,0,48.9844,0,100,0,0,0,0,0,0,0,0,0,0.5912,0.5912,1,0.5912,0.5912,46.7324,8.9635,20141,90,568,135,12265.5195,3604.0703,7254.2305,0,15869.5898,9.9173,2.1647,7.2309,9.9173,2.1647,2.9424,33.3333,5.6509,25.0034,0.000500,0.021000,0.000600,0.000600,0.001800,0.009600,0.000600,0.075100,0,0.020500,0.021800,0.036800,0.3421,0.1920,0.019400,0.006200,0.065700,0.001000,0.043800,0.013700,0.074700,0.005200,0.030500,0.1370,0.015600,0.088200,0.4285,0.6698,0.3115,0.055200,3.4776,0.096200,0.031800,0.038200,0.6917,0.088000,0.001900,0.002400,0.062200,0.1998,0.050100,0.000600,0.5932,1055,400160,0,0,0,0,0,0,0,0,0.008300,0,0,0,0,0,0,0,0,0,0,0,0,0,0,0,0,0,0,0
,0.014300,0.012600,2,63,0,61,0,0,13,233,30,0,454,3,0,0,12,2,0,0,0,0,0.018000,0.008400,0.3204,0.006800,0.007700,0.001100,0.8671,0.1768,0.053100,0.1304,0.001500,0.025800,0.001500,1,768,256,11229,3565.7148,15494.9102,239.1602,0.001200,4,0.000300,0.012000,0.002300,0.014300,0.1634,0,0,0.058400,0.2947,2.6852,0.062000,0.000200,0.001300,0.000300,0.000200,0.006900,0.006100,0.039800,0.005100,0.032500,0.1167,0.011600,0.005900,1.5970,0.028100,0.008200,0.036400,0.011500,0.018700,0.083700,0.009000,0.079400,0.001700,0.074600,0.007500,0.065400,0.5897,0.004100,2.3109,0.000200,0.1794,0.000600,0.000400,0.027400,0.3769,0.7694,0.023400,0.8957,0.1810,0.001700,0.010100,0.000600,0.033700,0,9.4108,8.7628,13.0955,634,16,0.2500,0,16,3.8438,1,0,0,629,1,0,115,102,13,0,-1,-1,0,-1,-1,13.9904,4.9185,0,1525.2227,1525.2227,1525.0977,95,880,535,318,0,0,0.000700,0,0,0.014600,0.080600,0.000500,0.012600,0.068400,0.038800,0.000900,0.001600,0.000200,0.001300,0.006000,0.000900,0.004200,0.023100,0.1745,0.057300,0.083000,0.1548,0.035700,0.1673,0.025600,0.089100,0.000200,0.001500,0.060400,0.007400,0.001300,0.000500,0.025100,0.006300,0.011900,0.001100,0.1348,0.014000,0.040800,0.1942,0.066500,0.001300,0.020200,0.003300,0.031400,0.022200,0.014800,8.7933,0.060300,0.006400,0.000100,0,9.8276,0,0,0,0,0,0,0,50,0,0,0,0,1,1,9,9,2,1,1,4,1,1,1,1,1,1,7,7,1,1,50,9,6,42,76,794,950,0,0,0,0,0,-100,-100,-100,-100,600,1440,107.7673,0,0,-0.000000,-1,0,0,0,1,0,13.7344,5,50,75.1289,13.7344,0,0,48.9844,0,100,0,0,0,0,0,0,0,0,0,0.4558,0.4558,1,0.4558,0.4558,57.5494,8.9635,20141,90,568,135,12265.5195,3604.0703,7254.2305,0,15869.5898,10.7965,2.0459,8.1221,10.7965,2.0477,2.6086,33.3333,5.2810,24.8772,0.000200,0.022900,0.000600,0.000600,0.001700,0.006900,0.001800,0.072100,0,0.019400,0.028400,0.037000,0.3567,0.1861,0.019500,0.006100,0.068000,0,0.045900,0.014200,0.088300,0.005100,0.032700,0.1315,0.016500,0.087100,0.4250,0.6673,0.3321,0.057300,2.4844,0.095200,0.031800,0.039000,0.6901,0.070800,0.001800,0.002400,0.060400,0.1966,0.049200,0.000600,0.5935,1082,399980,0,0,0,0,0,0,0,0.001900,0.008300,0,0,0,0,0,0,0,0,0,0,0,0,0,0,0,0,0,0,0
,0.019400,0.027200,2,70,0,68,0,0,14,233,32,0,454,3,0,0,13,2,0,0,0,0,0.009300,0.013400,0.3300,0.005900,0.009500,0.000900,0.8283,0.1973,0.051300,0.1305,0.000800,0.022900,0.001700,1,768,256,11229,3565.7148,15494.9102,239.1602,0.001300,6,0.000200,0.008000,0.001900,0.014500,0.1959,0,0,0.053300,0.2316,2.9597,0.061200,0.000200,0.001800,0.000200,0.000200,0.006700,0.006600,0.042200,0.005600,0.030700,0.1445,0.010700,0.006600,1.7029,0.027700,0.008700,0.032200,0.011100,0.017900,0.080100,0.011100,0.072500,0.002300,0.072000,0.007100,0.065600,0.6107,0.005600,2.3414,0.000300,0.1997,0.000500,0.000400,0.028300,0.3069,0.7505,0.025200,0.9645,0.1538,0.002000,0.009900,0.000800,0.036600,0.036100,9.1737,8.7628,13.0955,634,16,0.2500,0,16,3.8438,1,0,0,629,1,0,115,102,13,0,-1,-1,0,-1,-1,13.9904,4.9185,0,1525.2227,1525.2227,1525.0977,95,879,535,317,0,0,0.000800,0,0,0.014800,0.083500,0.000700,0.012200,0.070200,0.041600,0.000700,0.001600,0.000200,0.001400,0.006200,0.001000,0.003900,0.025100,0.1630,0.064900,0.080800,0.1521,0.047400,0.1836,0.016700,0.049900,0.000100,0.001500,0.065900,0.009600,0.001500,0.000900,0.028000,0.006200,0.011900,0.001100,0.1361,0.015600,0.041300,0.2053,0.066600,0.001100,0.031500,0.002600,0.031700,0.022600,0.016800,8.6214,0.060700,0.007100,0.000100,0,10.8861,0,0,0,0,0,0,0,50,0,0,0,0,1,1,9,9,2,1,1,4,1,1,1,1,1,1,7,7,1,1,50,9,6,42,76,794,950,0,0,0,0,0,-100,-100,-100,-100,600,1440,107.7673,0,0,-0.000000,-1,0,0,0,1,0,13.7344,5,50,75.1289,13.7344,0,0,48.9844,0,100,0,0,0,0,0,0,0,0,0,0.4156,0.4156,1,0.4156,0.4156,5.0261,8.9635,20141,90,568,135,12265.5195,3604.0703,7254.2305,0,15869.5898,10.7277,2.0775,7.2851,10.7277,2.0775,2.8555,33.3333,5.3270,25.0731,0.000200,0.021900,0.000700,0.000600,0.001700,0.013500,0.000600,0.073200,0.001000,0.017300,0.027700,0.034100,0.3473,0.1940,0.021500,0.006100,0.067500,0,0.045900,0.013000,0.086400,0.005200,0.033200,0.1824,0.015700,0.089200,0.5297,0.7071,0.3140,0.057300,2.1466,0.094200,0.031700,0.038900,0.6921,0.086900,0.002100,0.002600,0.063200,0.1966,0.049200,0.000600,0.6059,1038,395910,0.2108,2386,1332,0,0.9377,0,0.005900,0,0.008900,0,0,0,0,0,0,0,0,0,0,0,0,0,0,0,0,0,0,0
,0.024900,0.005100,2,59,0,57,0,0,13,233,25,0,454,3,0,0,12,2,0,0,0,0,0.008300,0.020600,0.3394,0.005400,0.008400,0.000800,0.8503,0.1668,0.050000,0.1233,0,0.026500,0,16,768,256,11229,3565.7148,15494.9102,239.1602,0.001600,5,0.000400,0.008400,0.002100,0.013200,0.1659,0,0,0.058500,0.2362,3.0417,0.063800,0.000200,0.001400,0.000200,0.000300,0.006500,0.006700,0.050000,0.005000,0.033800,0.1258,0.010600,0.006600,0.7048,0.027500,0.009600,0.030400,0.011800,0.017700,0.086300,0.012800,0.075100,0.002000,0.1086,0.007700,0.066900,0.6485,0.005400,2.4084,0.000400,0.1904,0.000500,0.000300,0.029200,0.3997,0.7058,0.023800,0.9125,0.097700,0.002300,0.009700,0.000500,0.033000,0.1085,9.5218,8.7628,13.0955,634,16,0.2500,0,16,3.8438,1,0,0,629,1,0,115,102,13,0,-1,-1,0,-1,-1,13.9904,4.9185,0,1525.2227,1525.2227,1525.0977,95,880,535,317,0,0,0.001000,0,0,0.014300,0.081000,0.000600,0.011500,0.071000,0.041700,0.000900,0.001700,0.000300,0.001500,0.006300,0.001200,0.003800,0.024000,0.1356,0.060500,0.090200,0.1497,0.037300,0.2289,0.017800,0.048900,0.000300,0.001800,0.063700,0.008200,0.001400,0.000700,0.026000,0.006700,0.011900,0.001400,0.1380,0.015200,0.038900,0.1883,0.066500,0.001000,0.044800,0.002200,0.017400,0.022200,0.018000,8.9714,0.054900,0.006500,0.000200,0,10.7526,0,0,0,0,0,0,0,50,0,0,0,0,1,1,9,9,2,1,1,4,1,1,1,1,1,1,7,7,1,1,50,9,6,42,76,794,950,0,0,0,0,0,-100,-100,-100,-100,600,1440,107.7673,0,0,-0.000000,-1,0,0,0,1,0,13.7344,5,50,75.1289,13.7344,0,0,48.9844,0,100,0,0,0,0,0,0,0,0,0,0.4091,0.4091,1,0.4091,0.4091,16.1113,8.9635,20141,90,568,135,12265.5195,3604.0703,7254.2305,0,15869.5898,11.1104,2.1300,7.0947,11.1104,2.1300,2.8002,33.3333,5.2159,25.2436,0.000200,0.020600,0.000600,0.000600,0.001400,0.008900,0.000600,0.072400,0,0.019300,0.032900,0.038300,0.3534,0.1894,0.020500,0.006100,0.060900,0,0.045200,0.023900,0.084200,0.005100,0.032400,0.1356,0.016300,0.091500,0.4445,0.7956,0.3360,0.056300,3.4252,0.098300,0.031700,0.038400,0.6888,0.082400,0.002000,0.002600,0.060600,0.1976,0.049200,0.000500,0.5987,1104,411130,0,0,0,0,0,0,0,0,0.008800,0,0,0,0,0,0,0,0,0,0,0,0,0,0,0,0,0,0,0
,0.015100,0.009000,2,80,0,78,0,0,14,233,46,0,454,3,0,0,13,2,0,0,0,0,0.007900,0.006700,0.3217,0.007200,0.009300,0.000900,0.8343,0.2022,0.049100,0.1224,0.002200,0.027700,0,0,768,256,11229,3565.7148,15494.9102,239.1602,0.001400,5,0.000200,0.008800,0.001800,0.018200,0.1921,0,0,0.063000,0.2876,3.1373,0.065500,0.000200,0.001200,0.000200,0.000400,0.006300,0.006500,0.043600,0.005300,0.033500,0.1247,0.010500,0.006400,1.2968,0.024500,0.008600,0.027700,0.014900,0.018300,0.091400,0.011600,0.070300,0.001900,0.1061,0.009200,0.085400,0.5996,0.004700,2.3604,0.000200,0.1866,0.000500,0.000400,0.027500,0.3233,0.6961,0.022900,0.9212,0.1113,0.001600,0.010900,0.000500,0.033500,0.3228,8.8926,8.7628,13.0955,634,16,0.2500,0,16,3.8438,1,0,0,629,1,0,115,102,13,0,-1,-1,0,-1,-1,13.9904,4.9185,0,1525.2227,1525.2227,1525.0977,95,909,561,321,0,0,0.001200,0,0,0.014400,0.082700,0.000600,0.011300,0.079200,0.040100,0.000900,0.001500,0.000200,0.001900,0.006200,0.001000,0.003700,0.021300,0.1607,0.055000,0.077500,0.1601,0.046000,0.1777,0.018200,0.039800,0.000200,0.001300,0.060700,0.007800,0.001300,0.000600,0.025000,0.006100,0.011100,0.001200,0.1342,0.014700,0.039700,0.2117,0.073200,0.001300,0.043800,0.002200,0.036100,0.024600,0.016500,8.2504,0.072600,0.006100,0,0,11.0642,0,0,0,0,0,0,0,50,0,0,0,0,1,1,9,9,2,1,1,4,1,1,1,1,1,1,7,7,1,1,50,9,6,42,76,794,950,0,0,0,0,0,-100,-100,-100,-100,600,1440,107.7673,0,0,-0.000000,-1,0,0,0,1,0,13.7344,5,50,75.1289,13.7344,0,0,48.9844,0,100,0,0,0,0,0,0,0,0,0,0.4149,0.4149,1,0.4149,0.4149,26.4762,8.9635,20141,90,568,135,12265.5195,3604.0703,7254.2305,0,15869.5898,10.3343,2.0576,8.2989,10.3343,2.0644,2.8014,33.3333,5.5679,24.7349,0.000200,0.022400,0.000600,0.000600,0.001300,0.008100,0.000600,0.072700,0,0.022500,0.027100,0.037000,0.3402,0.1897,0.021500,0.005100,0.065900,0,0.045200,0.024300,0.087000,0.005200,0.031800,0.1350,0.015900,0.091900,0.4254,0.7014,0.3605,0.056300,2.4957,0.1076,0.032700,0.039500,0.7187,0.098500,0.001800,0.002400,0.061500,0.2017,0.049100,0.000600,0.6007,1025,393082,0,0,0,0,0,0,0,0.007000,0.007800,0,0,0,0,0,0,0,0,0,0,0,0,0,0,0,0,0,0,0
,0.014000,0.095100,2,57,0,55,0,0,13,233,14,0,454,3,0,0,12,2,0,0,0,0,0.007900,0.004600,0.3724,0.005600,0.008500,0.001200,0.9130,0.1730,0.053200,0.1303,0.000900,0.029500,0.000900,1,768,256,11229,3565.7148,15494.9102,239.1602,0.001300,3,0.000100,0.007900,0.001700,0.017700,0.1897,0,0,0.056800,0.2509,2.5066,0.066400,0.000200,0.001300,0.000200,0.000200,0.007700,0.006500,0.046500,0.005900,0.033600,0.1318,0.012300,0.006500,1.6058,0.031400,0.009700,0.039900,0.011600,0.017900,0.079300,0.008700,0.073700,0.002000,0.1079,0.007500,0.066400,0.5905,0.004500,2.3133,0.000200,0.1882,0.000600,0.000300,0.029300,0.3989,0.6629,0.025900,1.1134,0.1595,0.002100,0.011000,0.000600,0.038500,0.2075,9.3196,8.7628,13.0955,634,16,0.2500,0,16,3.8438,1,0,0,629,1,0,115,102,13,0,-1,-1,0,-1,-1,13.9904,4.9185,0,1525.2227,1525.2227,1525.0977,95,874,561,321,0,0,0.000900,0,0,0.014800,0.079300,0.000600,0.011600,0.065100,0.037000,0.001100,0.001500,0.000300,0.001300,0.005700,0.000800,0.003800,0.020700,0.1307,0.055000,0.074200,0.1468,0.035700,0.2875,0.019700,0.2846,0.000200,0.001300,0.061000,0.008200,0.001300,0.000500,0.025000,0.006100,0.011300,0.001000,0.1375,0.015400,0.039000,0.1974,0.067000,0.001300,0.039300,0.002800,0.030900,0.022100,0.015800,8.8212,0.058400,0.010600,0.000100,0,10.3733,0,0,0,0,0,0,0,50,0,0,0,0,1,1,9,9,2,1,1,4,1,1,1,1,1,1,7,7,1,1,50,9,6,42,76,794,950,0,0,0,0,0,-100,-100,-100,-100,600,1440,107.7673,0,0,-0.000000,-1,0,0,0,1,0,13.7344,5,50,75.1289,13.7344,0,0,48.9844,0,100,0,0,0,0,0,0,0,0,0,0.6267,0.6267,1,0.6267,0.6267,37.6560,8.9635,20141,90,568,135,12265.5195,3604.0703,7254.2305,0,15869.5898,11.1425,2.3960,7.2690,11.1425,2.3960,2.8804,33.3333,5.2378,24.8905,0.000200,0.021100,0.000600,0.000600,0.001500,0.008300,0.000600,0.073800,0,0.017400,0.030000,0.039000,1.1457,0.3089,0.021500,0.005100,0.066800,0,0.047800,0.024600,0.1998,0.006100,0.038600,0.1893,0.017500,0.099700,0.4218,0.7037,0.3791,0.055400,2.0806,0.093200,0.034800,0.039300,0.6897,0.1016,0.002000,0.002400,0.062300,0.2089,0.050100,0.000600,0.6429,1024,390250,0,0,0,0,0,0,0,0,0.008500,0,0,0,0,0,0,0,0,0,0,0,0,0,0,0,0,0,0,0
,0.016600,0.014300,2,56,0,54,0,0,13,233,15,0,454,3,0,0,12,2,0,0,0,0,0.008500,0.003600,0.3523,0.005500,0.009300,0.000900,0.8994,0.2030,0.059200,0.1433,0.000900,0.026000,0,2,768,256,11229,3565.7148,15494.9102,239.1602,0.001700,2,0.000100,0.009300,0.002400,0.021400,0.1935,0,0,0.065600,0.3534,2.6005,0.065800,0.000200,0.001200,0.000200,0.000300,0.008300,0.008000,0.042900,0.005700,0.032100,0.1330,0.011000,0.006600,1.6917,0.029600,0.008700,0.041100,0.011500,0.019100,0.085200,0.010200,0.076200,0.002100,0.098700,0.007400,0.066000,0.6096,0.005600,2.3559,0.000300,0.2031,0.000600,0.000300,0.029200,0.3010,0.5873,0.024900,0.8990,0.4442,0.001900,0.010000,0.000500,0.036200,0.095900,9.2035,8.7628,13.0955,634,16,0.2500,0,16,3.8438,1,0,0,629,1,0,115,102,13,0,-1,-1,0,-1,-1,13.9904,4.9185,0,1525.2227,1525.2227,1441.5039,95,871,551,321,0,0,0.001000,0,0,0.014900,0.087500,0.000500,0.012400,0.084400,0.042100,0.001100,0.001600,0.000200,0.001300,0.006000,0.001000,0.003700,0.024800,0.1699,0.055400,0.085200,0.1821,0.046900,0.1919,0.022800,0.092800,0.000100,0.001900,0.068200,0.008400,0.001400,0.000400,0.030600,0.006100,0.012400,0.001100,0.1420,0.014200,0.041300,0.1924,0.067100,0.001000,0.040900,0.002600,0.018100,0.024200,0.017400,8.6239,0.063800,0.007500,0.000200,0,11.1750,0,0,0,0,0,0,0,50,0,0,0,0,1,1,9,9,2,1,1,4,1,1,1,1,1,1,7,7,1,1,50,9,6,42,76,794,950,0,0,0,0,0,-100,-100,-100,-100,600,1440,107.7673,0,0,-0.000000,-1,0,0,0,1,0,13.7344,5,50,75.1289,13.7344,0,0,48.9844,0,100,0,0,0,0,0,0,0,0,0,0.4731,0.4731,1,0.4731,0.4731,48.5137,8.9635,20141,90,568,135,12265.5586,3604.0703,7254.2305,0,15869.5898,10.8943,2.2229,7.9923,10.8943,2.2229,2.9418,33.3333,5.5254,24.2321,0.000700,0.018800,0.000500,0.000600,0.001600,0.007800,0.000800,0.073000,0.001000,0.020400,0.027900,0.037000,0.3495,0.1886,0.018400,0.005200,0.061700,0,0.047000,0.020300,0.2071,0.004100,0.031500,0.1364,0.015300,0.088800,0.4289,0.7009,0.3336,0.057400,2.4711,0.095200,0.030700,0.039000,1.4590,0.1714,0.001900,0.002500,0.062400,0.1996,0.050200,0.000700,0.6131,924,384492,0,0,0,0,0,0,0,0,0.009100,0,0,0,0,0,0,0,0,0,0,0,0,0,0,0,0,0,0,0
,0.018000,0.027900,2,55,0,53,0,0,13,233,14,0,454,3,0,0,12,2,0,0,0,0,0,0.012800,0.3352,0.005900,0.009100,0.001200,0.8736,0.1654,0.049800,0.1313,0.000900,0.030600,0,0,768,256,11229,3565.7148,15494.9102,239.1602,0,2,0.000300,0.010300,0.002100,0.018000,0.1757,0,0,0.062100,0.2149,2.4964,0.065100,0.000200,0.001200,0.000200,0.000200,0.007500,0.009000,0.043800,0.004900,0.032500,0.5851,0.010800,0.005900,0.5279,0.024200,0.008200,0.028700,0.011100,0.018300,0.095600,0.008900,0.1178,0.002700,0.1055,0.008900,0.070000,0.5989,0.004700,2.3151,0.000200,0.1837,0.000600,0.000600,0.028200,0.2977,0.5643,0.023700,0.8999,0.1795,0.001800,0.009500,0.000400,0.035200,0.073700,9.4838,8.7628,13.0955,634,16,0.2500,0,16,3.8438,1,0,0,629,1,0,115,102,13,0,-1,-1,0,-1,-1,13.9904,4.9185,0,1525.2227,1525.2227,1525.0977,95,871,551,321,0,0,0.001000,0,0,0.015800,0.079500,0.000700,0.011800,0.072300,0.040000,0.000900,0.001700,0.000200,0.001300,0.006400,0.001000,0.003700,0.021100,0.1338,0.056800,0.084800,0.1621,0.043200,0.1450,0.019000,0.014900,0.000200,0.001600,0.063700,0.009000,0.001300,0.000400,0.026800,0.006000,0.012500,0.001100,0.1381,0.014200,0.041100,0.2077,0.066000,0.001200,0.041400,0.002400,0.034700,0.022800,0.016200,8.9138,0.059500,0.006100,0.000100,0,10.8296,0,0,0,0,0,0,0,50,0,0,0,0,1,1,9,9,2,1,1,4,1,1,1,1,1,1,7,7,1,1,50,9,6,42,76,794,950,0,0,0,0,0,-100,-100,-100,-100,600,1440,107.7673,0,0,-0.000000,-1,0,0,0,1,0,13.7344,5,50,75.1289,13.7344,0,0,48.9844,0,100,0,0,0,0,0,0,0,0,0,0.4310,0.4310,1,0.4310,0.4310,59.5313,8.9635,20141,90,568,135,12265.5586,3604.0703,7254.2305,0,15869.6289,11.0140,1.9751,7.8071,11.0140,2.1017,2.9154,33.3333,5.3359,22.4425,0.000300,0.021300,0.000800,0.000700,0.001800,0.010600,0.000600,0.075300,0,0.017400,0.021300,0.032200,0.3633,0.1835,0.018400,0.006200,0.062900,0,0.045000,0.007400,0.2249,0,0.031900,0.1359,0.015300,0.093400,0.4272,0.6773,0.3072,0.057500,2.3381,0.094200,0.030700,0.039800,0.6837,0.087100,0.001800,0.002400,0.061800,0.1956,0.049100,0.000600,0.6054,967,394730,0,0,0,0,0,0,0,0.1268,0.008000,0,0,0,0,0,0,0,0,0,0,0,0,0,0,0,0,0,0,0
,0.018600,0.006400,2,70,0,68,0,0,14,233,27,0,454,3,0,0,13,2,0,0,0,0,0.023900,0.004700,0.3252,0.005700,0.009000,0.001200,0.8515,0.2017,0.049100,0.1211,0.001200,0.026700,0,0,768,256,11229,3565.7148,15494.9102,239.1602,0.003400,5,0.000100,0.008100,0.001900,0.017300,0.1783,0,0,0.053400,0.2784,2.8321,0.060700,0.000200,0.001600,0.000200,0.000200,0.006700,0.006700,0.044700,0.005000,0.029700,0.1233,0.010700,0.006600,0.3758,0.023600,0.008200,0.028000,0.011500,0.019500,0.083000,0.008800,0.079500,0.002000,0.1022,0.009400,0.075200,0.6193,0.005100,2.3248,0.000300,0.1875,0.000600,0.000400,0.029900,0.3018,0.8328,0.023400,0.9104,0.8258,0.002000,0.010500,0.000500,0.092000,0.3540,8.3021,8.7628,13.0955,634,16,0.2500,0,16,3.8438,1,0,0,629,1,0,115,102,13,0,-1,-1,0,-1,-1,13.9904,4.9185,0,1525.2227,1525.2227,1441.5039,95,880,535,317,0,0,0.001000,0,0,0.015500,0.1588,0.000400,0.011000,0.074200,0.040800,0.000900,0.002000,0.000200,0.001800,0.007000,0.001100,0.004000,0.022800,0.1504,0.060400,0.080400,0.1521,0.044700,0.1843,0.032800,0.050200,0.000300,0.005700,0.068900,0.008800,0.001300,0.000500,0.027400,0.006100,0.012500,0.002100,0.1423,0.016000,0.041400,0.2141,0.069600,0.001100,0.021700,0.003900,0.035300,0.022900,0.018400,7.6325,0.059800,0.006900,0.000100,0,10.9632,0,0,0,0,0,0,0,50,0,0,0,0,1,1,9,9,2,1,1,4,1,1,1,1,1,1,7,7,1,1,50,9,6,42,76,794,950,0,0,0,0,0,-100,-100,-100,-100,600,1440,107.7673,0,0,-0.000000,-1,0,0,0,1,0,13.7344,5,50,75.1289,13.7344,0,0,48.9844,0,100,0,0,0,0,0,0,0,0,0,0.4293,0.4293,1,0.4293,0.4293,7.0550,8.9635,20141,90,568,135,12265.5625,3604.0703,7254.2305,0,15869.6289,9.7618,2.0366,7.4224,9.7618,2.0375,3.1213,33.3333,5.8174,23.4139,0.000300,0.022000,0.000600,0.000800,0.001600,0.010300,0.000600,0.077100,0,0.021500,0.022600,0.025200,0.3150,0.2290,0.021500,0.007200,0.062500,0,0.046200,0.008300,0.2295,0,0.033000,0.1401,0.020300,0.095100,0.8715,0.7113,0.3132,0.055200,2.4462,0.095200,0.035900,0.040500,0.7010,0.087300,0.001900,0.002500,0.062600,0.1986,0.050200,0.000700,0.6169,969,397262,0,2381,1329,0,1.0615,0,0,0.001100,0.007700,0,0,0,0,0,0,0,0,0,0,0,0,0,0,0,0,0,0,0
,0.015900,0.098300,2,64,0,62,0,0,13,233,44,0,454,3,0,0,12,2,0,0,0,0,0.017700,0.014600,0.3384,0.005300,0.009100,0.001000,0.8464,0.1657,0.049800,0.1195,0.001000,0.3644,0.002100,1,768,256,11229,3565.7148,15494.9102,239.1602,0.001400,6,0.000800,0.011900,0.002300,0.019400,0.1981,0,0,0.059700,0.2483,2.8429,0.071200,0.000200,0.001100,0.000300,0.000200,0.005900,0.006600,0.041800,0.005100,0.030600,0.1436,0.011800,0.006100,0.8448,0.030800,0.009100,0.038500,0.012000,0.018400,0.085100,0.009200,0.075800,0.002000,0.081800,0.013900,0.079500,0.6258,0.005700,2.3732,0.000400,0.1939,0.000600,0.000300,0.033100,0.3156,1.0599,0.023500,0.9770,0.1450,0.002600,0.010300,0.000500,0.086700,0,9.1433,8.7628,13.0955,634,16,0.2500,0,16,3.8438,1,0,0,629,1,0,115,102,13,0,-1,-1,0,-1,-1,13.9904,4.9185,0,1525.2227,1525.2227,1441.5039,95,885,535,317,0,0,0.000800,0,0,0.014000,0.081900,0.000700,0.012300,0.070000,0.037400,0.000900,0.001600,0.000300,0.001400,0.005900,0.001000,0.004100,0.022200,0.1432,0.052200,0.077500,0.1552,0.043500,0.1725,0.024800,0.2815,0.000200,0.001500,0.066300,0.008300,0.001300,0.000600,0.026300,0.006100,0.012100,0.001100,0.1463,0.017300,0.044300,0.1972,0.076000,0.001200,0.031500,0.002500,0.018100,0.023800,0.017200,8.6018,0.057700,0.006500,0.000100,0,9.7133,0,0,0,0,0,0,0,50,0,0,0,0,1,1,9,9,2,1,1,4,1,1,1,1,1,1,7,7,1,1,50,9,6,42,76,794,950,0,0,0,0,0,-100,-100,-100,-100,600,1440,107.7673,0,0,-0.000000,-1,0,0,0,1,0,13.7344,5,50,75.1289,13.7344,0,0,48.9844,0,100,0,0,0,0,0,0,0,0,0,0.6202,0.6202,1,0.6202,0.6202,17.8392,8.9635,20141,90,568,135,12265.5625,3604.0703,7254.2305,0,15869.6328,10.7739,2.2491,7.7479,10.7739,2.2491,2.6229,33.3333,5.8490,23.1632,0.000300,0.021600,0.000600,0.001200,0.001800,0.006900,0.000600,0.072600,0,0.017500,0.026400,0.040100,0.3507,0.2273,0.019500,0.006100,0.067200,0,0.043900,0.009000,0.084800,0.005200,0.032300,0.1336,0.019700,0.094400,0.4179,0.7260,0.3318,0.057400,2.4629,0.095200,0.033800,0.039300,0.6903,0.085100,0.001900,0.002600,0.062900,0.1925,0.049100,0.000500,0.6213,1009,393976,0.051600,0,0,0,0,0,0,0,0.007900,0,0,0,0,0,0,0,0,0,0,0,0,0,0,0,0,0,0,0
,0.020500,0.009000,2,57,0,55,0,0,13,233,14,0,454,3,0,0,12,2,0,0,0,0,0,0.005100,0.3453,0.005200,0.010000,0.001200,0.9001,0.1946,0.051900,0.1269,0.002200,0.027300,0,0,768,256,11229,3565.7148,15494.9102,239.1602,0.014700,3,0.000200,0.008300,0.002200,0.019800,0.2002,0,0,0.098800,0.2080,2.8491,0.068600,0.000200,0.001300,0.000200,0.000200,0.006700,0.007300,0.041700,0.005500,0.031000,0.1385,0.010500,0.005600,1.5240,0.029100,0.008800,0.037100,0.012700,0.019300,0.083700,0.011400,0.1146,0.002200,0.088900,0.008300,0.068100,0.5970,0.004800,2.3483,0.000300,0.1865,0.000600,0.000900,0.028400,0.2968,0.7305,0.022700,0.8725,0.1342,0.001700,0.010200,0.000400,0.033200,0,8.6243,8.7628,13.0955,634,16,0.2500,0,16,3.8438,1,0,0,629,1,0,115,102,13,0,-1,-1,0,-1,-1,13.9904,4.9185,0,1525.2227,1525.2227,1525.0977,95,879,535,318,0,0,0.000800,0,0,0.014900,0.084700,0.000600,0.012900,0.073000,0.045700,0.000900,0.001700,0.000300,0.001800,0.006800,0.001100,0.004100,0.023300,0.1361,0.061100,0.088900,0.1681,0.040200,0.6611,0.017500,0,0.000200,0.001600,0.068100,0.010100,0.001300,0.000400,0.027100,0.006400,0.013400,0.001100,0.1485,0.016200,0.043100,0.2177,0.066900,0.001100,0.048200,0.002700,0.032800,0.022400,0.021900,8.0272,0.061900,0.006800,0.000200,0,10.8670,0,0,0,0,0,0,0,50,0,0,0,0,1,1,9,9,2,1,1,4,1,1,1,1,1,1,7,7,1,1,50,9,6,42,76,794,950,0,0,0,0,0,-100,-100,-100,-100,600,1440,107.7673,0,0,-0.000000,-1,0,0,0,1,0,13.7344,5,50,75.1289,13.7344,0,0,48.9844,0,100,0,0,0,0,0,0,0,0,0,0.4266,0.4266,1,0.4266,0.4266,28.4088,8.9635,20141,90,568,135,12265.5625,3604.0703,7254.2305,0,15869.6328,10.5817,2.5173,7.2251,10.5817,2.5173,2.8919,33.3333,5.2646,22.9968,0.000300,0.022300,0.000700,0.000600,0.001700,0.008000,0.000600,0.072600,0.001000,0.020500,0.027900,0.040000,0.3564,0.1910,0.018400,0.006100,0.062700,0,0.045700,0.018100,0.090300,0.005100,0.031400,0.1351,0.015800,0.092600,0.4283,0.7697,0.3180,0.055400,2.4667,0.095200,0.030700,0.039000,0.6982,0.065700,0.001800,0.002400,0.061400,0.1956,0.049200,0.000600,0.6128,1043,394348,0,0,0,0,0,0,0,0,0.007800,0,0,0,0,0,0,0,0,0,0,0,0,0,0,0,0,0,0,0
,0.018200,0.006400,2,60,0,58,0,0,13,233,28,0,454,3,0,0,12,2,0,0,0,0,0.008800,0.008500,0.3182,0.005900,0.009200,0.001000,0.8367,0.1641,0.049300,0.1161,0,0.036500,0.009000,0,768,256,11229,3565.7148,15494.9102,239.1602,0,4,0.000100,0.007600,0.002100,0.012800,0.1820,0,0,0.056800,0.2885,3.0637,0.062200,0.000300,0.001400,0.000300,0.000200,0.006800,0.006100,0.041000,0.005100,0.033900,0.1198,0.010200,0.006100,0.6744,0.027300,0.009300,0.025800,0.012000,0.019100,0.090500,0.009400,0.070700,0.002500,0.076400,0.008500,0.075500,0.6165,0.005300,2.4444,0.000600,0.1906,0.000700,0.000400,0.030000,0.3016,0.7803,0.023000,0.9231,0.1686,0.001900,0.009700,0.000500,0.035100,0.1233,9.2168,8.7628,13.0955,634,16,0.2500,0,16,3.8438,1,0,0,629,1,0,115,102,13,0,-1,-1,0,-1,-1,13.9904,4.9185,0,1525.2227,1525.2227,1525.0977,95,879,535,318,0,0,0.000900,0,0,0.014900,0.077700,0.000900,0.012400,0.068400,0.037600,0.000800,0.002000,0.000300,0.001900,0.007500,0.001300,0.004100,0.024500,0.1566,0.056500,0.076600,0.1496,0.039900,0.1550,0.024100,0.2007,0.000300,0.001400,0.061200,0.008900,0.001200,0.000500,0.024500,0.005900,0.011200,0.001200,0.1400,0.014700,0.042100,0.2064,0.068800,0.001200,0.039500,0.002800,0.033900,0.021500,0.017000,8.5906,0.057500,0.006500,0.000100,0,10.4950,0,0,0,0,0,0,0,50,0,0,0,0,1,1,9,9,2,1,1,4,1,1,1,1,1,1,7,7,1,1,50,9,6,42,76,794,950,0,0,0,0,0,-100,-100,-100,-100,600,1440,107.7673,0,0,-0.000000,-1,0,0,0,1,0,13.7344,5,50,75.1289,13.7344,0,0,48.9844,0,100,0,0,0,0,0,0,0,0,0,0.5145,0.5145,1,0.5145,0.5145,39.0858,8.9635,20141,90,568,135,12265.5469,3604.0703,7254.2305,0,15869.6328,10.6903,2.1140,7.3064,10.6903,2.1153,2.9810,33.3333,5.8426,24.4054,0.000600,0.022000,0.000600,0.000600,0.001600,0.008200,0.000600,0.074000,0,0.024600,0.029100,0.038400,0.3404,0.1837,0.019500,0.006100,0.061600,0,0.046900,0.011600,0.083700,0.005100,0.031700,0.1379,0.015600,0.092200,0.4300,1.1214,0.7487,0.057400,2.1830,0.094200,0.030800,0.039100,0.6936,0.066500,0.002100,0.002800,0.062500,0.1977,0.050100,0.000600,0.6072,1097,407472,0,0,0,0,0,0.074900,0.006600,0.001500,0.007900,0,0,0,0,0,0,0,0,0,0,0,0,0,0,0,0,0,0,0
,0.015200,0.010300,2,80,0,78,0,0,14,233,39,0,454,3,0,0,13,2,0,0,0,0,0.016900,0.011100,0.3360,0.005400,0.009500,0.001100,0.8543,0.1855,0.050500,0.1278,0.002000,0.048500,0,0,768,256,11229,3565.7148,15494.9102,239.1602,0.003200,5,0.000200,0.008100,0.001800,0.013700,0.1855,0,0,0.058700,0.2766,2.9963,0.063900,0.000200,0.001200,0.000200,0.000300,0.005500,0.006100,0.043900,0.005100,0.031600,0.1343,0.012500,0.006400,1.4047,0.037800,0.009400,0.032500,0.011400,0.027200,0.087300,0.008300,0.086500,0.002000,0.076000,0.008200,0.070200,0.6010,0.004800,2.3126,0.000200,0.1805,0.000600,0.000400,0.030200,0.3012,1.1080,0.024300,0.9898,0.1434,0.002300,0.012400,0.000600,0.038800,0.3141,8.8144,8.7628,13.0955,634,16,0.2500,0,16,3.8438,1,0,0,629,1,0,115,102,13,0,-1,-1,0,-1,-1,13.9904,4.9185,0,1525.2227,1525.2227,1441.5039,95,907,561,322,0,0,0.001100,0,0,0.015100,0.080200,0.000400,0.011800,0.074100,0.038100,0.000800,0.001600,0.000200,0.001600,0.006300,0.001000,0.003500,0.023200,0.1439,0.055500,0.075000,0.1517,0.050400,0.2880,0.018700,0.2140,0.000300,0.001800,0.065400,0.008400,0.001200,0.000600,0.028400,0.007300,0.012400,0.001100,0.1545,0.017500,0.042900,0.1967,0.073300,0.001400,0.040300,0.002600,0.016300,0.023900,0.018800,8.2187,0.056600,0.006700,0.000300,0.006200,10.6784,0,0,0,0,0,0,0,50,0,0,0,0,1,1,9,9,2,1,1,4,1,1,1,1,1,1,7,7,1,1,50,9,6,42,76,794,950,0,0,0,0,0,-100,-100,-100,-100,600,1440,107.7673,0,0,-0.000000,-1,0,0,0,1,0,13.7344,5,50,75.1289,13.7344,0,0,48.9844,0,100,0,0,0,0,0,0,0,0,0,0.6632,0.6632,1,0.6632,0.6632,49.5719,8.9635,20141,90,568,135,12265.5195,3604.0703,7254.2305,0,15869.6172,10.4742,2.2447,8.0687,10.4742,2.2447,2.7513,33.3333,6.1905,23.9935,0.000200,0.021800,0.000500,0.000700,0.001600,0.007200,0.000600,0.074200,0,0.019400,0.026500,0.040600,0.3537,0.1937,0.020500,0.005100,0.066700,0,0.046300,0.011600,0.084900,0.005100,0.032500,0.1340,0.016000,0.088000,0.4249,0.7432,0.3325,0.056300,2.4832,0.095200,0.031800,0.039300,0.7157,0.087000,0.002000,0.002500,0.062700,0.1966,0.050200,0.000900,0.6057,1022,390852,0,0,0,0,0,0,0,0,0.007700,0,0,0,0,0,0,0,0,0,0,0,0,0,0,0,0,0,0,0
,0.022900,0.009400,2,57,0,55,0,0,13,233,13,0,454,3,0,0,12,2,0,0,0,0,0,0.003000,0.3291,0.006100,0.010400,0.001100,0.9319,0.1861,0.056100,0.1354,0.001200,0.027300,0,2,768,256,11229,3565.7148,15494.9102,239.1602,0.002800,7,0.000200,0.009800,0.002300,0.012800,0.1822,0,0,0.060600,0.2021,2.5411,0.065400,0.000200,0.001200,0.000200,0.000200,0.005900,0.008100,0.051500,0.005100,0.035200,0.1303,0.010000,0.006500,0.9573,0.028800,0.008900,0.028300,0.012100,0.018700,0.081400,0.008600,0.062800,0.001900,0.075200,0.008200,0.064600,0.5780,0.004900,2.3415,0.000300,0.1820,0.000600,0.000300,0.027800,0.3654,0.6718,0.023400,0.9226,0.1679,0.002400,0.010400,0.000400,0.036300,0,9.9882,8.7628,13.0955,634,16,0.2500,0,16,3.8438,1,0,0,629,1,0,115,102,13,0,-1,-1,0,-1,-1,13.9904,4.9185,0,1525.2227,1525.2227,1525.0977,95,879,561,322,0,0,0.000900,0,0,0.015500,0.084600,0.000800,0.012800,0.068800,0.042900,0.001000,0.001600,0.000300,0.001500,0.006600,0.001000,0.003700,0.021800,0.1384,0.056300,0.079400,0.1527,0.039400,0.2308,0.020900,0.056600,0.000200,0.001600,0.065200,0.008500,0.001300,0.000500,0.028300,0.006500,0.013100,0.001000,0.1395,0.016800,0.043400,0.2061,0.072500,0.001200,0.045100,0.002300,0.034500,0.023000,0.015800,9.4066,0.058700,0.006300,0.000100,0,10.5670,0,0,0,0,0,0,0,50,0,0,0,0,1,1,9,9,2,1,1,4,1,1,1,1,1,1,7,7,1,1,50,9,6,42,76,794,950,0,0,0,0,0,-100,-100,-100,-100,600,1440,107.7673,0,0,-0.000000,-1,0,0,0,1,0,13.7344,5,50,75.1289,13.7344,0,0,48.9844,0,100,0,0,0,0,0,0,0,0,0,0.4445,0.4445,1,0.4445,0.4445,61.1002,8.9635,20141,90,568,135,12265.5117,3604.0703,7254.2305,0,15869.5898,11.5269,2.1224,7.3074,11.5269,2.1242,2.9032,33.3333,5.9848,24.1416,0.000300,0.022500,0.000600,0.000600,0.001600,0.008300,0.000600,0.076500,0.001100,0.020500,0.020300,0.031200,0.3515,0.1959,0.019500,0.005100,0.062900,0,0.047000,0.010600,0.2135,0.005100,0.033100,0.1329,0.016000,0.093500,0.4329,0.7471,0.2866,0.057200,2.3994,0.093100,0.031800,0.038800,0.6847,0.096100,0.002000,0.002600,0.060700,0.1966,0.049200,0.000600,0.6601,1047,394810,0,0,0,0,0,0,0.003000,0.002000,0.008400,0,0,0,0,0,0,0,0,0,0,0,0,0,0,0,0,0,0,0
,0.071400,0.011900,2,60,0,58,0,0,13,233,27,0,454,3,0,0,12,2,0,0,0,0,0.016000,0.007100,0.3323,0.005200,0.008900,0.001100,0.8687,0.2104,0.054700,0.1355,0.001000,0.025900,0,2,768,256,11229,3565.7148,15494.9102,239.1602,0.001200,4,0.000200,0.007300,0.002000,0.013900,0.1842,0,0,0.054800,0.2315,3.1359,0.061800,0.000300,0.001700,0.000300,0.000400,0.007000,0.006200,0.042100,0.005900,0.032500,0.1187,0.010700,0.006500,0.6770,0.025900,0.009300,0.027000,0.011500,0.019200,0.088700,0.008400,0.074500,0.001900,0.076000,0.010100,0.075000,0.6360,0.005800,2.4950,0.000400,0.2210,0.000500,0.000300,0.034200,0.3153,0.7882,0.026600,0.9989,0.1045,0.002000,0.009600,0.000600,0.034100,0.4000,8.3053,8.7628,13.0955,634,16,0.2500,0,16,3.8438,1,0,0,629,1,0,115,102,13,0,-1,-1,0,-1,-1,13.9904,4.9185,0,1525.2227,1525.2227,1525.0977,95,904,561,322,0,0,0.000800,0,0,0.015100,0.092400,0.000700,0.016400,0.070400,0.042600,0.000900,0.001700,0.000200,0.001700,0.006600,0.001100,0.004400,0.022700,0.1603,0.056700,0.082400,0.1485,0.035900,0.1934,0.020300,0.081700,0.000500,0.001700,0.065300,0.008400,0.001400,0.000600,0.025000,0.006600,0.013000,0.001000,0.1403,0.014400,0.040700,0.2085,0.069200,0.001400,0.044500,0.002600,0.033600,0.023200,0.018400,7.7559,0.058500,0.006400,0.000100,0,11.4717,0,0,0,0,0,0,0,50,0,0,0,0,1,1,9,9,2,1,1,4,1,1,1,1,1,1,7,7,1,1,50,9,6,42,76,794,950,0,0,0,0,0,-100,-100,-100,-100,600,1440,107.7673,0,0,-0.000000,-1,0,0,0,1,0,13.7344,5,50,75.1289,13.7344,0,0,48.9844,0,100,0,0,0,0,0,0,0,0,0,0.4198,0.4198,1,0.4198,0.4198,9.1629,8.9635,20141,90,568,135,12265.3008,3604.0703,7254.2305,0,15869.5820,9.7904,2.0767,7.4017,9.7904,2.0785,3.0442,33.3333,6.4694,24.1841,0.000200,0.022400,0.000600,0.000600,0.001800,0.008400,0.001900,0.072500,0,0.017400,0.030800,0.040200,0.3502,0.2030,0.018400,0.006200,0.062300,0,0.046400,0.011200,0.2056,0.005100,0.032300,0.1389,0.015400,0.099600,0.6258,0.6993,0.3091,0.058400,3.3516,0.095200,0.032800,0.039300,0.7028,0.075500,0.001900,0.002600,0.060500,0.1965,0.051200,0.000700,0.6125,973,394204,0,2261,1271,0,2.1291,0,0,0.002000,0.007500,0,0,0,0,0,0,0,0,0,0,0,0,0,0,0,0,0,0,0
,0.017500,0.023900,0,0,0,0,0,0,0,0,0,0,0,0,0,0,0,0,0,0,0,0,0,0.010200,0.3424,0.005700,0.010200,0.000900,0.8826,0.1912,0.051600,0.1276,0,0.020500,0,1,768,256,11229,3565.7148,15494.9102,239.1602,0,6,0.000300,0.008400,0.002400,0.014400,0.2321,0,0,0.057800,0.2484,2.8754,0.068100,0.000400,0.001200,0.000200,0.000200,0.007500,0.008700,0.049700,0.006000,0.032100,0.1042,0.011200,0.006100,1.4305,0.030400,0.009400,0.029300,0.011700,0.020100,0.074300,0.010100,0.072600,0.002000,0.077600,0.008200,0.068800,0.5989,0.004500,2.3495,0.000200,0.1832,0.000500,0.000300,0.029100,0.3066,0.7810,0.023300,1.0488,0.1151,0.001900,0.009800,0.000400,0.039800,0.2045,9.2938,8.7628,13.0955,634,16,0.2500,0,16,3.8438,1,0,0,629,1,0,115,102,13,0,-1,-1,0,-1,-1,13.9904,4.9185,0,1525.2227,1525.2227,1525.0977,95,879,535,318,0,0,0.001100,0,0,0.014200,0.081300,0.000600,0.012700,0.065200,0.038700,0.000800,0.001500,0.000200,0.001300,0.005800,0.000900,0.003700,0.023000,0.1215,0.056900,0.074300,0.1371,0.046900,0.2842,0.019600,0,0.000300,0.001600,0.060900,0.008300,0.001100,0.000500,0.036500,0.006500,0.011400,0.001300,0.1335,0.015200,0.037300,0.2000,0.070400,0.001100,0.021400,0.002800,0.018900,0.025100,0.017800,8.7198,0.059100,0.006200,0.000100,0,9.9266,0,0,0,0,0,0,0,50,0,0,0,0,1,1,9,9,2,1,1,4,1,1,1,1,1,1,7,7,1,1,50,9,6,42,76,794,950,0,0,0,0,0,-100,-100,-100,-100,600,1440,107.7673,0,0,-0.000000,-1,0,0,0,1,0,13.7344,5,50,75.1289,13.7344,0,0,48.9844,0,100,0,0,0,0,0,0,0,0,0,0.4365,0.4365,1,0.4365,0.4365,19.9730,8.9635,20141,90,568,135,12265.2734,3604.0703,7254.2305,0,15869.3711,10.8597,2.1120,7.4017,10.8597,2.1120,2.8202,33.3333,6.1618,23.7115,0.000200,0.021900,0.000500,0.000600,0.001600,0.008700,0.000500,0.072100,0,0.019500,0.019300,0.032000,0.3369,0.1872,0.019400,0.005100,0.067200,0,0.046500,0.015800,0.2111,0.005100,0.033100,0.1319,0.016000,0.091100,0.4276,0.7039,0.3365,0.057300,2.4792,0.095300,0.031700,0.038900,0.6881,0.075700,0.002000,0.002500,0.061000,0.1987,0.049100,0.000600,0.5991,1016,391712,0,0,0,0,0,0,0,0,0.008400,0,0,0,0,0,0,0,0,0,0,0,0,0,0,0,0,0,0,0
,0.074300,0.006600,4,121,0,117,0,0,26,466,40,0,908,6,0,0,24,4,0,0,0,0,0.016600,0.016000,0.3348,0.005500,0.008300,0.001000,0.9661,0.1982,0.056900,0.2265,0.002700,0.042700,0.001900,0,768,256,11229,3565.7148,15494.9102,239.1602,0.003300,2,0.000100,0.008900,0.002200,0.013200,0.1776,0,0,0.057600,0.2230,2.9138,0.070900,0.000200,0.001400,0.000200,0.000300,0.007000,0.007200,0.047800,0.005600,0.035700,0.1157,0.012100,0.006400,1.7487,0.026800,0.008100,0.029600,0.012000,0.019300,0.083900,0.009100,0.084300,0.002200,0.080400,0.008100,0.069600,0.6100,0.004900,2.3253,0.000200,0.1832,0.000500,0.000500,0.029000,0.3106,0.6818,0.022900,0.9114,0.1780,0.002000,0.009800,0.000600,0.033000,0.2393,9.4950,8.7628,13.0955,634,16,0.2500,0,16,3.8438,1,0,0,629,1,0,115,102,13,0,-1,-1,0,-1,-1,13.9904,4.9185,0,1525.2227,1525.2227,1525.0977,95,880,535,318,0,0,0.000900,0,0,0.015200,0.079300,0.000500,0.012200,0.065700,0.037000,0.000800,0.002000,0.000500,0.001600,0.007100,0.001500,0.004200,0.024100,0.1388,0.056300,0.082200,0.1396,0.058000,0.2454,0.017500,0,0.000200,0.001400,0.059700,0.008300,0.001400,0.000400,0.024100,0.006200,0.011800,0.001200,0.1331,0.025000,0.038700,0.1985,0.072400,0.001100,0.031200,0.002300,0.032400,0.022200,0.015600,8.9970,0.061400,0.007300,0.000100,0,10.7668,0,0,0,0,0,0,0,50,0,0,0,0,1,1,9,9,2,1,1,4,1,1,1,1,1,1,7,7,1,1,50,9,6,42,76,794,950,0,0,0,0,0,-100,-100,-100,-100,600,1440,107.7673,0,0,-0.000000,-1,0,0,0,1,0,13.7344,5,50,75.1289,13.7344,0,0,48.9844,0,100,0,0,0,0,0,0,0,0,0,0.4260,0.4260,1,0.4260,0.4260,31.0056,8.9635,20141,90,568,135,12265.2656,3604.0703,7254.2305,0,15869.3438,10.9701,2.0289,7.3540,10.9701,2.0289,2.9260,33.3333,6.0181,24.2083,0.000300,0.022600,0.000600,0.000600,0.001600,0.012900,0.000800,0.075200,0.001000,0.019500,0.026900,0.035000,0.3491,0.1940,0.021500,0.005100,0.066000,0.001000,0.046800,0.014600,0.079400,0.005100,0.031800,0.1348,0.016000,0.089800,0.4278,0.6642,0.3358,0.057300,2.4741,0.094200,0.032800,0.038800,0.6858,0.083400,0.001900,0.002400,0.061300,0.1966,0.050100,0.000700,0.6546,1024,389990,0.049600,0,0,0,0,0,0.002600,0,0.008000,0,0,0,0,0,0,0,0,0,0,0,0,0,0,0,0,0,0,0
,0.026200,0.006900,2,57,0,55,0,0,13,233,15,0,454,3,0,0,12,2,0,0,0,0,0,0.004900,0.3383,0.005300,0.008100,0.001000,0.8264,0.1713,0.051200,0.1269,0,0.021700,0.002200,0,768,256,11229,3565.7148,15494.9102,239.1602,0,6,0.000200,0.008700,0.002000,0.013300,0.1806,0,0,0.053900,0.2742,2.9491,0.062600,0.000200,0.001200,0.000200,0.000200,0.007100,0.006400,0.038600,0.005100,0.030900,0.1207,0.009700,0.005900,1.1786,0.028900,0.009400,0.032400,0.011400,0.018600,0.086200,0.008500,0.071900,0.002100,0.074500,0.007600,0.071800,0.6136,0.005600,2.3797,0.000400,0.1836,0.000600,0.000300,0.031400,0.3006,0.7182,0.024000,0.9280,0.1676,0.002000,0.009700,0.000400,0.034100,0.2813,9.5863,8.7628,13.0955,634,16,0.2500,0,16,3.8438,1,0,0,629,1,0,115,102,13,0,-1,-1,0,-1,-1,13.9904,4.9185,0,1525.2227,1525.2227,1525.0977,95,880,535,318,0,0,0.000900,0,0,0.014400,0.078500,0.000600,0.012200,0.070200,0.045600,0.000800,0.001500,0.000300,0.001700,0.006500,0.000800,0.004100,0.024800,0.1454,0.060800,0.082600,0.1655,0.048800,0.2112,0.021700,0.069200,0.000200,0.005400,0.064600,0.008200,0.001200,0.000500,0.025400,0.006100,0.011500,0.001200,0.1392,0.014800,0.039500,0.2116,0.065100,0.001000,0.051400,0.002600,0.034300,0.023400,0.018300,8.9712,0.059200,0.006500,0.000100,0,11.0643,0,0,0,0,0,0,0,50,0,0,0,0,1,1,9,9,2,1,1,4,1,1,1,1,1,1,7,7,1,1,50,9,6,42,76,794,950,0,0,0,0,0,-100,-100,-100,-100,600,1440,107.7673,0,0,-0.000000,-1,0,0,0,1,0,13.7344,5,50,75.1289,13.7344,0,0,48.9844,0,100,0,0,0,0,0,0,0,0,0,0.4483,0.4483,1,0.4483,0.4483,42.1490,8.9635,20141,90,568,135,12265.2578,3604.0703,7254.2305,0,15869.3359,11.1938,2.1491,7.2367,11.1938,2.1501,2.9725,33.3333,5.9342,24.3615,0.000600,0.020600,0.000600,0.000600,0.001600,0.007800,0.000600,0.073600,0,0.018400,0.029800,0.039800,0.3420,0.1937,0.020500,0.006100,0.066300,0,0.044300,0.013800,0.081200,0.006100,0.032400,0.1342,0.015700,0.099700,0.4166,0.6938,0.3886,0.056200,2.0788,0.1014,0.8130,0.038100,0.6896,0.070900,0.002000,0.002300,0.061800,0.1987,0.050200,0.000600,0.5962,1021,390558,0,0,0,0,0,0,0,0.001200,0.007900,0,0,0,0,0,0,0,0,0,0,0,0,0,0,0,0,0,0,0
,0.015300,0.016900,2,57,0,55,0,0,13,233,12,0,454,3,0,0,12,2,0,0,0,0,0.016300,0.009200,0.3443,0.006000,0.009200,0.001100,0.8497,0.2084,0.051000,0.1230,0.002200,0.024100,0,0,768,256,11229,3565.7148,15494.9102,239.1602,0.003100,5,0.000400,0.012100,0.002100,0.014300,0.1794,0,0,0.057700,0.2847,2.7981,0.061900,0.000200,0.001200,0.000300,0.000300,0.006600,0.009900,0.040200,0.005500,0.031400,0.1353,0.010000,0.006300,1.4392,0.028900,0.009500,0.031200,0.011200,0.018200,0.095700,0.011100,0.1075,0.002600,0.076300,0.008000,0.081700,0.6121,0.004500,2.3631,0.000400,0.1872,0.000600,0.000400,0.028900,0.3045,0.8675,0.023300,0.9699,0.1718,0.002200,0.010700,0.000400,0.035700,0.067000,9.2668,8.7628,13.0955,634,16,0.2500,0,16,3.8438,1,0,0,629,1,0,115,102,13,0,-1,-1,0,-1,-1,13.9904,4.9185,0,1525.2227,1525.2227,1525.0977,95,879,535,317,0,0,0.000800,0,0,0.017800,0.082100,0.000800,0.012200,0.067300,0.039800,0.000700,0.001700,0.000400,0.001500,0.006300,0.000900,0.003800,0.022800,0.1297,0.056400,0.085800,0.1535,0.038600,0.1167,0.014100,0,0.000300,0.001600,0.063800,0.008100,0.001300,0.000400,0.024100,0.006400,0.012600,0.000900,0.1353,0.016300,0.040700,0.2059,0.066600,0.001200,0.042000,0.003000,0.017900,0.024400,0.028600,8.3238,0.058500,0.006400,0.000100,0,11.1370,0,0,0,0,0,0,0,50,0,0,0,0,1,1,9,9,2,1,1,4,1,1,1,1,1,1,7,7,1,1,50,9,6,42,76,794,950,0,0,0,0,0,-100,-100,-100,-100,600,1440,107.7673,0,0,-0.000000,-1,0,0,0,1,0,13.7344,5,50,75.1289,13.7344,0,0,48.9844,0,100,0,0,0,0,0,0,0,0,0,0.4301,0.4301,1,0.4301,0.4301,52.9394,8.9635,20141,90,568,135,12265.2461,3604.0703,7254.2305,0,15869.3281,10.7982,1.9459,8.0276,10.7982,2.1885,2.9298,33.3333,6.1044,23.9349,0.000600,0.020800,0.000600,0.000600,0.001700,0.008600,0.000600,0.072300,0.001000,0.019500,0.027000,0.039900,0.3585,0.1909,0.019500,0.005100,0.065900,0,0.043100,0.012500,0.081900,0.005100,0.032000,0.1343,0.015900,0.088600,0.4271,0.7162,0.3626,0.056300,2.4900,0.095300,0.030700,0.039700,0.6989,0.066800,0.001800,0.002600,0.062100,0.1966,0.049100,0.000600,0.6102,1021,390286,0,0,0,0,0,0,0.002400,0.2429,0.009000,0,0,0,0,0,0,0,0,0,0,0,0,0,0,0,0,0,0,0
,0.018800,0.013200,2,57,0,55,0,0,13,233,12,0,454,3,0,0,12,2,0,0,0,0,0,0.007300,0.3213,0.005800,0.010500,0.001000,0.9005,0.1703,0.056900,0.1383,0.001200,0.029100,0.001000,2,768,256,11229,3565.7148,15494.9102,239.1602,0.001600,3,0.000200,0.008600,0.002400,0.015000,0.1822,0,0,0.054400,0.2349,2.9727,0.068600,0.000200,0.001600,0.000300,0.000300,0.007300,0.019800,0.050600,0.005700,0.031500,0.2249,0.012000,0.007200,1.6638,0.031200,0.008400,0.038000,0.011900,0.019400,0.079500,0.009600,0.075400,0.002200,0.1100,0.020200,0.068600,0.5892,0.004500,2.3668,0.000400,0.1810,0.000600,0.000400,0.027900,0.4110,0.7220,0.023900,0.9228,0.1139,0.002000,0.009400,0.000600,0.032200,0.1555,9.3114,8.7628,13.0955,634,16,0.2500,0,16,3.8438,1,0,0,629,1,0,115,102,13,0,-1,-1,0,-1,-1,13.9904,4.9185,0,1525.2227,1525.2227,1525.0977,95,880,535,317,0,0,0.000900,0,0,0.017900,0.081900,0.000500,0.011700,0.070200,0.042800,0.000900,0.001500,0.000300,0.001600,0.006300,0.001000,0.003800,0.022000,0.1385,0.055600,0.093800,0.1526,0.057300,0.1496,0.034300,0.1872,0.000300,0.001800,0.064700,0.008100,0.001600,0.000800,0.029400,0.007300,0.012500,0.001100,0.1390,0.016300,0.041200,0.2062,0.066900,0.001200,0.038200,0.003000,0.033200,0.022300,0.016600,8.7269,0.063700,0.007600,0.000100,0,10.8281,0,0,0,0,0,0,0,50,0,0,0,0,1,1,9,9,2,1,1,4,1,1,1,1,1,1,7,7,1,1,50,9,6,42,76,794,950,0,0,0,0,0,-100,-100,-100,-100,600,1440,107.7673,0,0,-0.000000,-1,0,0,0,1,0,13.7344,5,50,75.1289,13.7344,0,0,48.9844,0,100,0,0,0,0,0,0,0,0,0,0.5102,0.5102,1,0.5102,0.5102,1.7210,8.9635,20141,90,568,135,12265.2266,3604.0703,7254.2305,0,15869.3164,10.9886,2.5464,7.2361,10.9886,2.5464,2.9187,33.3333,6.0335,24.2734,0.000600,0.025100,0.000600,0.000600,0.001800,0.010400,0.000800,0.089400,0.001000,0.028700,0.039200,0.034400,0.8999,0.3124,0.021500,0.006100,0.061400,0,0.046900,0.023800,0.087900,0.006200,0.036500,0.1858,0.020100,0.1012,0.4273,0.6828,0.3832,0.055100,2.0619,0.094200,0.030800,0.039600,0.6979,0.071300,0.002000,0.002400,0.061900,0.1967,0.049100,0.000600,0.6512,1064,402441,0,2132,1258,0,1.6791,0,0,0,0.008000,0,0,0,0,0,0,0,0,0,0,0,0,0,0,0,0,0,0,0
,0.080900,0.015600,2,63,0,61,0,0,13,233,45,0,454,3,0,0,12,2,0,0,0,0,0.024200,0.002600,0.3344,0.005500,0.009100,0.001100,0.8453,0.2580,0.051900,0.1195,0.001300,0.031200,0.001400,2,768,256,11229,3565.7148,15494.9102,239.1602,0.002100,2,0.000900,0.011400,0.002200,0.018700,0.1750,0,0,0.052800,0.2306,3.1438,0.080000,0.000200,0.001300,0.000200,0.000300,0.005900,0.006000,0.046900,0.005200,0.030700,0.1612,0.010900,0.006200,1.6132,0.027300,0.008700,0.034700,0.012200,0.018500,0.088400,0.011000,0.074600,0.001900,0.1116,0.021700,0.077300,0.6419,0.005000,2.4061,0.000500,0.1843,0.000500,0.000300,0.028400,0.3905,0.8639,0.024100,0.9500,0.1733,0.002000,0.009500,0.000500,0.034300,0.3160,9.5805,8.7628,13.0955,634,16,0.2500,0,16,3.8438,1,0,0,629,1,0,115,102,13,0,-1,-1,0,-1,-1,13.9904,4.9185,0,1525.2227,1525.2227,1525.0977,95,908,561,321,0,0,0.001000,0,0,0.015700,0.083400,0.000800,0.025500,0.092600,0.053800,0.000900,0.001800,0.000400,0.001700,0.006800,0.001000,0.004100,0.021400,0.1697,0.059900,0.083400,0.1495,0.044600,0.2443,0.022100,0.1632,0.000100,0.001500,0.062500,0.009100,0.001100,0.000600,0.038500,0.006100,0.011700,0.001200,0.1476,0.015800,0.055200,0.2330,0.070200,0.001300,0.042900,0.002600,0.033900,0.024200,0.018700,9.0574,0.054700,0.006200,0.000100,0,10.9511,0,0,0,0,0,0,0,50,0,0,0,0,1,1,9,9,2,1,1,4,1,1,1,1,1,1,7,7,1,1,50,9,6,42,76,794,950,0,0,0,0,0,-100,-100,-100,-100,600,1440,107.7673,0,0,-0.000000,-1,0,0,0,1,0,13.7344,5,50,75.1289,13.7344,0,0,48.9844,0,100,0,0,0,0,0,0,0,0,0,0.5883,0.5883,1,0.5883,0.5883,13.1774,8.9635,20141,90,568,135,12265.2109,3604.0703,7254.2305,0,15869.2969,11.3601,2.3496,7.6411,11.3601,2.3496,3.1436,33.3333,5.9614,24.3295,0.000600,0.021200,0.000600,0.000600,0.001600,0.007600,0.000700,0.074000,0,0.019400,0.021400,0.036800,0.3473,0.1940,0.018400,0.006200,0.065700,0,0.046500,0.027000,0.078700,0.005200,0.032100,0.1365,0.015700,0.089800,0.4326,0.7152,0.3482,0.058400,3.2940,0.097300,0.031700,0.045100,0.6928,0.091300,0.002000,0.002400,0.063300,0.1956,0.050200,0.000600,0.5922,1057,400211,0,0,0,0,0,0,0,0,0.007700,0,0,0,0,0,0,0,0,0,0,0,0,0,0,0,0,0,0,0
,0.018000,0.005800,2,73,0,71,0,0,14,233,25,0,454,3,0,0,13,2,0,0,0,0,0,0.010800,0.3327,0.005900,0.008900,0.001100,0.8622,0.1828,0.048400,0.1223,0.000800,0.029200,0.002700,0,768,256,11229,3565.7148,15494.9102,239.1602,0.001200,3,0.000600,0.019000,0.001900,0.020400,0.1896,0,0,0.054500,0.3160,2.7215,0.064500,0.000300,0.001100,0.000300,0.000300,0.006500,0.032000,0.048200,0.005000,0.032800,0.1422,0.010800,0.006400,1.4083,0.027100,0.007900,0.034500,0.011500,0.018800,0.084800,0.011000,0.075900,0.001900,0.1123,0.008500,0.069900,0.6420,0.004800,2.4177,0.000200,0.2075,0.000600,0.000400,0.030700,0.3138,0.7625,0.024800,0.9447,0.2013,0.002300,0.010000,0.000500,0.035300,0.2932,10.2230,8.7628,13.0955,634,16,0.2500,0,16,3.8438,1,0,0,629,1,0,115,102,13,0,-1,-1,0,-1,-1,13.9904,4.9185,0,1525.2227,1525.2227,1525.0977,95,885,561,321,0,0,0.000800,0,0,0.015300,0.079600,0.000800,0.011400,0.066400,0.041600,0.000800,0.001600,0.000300,0.001500,0.005800,0.000900,0.003900,0.022800,0.1340,0.058700,0.087400,0.1523,0.044500,0.1709,0.022900,0.2133,0.000200,0.001400,0.061200,0.007300,0.001400,0.000500,0.024900,0.006300,0.012000,0.001200,0.1367,0.014900,0.040300,0.2024,0.069500,0.001300,0.038500,0.002600,0.016200,0.022600,0.018000,9.6774,0.060800,0.006900,0.000200,0,11.4405,0,0,0,0,0,0,0,50,0,0,0,0,1,1,9,9,2,1,1,4,1,1,1,1,1,1,7,7,1,1,50,9,6,42,76,794,950,0,0,0,0,0,-100,-100,-100,-100,600,1440,107.7673,0,0,-0.000000,-1,0,0,0,1,0,13.7344,5,50,75.1289,13.7344,0,0,48.9844,0,100,0,0,0,0,0,0,0,0,0,0.5453,0.5453,1,0.5453,0.5453,25.0533,8.9635,20141,90,568,135,12265.1914,3604.0703,7254.2305,0,15869.2812,11.8706,2.2496,8.0978,11.8706,2.2573,3.1421,33.3333,5.8450,24.4949,0.000200,0.022100,0.000600,0.000600,0.001800,0.007900,0.000600,0.072600,0.001100,0.017400,0.028900,0.039500,0.3618,0.1930,0.019500,0.006100,0.067400,0,0.050900,0.027100,0.1944,0.006200,0.032000,0.1340,0.016000,0.093000,0.4268,0.7667,0.3191,0.056300,2.4640,0.094200,0.031800,0.039700,0.6842,0.096100,0.001900,0.002500,0.061600,0.1967,0.051200,0.000800,0.6100,1046,394802,0,0,0,0,0,0,0,0.008100,0.007800,0,0,0,0,0,0,0,0,0,0,0,0,0,0,0,0,0,0,0
,0.029400,0.008200,2,59,0,57,0,0,13,233,26,0,454,3,0,0,12,2,0,0,0,0,0.009300,0.009400,0.3550,0.006300,0.010000,0.001100,0.9017,0.2000,0.054100,0.1323,0.001100,0.033700,0,1,768,256,11229,3565.7148,15494.9102,239.1602,0.001500,6,0.000400,0.008300,0.002700,0.023200,0.1822,0,0,0.059500,0.2292,2.9655,0.1099,0.000300,0.001600,0.000200,0.000400,0.007400,0.011800,0.056000,0.005500,0.035700,0.1296,0.011600,0.006300,1.2575,0.025500,0.007900,0.036500,0.011500,0.018500,0.086100,0.009100,0.083700,0.002200,0.099900,0.008100,0.067900,0.5785,0.004500,2.3194,0.000300,0.1827,0.000600,0.000500,0.027700,0.3032,0.8972,0.023300,0.9088,0.1852,0.002200,0.009100,0.000400,0.034600,0.3834,9.3682,8.7628,13.0955,634,16,0.2500,0,16,3.8438,1,0,0,629,1,0,115,102,13,0,-1,-1,0,-1,-1,13.9904,4.9185,0,1525.2227,1525.2227,1525.0977,95,896,561,321,0,0,0.000800,0,0,0.015200,0.081100,0.000600,0.011400,0.084500,0.041200,0.001000,0.001500,0.000400,0.001700,0.006400,0.000900,0.003800,0.023400,0.1461,0.056700,0.078000,0.1923,0.045500,0.1863,0.019400,0.074900,0.000200,0.001700,0.067900,0.008300,0.001400,0.000600,0.026000,0.005900,0.011700,0.001400,0.1692,0.030700,0.045500,0.2094,0.073600,0.001400,0.021700,0.003600,0.033400,0.021900,0.017100,8.7934,0.056900,0.006300,0.000100,0,11.9752,0,0,0,0,0,0,0,50,0,0,0,0,1,1,9,9,2,1,1,4,1,1,1,1,1,1,7,7,1,1,50,9,6,42,76,794,950,0,0,0,0,0,-100,-100,-100,-100,600,1440,107.7673,0,0,-0.000000,-1,0,0,0,1,0,13.7344,5,50,75.1289,13.7344,0,0,48.9844,0,100,0,0,0,0,0,0,0,0,0,0.4249,0.4249,1,0.4249,0.4249,36.1350,8.9635,20141,90,568,135,12265.1914,3604.0703,7254.2305,0,15869.2617,11.1707,2.2399,7.4352,11.1707,2.2399,3.0906,33.3333,5.9637,24.0044,0.000600,0.021800,0.000600,0.000600,0.001500,0.007900,0.000600,0.074300,0,0.019500,0.032100,0.038500,0.3446,0.1888,0.019500,0.006100,0.062500,0,0.045000,0.019800,0.2003,0.005100,0.032400,0.1356,0.015900,0.089500,0.4219,0.7127,0.3097,0.056300,2.5610,0.095200,0.030700,0.038100,0.6964,0.096600,0.001700,0.002500,0.060700,0.1988,0.049100,0.000600,0.6634,1038,404272,0,0,0,0,0,0,0,0,0.008400,0,0,0,0,0,0,0,0,0,0,0,0,0,0,0,0,0,0,0
,0.016400,0.009700,2,80,0,78,0,0,14,233,42,0,454,3,0,0,13,2,0,0,0,0,0.030000,0.003200,0.3133,0.005400,0.010400,0.000700,0.8411,0.1830,0.049800,0.1267,0.001100,0.033400,0.001900,1,768,256,11229,3565.7148,15494.9102,239.1602,0.001400,5,0.000300,0.008800,0.001800,0.018200,0.2504,0,0,0.055200,0.3602,2.8065,0.064200,0.000200,0.001000,0.000200,0.000300,0.006300,0.010000,0.044200,0.004600,0.030900,0.1302,0.010400,0.005900,1.4879,0.026600,0.008300,0.043700,0.011000,0.019000,0.091300,0.010800,0.069700,0.001900,0.1010,0.007800,0.069500,0.6201,0.004600,2.3481,0.000300,0.1814,0.000500,0.000300,0.029200,0.3778,1.1389,0.027000,0.9354,0.7892,0.001800,0.009800,0.000600,0.037400,0.059300,9.6007,8.7628,13.0955,634,16,0.2500,0,16,3.8438,1,0,0,629,1,0,115,102,13,0,-1,-1,0,-1,-1,13.9904,4.9185,0,1525.2227,1525.2227,1441.5039,95,880,535,317,0,0,0.001000,0,0,0.018800,0.080800,0.000500,0.024700,0.073000,0.042700,0.001000,0.001300,0.000500,0.001700,0.006400,0.001300,0.004400,0.024300,0.1415,0.064700,0.086300,0.1733,0.046600,0.1641,0.019000,0.1621,0.000100,0.001300,0.060600,0.008100,0.001200,0.000400,0.025400,0.006500,0.011500,0.001000,0.1355,0.014500,0.039600,0.1993,0.066600,0.001300,0.031700,0.002200,0.033500,0.021800,0.016900,8.9620,0.056500,0.006900,0.000100,0,10.9955,0,0,0,0,0,0,0,50,0,0,0,0,1,1,9,9,2,1,1,4,1,1,1,1,1,1,7,7,1,1,50,9,6,42,76,794,950,0,0,0,0,0,-100,-100,-100,-100,600,1440,107.7673,0,0,-0.000000,-1,0,0,0,1,0,13.7344,5,50,75.1289,13.7344,0,0,48.9844,0,100,0,0,0,0,0,0,0,0,0,0.4795,0.4795,1,0.4795,0.4795,47.2889,8.9635,20141,90,568,135,12265.1875,3604.0703,7254.2305,0,15869.2617,11.1701,2.2507,7.3809,11.1701,2.2507,3.1618,33.3333,5.9966,24.3940,0.000300,0.022100,0.000700,0.000600,0.001700,0.008900,0.000600,0.072900,0.001000,0.017400,0.019400,0.025700,0.3621,0.1936,0.019500,0.005100,0.066000,0,0.049000,0.008200,0.2124,0.006100,0.031600,0.1347,0.016100,0.1060,0.4199,0.6492,0.2965,0.056200,3.2715,0.096200,0.031800,0.040500,0.6912,0.090600,0.001900,0.002400,0.061100,0.2100,0.050200,0.000700,0.6002,992,389682,0.050100,0,0,0,0,0,0.011200,0,0.008900,0,0,0,0,0,0,0,0,0,0,0,0,0,0,0,0,0,0,0
,0.015100,0.012500,2,57,0,55,0,0,13,233,12,0,454,3,0,0,12,2,0,0,0,0,0.008100,0.018800,0.3581,0.005400,0.008300,0.000800,0.8694,0.2016,0.053500,0.1306,0.001000,0.2966,0.001800,0,768,256,11229,3565.7148,15494.9102,239.1602,0.014700,3,0.000200,0.007600,0.001900,0.017600,0.1952,0,0,0.086500,0.2191,2.9247,0.089900,0.000200,0.001000,0.000200,0.000200,0.006100,0.007400,0.039500,0.007600,0.031000,0.1325,0.010700,0.006300,0.8606,0.027100,0.008500,0.033500,0.011600,0.019900,0.082100,0.008700,0.071600,0.002000,0.1478,0.009300,0.074600,0.6369,0.004900,2.4255,0.000400,0.2066,0.000700,0.000700,0.033100,0.3035,0.8967,0.034800,1.0790,0.1516,0.002100,0.011100,0.000500,0.038100,0,10.2997,8.7628,13.0955,634,16,0.2500,0,16,3.8438,1,0,0,629,1,0,115,102,13,0,-1,-1,0,-1,-1,13.9904,4.9185,0,1525.2227,1525.2227,1525.0977,95,880,535,317,0,0,0.000900,0,0,0.018000,0.080500,0.000800,0.011100,0.068800,0.039100,0.000800,0.001500,0.000400,0.001300,0.005800,0.001200,0.003600,0.020500,0.1702,0.055700,0.083700,0.1545,0.043800,0.1897,0.054000,0.1564,0.000100,0.001400,0.065100,0.008900,0.001400,0.000600,0.027400,0.006600,0.024700,0.001100,0.1378,0.014300,0.039700,0.2087,0.066700,0.001000,0.045800,0.002300,0.018800,0.038100,0.018400,9.7624,0.058800,0.006100,0.000200,0,11.1830,0,0,0,0,0,0,0,50,0,0,0,0,1,1,9,9,2,1,1,4,1,1,1,1,1,1,7,7,1,1,50,9,6,42,76,794,950,0,0,0,0,0,-100,-100,-100,-100,600,1440,107.7673,0,0,-0.000000,-1,0,0,0,1,0,13.7344,5,50,75.1289,13.7344,0,0,48.9844,0,100,0,0,0,0,0,0,0,0,0,0.5021,0.5021,1,0.5021,0.5021,59.3441,8.9635,20141,90,568,135,12265.1797,3604.0703,7254.2305,0,15869.2578,11.9915,2.2605,8.4483,11.9915,2.2605,2.8868,33.3333,6.0194,24.3104,0.000600,0.021300,0.000500,0.000600,0.001400,0.007400,0.000600,0.072500,0,0.022600,0.028600,0.036200,0.3681,0.1857,0.019500,0.006100,0.066500,0,0.048600,0.009700,0.084100,0.005100,0.032100,0.1340,0.016200,0.090600,0.4282,0.7961,0.3086,0.057400,2.5395,0.099400,0.031700,0.038700,0.6912,0.1019,0.002000,0.002500,0.062300,0.1987,0.050100,0.000600,0.6073,1093,404538,0,0,0,0,0,0,0,0,0.009000,0,0,0,0,0,0,0,0,0,0,0,0,0,0,0,0,0,0,0
,0.032000,0.007500,2,76,0,74,0,0,14,233,41,0,454,3,0,0,13,2,0,0,0,0,0.028000,0.003400,0.3473,0.006000,0.008500,0.001300,0.9110,0.1696,0.053900,0.1413,0.000800,0.028300,0,1,768,256,11229,3565.7148,15494.9102,239.1602,0.002000,3,0,0.008100,0.002300,0.019700,0.1883,0,0,0.057500,0.2336,3.0272,0.064800,0.000200,0.001500,0.000200,0.000200,0.010300,0.006200,0.1036,0.005200,0.030800,0.1414,0.011000,0.007200,1.3176,0.029100,0.008700,0.029100,0.012000,0.020200,0.082900,0.008400,0.081800,0.002100,0.081900,0.007900,0.070100,0.5977,0.004300,2.5108,0.000200,0.2024,0.000600,0.000300,0.031400,0.3024,0.7754,0.025000,1.0846,0.1720,0.001800,0.010500,0.000500,0.036400,0.1049,9.0228,8.7628,13.0955,634,16,0.2500,0,16,3.8438,1,0,0,629,1,0,115,102,13,0,-1,-1,0,-1,-1,13.9904,4.9185,0,1525.2227,1525.2227,1525.0977,95,913,561,321,0,0,0.000900,0,0,0.014800,0.084600,0.000600,0.012100,0.071800,0.079400,0.000900,0.001600,0.000200,0.001700,0.006400,0.000800,0.004500,0.023800,0.1281,0.058800,0.085000,0.1419,0.037700,0.1768,0.029000,0.075600,0.000100,0.001700,0.064400,0.008200,0.001300,0.000500,0.028500,0.005900,0.011500,0.001200,0.1382,0.018900,0.044400,0.1984,0.073700,0.001300,0.041700,0.002500,0.032400,0.022900,0.015700,8.5437,0.060000,0.006500,0.000100,0,12.0776,0,0,0,0,0,0,0,50,0,0,0,0,1,1,9,9,2,1,1,4,1,1,1,1,1,1,7,7,1,1,50,9,6,42,76,794,950,0,0,0,0,0,-100,-100,-100,-100,600,1440,107.7673,0,0,-0.000000,-1,0,0,0,1,0,13.7344,5,50,75.1289,13.7344,0,0,48.9844,0,100,0,0,0,0,0,0,0,0,0,0.4080,0.4080,1,0.4080,0.4080,7.7693,8.9635,20141,90,568,135,12265.1562,3604.0703,7254.2305,0,15869.2500,10.6865,2.1877,7.5154,10.6865,2.1877,3.0249,33.3333,5.8422,23.8931,0.000300,0.021700,0.000600,0.000600,0.001700,0.007700,0.000500,0.073100,0,0.019500,0.028200,0.036800,0.3556,0.1867,0.018400,0.007200,0.065500,0,0.045100,0.009100,0.088800,0.005200,0.032400,0.1359,0.015500,0.091300,0.4286,0.7841,0.3064,0.055300,2.3306,0.094200,0.030700,0.039700,0.6841,0.085900,0.001900,0.002700,0.062100,0.1955,0.051200,0.000700,0.6530,1055,399110,0,2345,1262,0,1.3522,0,0,0,0.008400,0,0,0,0,0,0,0,0,0,0,0,0,0,0,0,0,0,0,0
,0.015500,0.005700,2,64,0,62,0,0,13,233,28,0,454,3,0,0,12,2,0,0,0,0,0,0.005100,0.3212,0.005400,0.009300,0.001400,0.8743,0.2065,0.056400,0.1304,0.001400,0.039200,0,0,768,256,11229,3565.7148,15494.9102,239.1602,0.001300,5,0.000400,0.011000,0.002300,0.020100,0.1791,0,0,0.057800,0.3330,3.1265,0.069600,0.000300,0.001300,0.000300,0.000200,0.006500,0.006700,0.043200,0.005300,0.033700,0.1518,0.010300,0.006000,1.5121,0.027500,0.008600,0.037600,0.012100,0.019200,0.1024,0.011300,0.096200,0.002400,0.078100,0.008000,0.074900,0.6234,0.004700,2.3480,0.000300,0.1797,0.000600,0.000400,0.030000,0.3590,0.8320,0.023500,0.9301,0.4075,0.002100,0.011300,0.000600,0.031800,0.049000,9.5972,8.7628,13.0955,634,16,0.2500,0,16,3.8438,1,0,0,629,1,0,115,102,13,0,-1,-1,0,-1,-1,13.9904,4.9185,0,1525.2227,1525.2227,1441.6289,95,906,561,322,0,0,0.000900,0,0,0.013900,0.078500,0.000500,0.010700,0.068800,0.043200,0.001000,0.001500,0.000300,0.001600,0.006400,0.001000,0.003800,0.022500,0.1445,0.056600,0.077600,0.1455,0.041500,0.1933,0.033200,0.1166,0.000200,0.005100,0.063500,0.008700,0.001300,0.000500,0.026600,0.006500,0.012200,0.001200,0.1361,0.013600,0.040100,0.2023,0.065600,0.001100,0.037000,0.002800,0.033200,0.021800,0.017500,8.9970,0.061000,0.006100,0.000200,0,10.7082,0,0,0,0,0,0,0,50,0,0,0,0,1,1,9,9,2,1,1,4,1,1,1,1,1,1,7,7,1,1,50,9,6,42,76,794,950,0,0,0,0,0,-100,-100,-100,-100,600,1440,107.7673,0,0,-0.000000,-1,0,0,0,1,0,13.7344,5,50,75.1289,13.7344,0,0,48.9844,0,100,0,0,0,0,0,0,0,0,0,0.4428,0.4428,1,0.4428,0.4428,18.9262,8.9635,20141,90,568,135,12265.0742,3604.0703,7254.2305,0,15869.2266,11.2635,2.1812,7.2978,11.2635,2.1812,2.8950,33.3333,5.7015,24.2375,0.000300,0.022700,0.000700,0.000700,0.001700,0.007400,0.001700,0.072200,0,0.019500,0.026100,0.042000,0.3340,0.1912,0.019400,0.006200,0.066600,0,0.045500,0.021600,0.1947,0.006200,0.031800,0.1341,0.015400,0.091900,0.4445,0.6664,0.3551,0.056400,3.2757,0.096300,0.034800,0.039500,0.6922,0.086500,0.002100,0.002500,0.060400,0.1966,0.049200,0.000600,0.6198,1026,389576,0,0,0,0,0,0,0,0,0.007800,0,0,0,0,0,0,0,0,0,0,0,0,0,0,0,0,0,0,0
,0.088000,0.010100,2,57,0,55,0,0,13,233,12,0,454,3,0,0,12,2,0,0,0,0,0.017400,0.025500,0.3242,0.005500,0.008900,0.000800,0.8301,0.1813,0.050300,0.1202,0.001200,0.3187,0,1,768,256,11229,3565.7148,15494.9102,239.1602,0.002200,4,0.000100,0.008000,0.001900,0.013800,0.2052,0,0,0.057800,0.2604,2.8851,0.074400,0.000400,0.001400,0.000200,0.000200,0.007000,0.006700,0.044500,0.004800,0.033900,0.090300,0.010000,0.005600,1.0192,0.027300,0.009700,0.028300,0.011800,0.019100,0.077900,0.009800,0.075900,0.002300,0.076500,0.008600,0.075000,0.6005,0.005000,2.3476,0.000300,0.1891,0.000500,0.000400,0.035200,0.3037,0.7361,0.028400,0.9855,0.5950,0.002000,0.014600,0.000400,0.038400,0.023200,9.9267,8.7628,13.0955,634,16,0.2500,0,16,3.8438,1,0,0,629,1,0,115,102,13,0,-1,-1,0,-1,-1,13.9904,4.9185,0,1525.2227,1525.2227,1525.0977,95,893,561,322,0,0,0.001100,0,0,0.015900,0.083300,0.000500,0.011700,0.069000,0.041800,0.000900,0.001600,0.000400,0.001700,0.006700,0.001000,0.003700,0.023400,0.1432,0.058000,0.088400,0.1842,0.050000,0.1727,0.022700,0.1745,0.000400,0.001900,0.065900,0.008600,0.001300,0.000700,0.026700,0.006300,0.013000,0.001300,0.1397,0.015000,0.043300,0.1985,0.068700,0.001100,0.043200,0.003000,0.017700,0.023400,0.018500,9.6348,0.090000,0.006000,0,0,11.1788,0,0,0,0,0,0,0,50,0,0,0,0,1,1,9,9,2,1,1,4,1,1,1,1,1,1,7,7,1,1,50,9,6,42,76,794,950,0,0,0,0,0,-100,-100,-100,-100,600,1440,107.7673,0,0,-0.000000,-1,0,0,0,1,0,13.7344,5,50,75.1289,13.7344,0,0,48.9844,0,100,0,0,0,0,0,0,0,0,0,0.4989,0.4989,1,0.4989,0.4989,30.8797,8.9635,20141,90,568,135,12265.0586,3604.0703,7254.2305,0,15869.1445,11.5911,2.2741,8.2077,11.5911,2.2752,3.0152,33.3333,6.1441,23.6603,0.000200,0.020700,0.000800,0.000600,0.001700,0.010400,0.000700,0.076100,0.001100,0.019400,0.021100,0.025700,0.3890,0.1937,0.019500,0.005100,0.061000,0,0.045900,0.010600,0.2000,0.005100,0.032600,0.1441,0.016700,0.090700,0.4293,0.7557,0.3253,0.054300,2.4453,0.094200,0.031700,0.039100,0.6888,0.098500,0.002200,0.004500,0.060800,0.1936,0.052200,0.000700,0.6183,1024,389402,0,0,0,0,0,0,0,0.001300,0.008100,0,0,0,0,0,0,0,0,0,0,0,0,0,0,0,0,0,0,0
,0.023100,0.013200,2,57,0,55,0,0,13,233,13,0,454,3,0,0,12,2,0,0,0,0,0.008200,0.007900,0.3440,0.005500,0.022000,0.001000,0.9040,0.2082,0.055500,0.1329,0.001200,0.026900,0,1,768,256,11229,3565.7148,15494.9102,239.1602,0.002000,2,0.000300,0.017500,0.002200,0.018700,0.1779,0,0,0.059900,0.2432,2.6031,0.065100,0.000200,0.001300,0.000200,0.000300,0.006600,0.007300,0.042100,0.005200,0.034100,0.5749,0.010900,0.005800,0.5733,0.027800,0.007900,0.029800,0.012100,0.018500,0.089800,0.011900,0.1181,0.003000,0.093700,0.007800,0.074900,0.6184,0.004900,2.4144,0.000300,0.1954,0.000500,0.000500,0.029700,0.3092,0.6662,0.023400,0.9240,0.5116,0.001900,0.014100,0.000500,0.034000,0,8.2875,8.7628,13.0955,634,16,0.2500,0,16,3.8438,1,0,0,629,1,0,115,102,13,0,-1,-1,0,-1,-1,13.9904,4.9185,0,1525.2227,1525.2227,1441.5039,95,874,561,322,0,0,0.000900,0,0,0.014900,0.075600,0.000500,0.012500,0.070700,0.038800,0.000700,0.001300,0.000200,0.001400,0.005800,0.000900,0.003500,0.021000,0.1404,0.057400,0.078500,0.1642,0.039600,0.9314,0.016400,0,0.000400,0.001900,0.067900,0.008800,0.001200,0.000600,0.027000,0.006000,0.012900,0.001100,0.1377,0.014600,0.041600,0.2008,0.067600,0.001000,0.043800,0.002200,0.032000,0.023000,0.019500,7.7918,0.058700,0.007100,0.000200,0,11.9099,0,0,0,0,0,0,0,50,0,0,0,0,1,1,9,9,2,1,1,4,1,1,1,1,1,1,7,7,1,1,50,9,6,42,76,794,950,0,0,0,0,0,-100,-100,-100,-100,600,1440,107.7673,0,0,-0.000000,-1,0,0,0,1,0,13.7344,5,50,75.1289,13.7344,0,0,48.9844,0,100,0,0,0,0,0,0,0,0,0,0.4091,0.4091,1,0.4091,0.4091,41.4321,8.9635,20141,90,568,135,12264.8359,3604.0703,7254.2305,0,15869.1289,10.8121,2.7973,7.4185,10.8121,2.7973,3.0458,33.3333,6.2702,23.7542,0.000300,0.023000,0.000600,0.000600,0.001700,0.007400,0.000600,0.074100,0,0.018400,0.022000,0.026900,0.3447,0.1918,0.020400,0.006200,0.067300,0,0.045700,0.012200,0.2011,0.005100,0.032300,0.1360,0.015700,0.092200,0.4242,0.7196,0.3157,0.054200,2.1401,0.093200,0.031800,0.038200,0.6835,0.097000,0.001900,0.002300,0.060900,0.1956,0.050100,0.000600,0.6827,1066,406758,0,0,0,0,0,0,0,0,0.008600,0,0,0,0,0,0,0,0,0,0,0,0,0,0,0,0,0,0,0
,0.013900,0.005600,2,80,0,78,0,0,14,233,43,0,454,3,0,0,13,2,0,0,0,0,0.009100,0.004500,0.3366,0.006100,0.007500,0.001100,0.8406,0.1708,0.054100,0.1210,0.001500,0.034300,0,1,768,256,11229,3565.7148,15494.9102,239.1602,0.001400,3,0.000400,0.011900,0.002600,0.013300,0.1795,0,0,0.062200,0.2066,2.5886,0.063600,0.000200,0.001300,0.000300,0.000300,0.006500,0.007200,0.043700,0.005000,0.030200,0.1025,0.009700,0.005900,1.2356,0.027800,0.008800,0.034500,0.011400,0.018700,0.1061,0.010800,0.079500,0.002200,0.081000,0.008700,0.072200,0.6146,0.005700,2.3490,0.000300,0.1847,0.000600,0.000300,0.029400,0.3007,0.6044,0.024000,0.9145,0.1552,0.001900,0.009700,0.000400,0.033800,0,8.7905,8.7628,13.0955,634,16,0.2500,0,16,3.8438,1,0,0,629,1,0,115,102,13,0,-1,-1,0,-1,-1,13.9904,4.9185,0,1525.2227,1525.2227,1525.0977,95,875,561,322,0,0,0.000900,0,0,0.014100,0.081600,0.000700,0.011900,0.069400,0.042500,0.001000,0.001300,0.000200,0.001600,0.006100,0.001000,0.004400,0.023800,0.1624,0.059500,0.080500,0.1589,0.042800,0.1649,0.020900,0.1144,0.000200,0.001700,0.066300,0.007500,0.001300,0.000400,0.026200,0.006800,0.011500,0.001100,0.1340,0.015200,0.040400,0.2115,0.072800,0.001200,0.023200,0.003300,0.034600,0.022600,0.019800,8.2268,0.054800,0.006100,0.000100,0,10.5505,0,0,0,0,0,0,0,50,0,0,0,0,1,1,9,9,2,1,1,4,1,1,1,1,1,1,7,7,1,1,50,9,6,42,76,794,950,0,0,0,0,0,-100,-100,-100,-100,600,1440,107.7673,0,0,-0.000000,-1,0,0,0,1,0,13.7344,5,50,75.1289,13.7344,0,0,48.9844,0,100,0,0,0,0,0,0,0,0,0,0.4639,0.4639,1,0.4639,0.4639,51.7934,8.9635,20141,90,568,135,12264.7695,3604.0703,7254.2305,0,15868.9062,10.4502,2.1337,7.2756,10.4502,2.1348,2.8144,33.3333,6.3009,24.3327,0.000600,0.021200,0.000500,0.000600,0.001400,0.008400,0.000500,0.084200,0,0.021500,0.038100,0.041000,0.3538,0.3087,0.019400,0.005100,0.067100,0.001100,0.044000,0.012000,0.1895,0.006200,0.033000,0.1331,0.016200,0.097300,0.4402,0.7232,0.3907,0.057400,2.9512,0.1003,0.036900,0.038700,0.6917,0.082600,0.001900,0.002400,0.061000,0.1986,0.050200,0.000700,0.6074,932,387556,0,0,0,0,0,0,0,0.001300,0.008600,0,0,0,0,0,0,0,0,0,0,0,0,0,0,0,0,0,0,0
,0.025600,0.028400,2,57,0,55,0,0,13,233,13,0,454,3,0,0,12,2,0,0,0,0,0,0.006000,0.3344,0.004700,0.009000,0.000700,0.8523,0.1969,0.053800,0.1247,0.001100,0.026900,0,1,768,256,11229,3565.7148,15494.9102,239.1602,0.001600,2,0.000400,0.012600,0.002100,0.013200,0.2159,0,0,0.053900,0.2566,2.6772,0.069200,0.000300,0.002600,0.000300,0.000200,0.007800,0.006500,0.045600,0.004900,0.033100,0.1018,0.011100,0.005700,1.1530,0.027200,0.009200,0.031200,0.015600,0.018500,0.1037,0.014000,0.077500,0.002500,0.084800,0.008300,0.070100,0.5972,0.004800,2.3609,0.000300,0.1805,0.000700,0.000400,0.027400,0.3033,0.6775,0.025300,1.0012,0.1675,0.001400,0.010100,0.000600,0.033300,0.1274,8.4986,8.7628,13.0955,634,16,0.2500,0,16,3.8438,1,0,0,629,1,0,115,102,13,0,-1,-1,0,-1,-1,13.9904,4.9185,0,1525.2227,1525.2227,1525.0977,95,875,561,322,0,0,0.001000,0,0,0.013500,0.080100,0.000700,0.011100,0.066400,0.038700,0.000900,0.001700,0.000200,0.001500,0.006000,0.000900,0.003700,0.021900,0.1419,0.054600,0.074100,0.1602,0.054300,0.1766,0.034100,0.070800,0.000200,0.001300,0.063900,0.008500,0.001500,0.000400,0.024100,0.006100,0.011700,0.001200,0.1361,0.014600,0.039000,0.1923,0.068800,0.001400,0.043300,0.003000,0.015900,0.023400,0.020600,7.9399,0.056300,0.006700,0.000100,0.004300,10.4147,0,0,0,0,0,0,0,50,0,0,0,0,1,1,9,9,2,1,1,4,1,1,1,1,1,1,7,7,1,1,50,9,6,42,76,794,950,0,0,0,0,0,-100,-100,-100,-100,600,1440,107.7673,0,0,-0.000000,-1,0,0,0,1,0,13.7344,5,50,75.1289,13.7344,0,0,48.9844,0,100,0,0,0,0,0,0,0,0,0,0.4262,0.4262,1,0.4262,0.4262,61.8606,8.9635,20141,90,568,135,12264.7656,3604.0703,7254.2305,0,15868.8398,10.0248,2.1344,8.2424,10.0248,2.1344,2.9157,33.3333,6.0992,23.9713,0.000200,0.021800,0.000500,0.000600,0.001700,0.008900,0.000600,0.075400,0,0.017500,0.023000,0.038600,0.3385,0.2983,0.021500,0.006100,0.064200,0,0.047600,0.011000,0.1863,0.005100,0.032600,0.1401,0.015900,0.093100,0.4272,0.6923,0.3887,0.055400,2.0563,0.092100,0.031800,0.039100,0.6901,0.091200,0.001800,0.002400,0.062000,0.1966,0.050200,0.000800,0.6051,982,400848,0.1571,0,0,0,0,0,0,0,0.008000,0,0,0,0,0,0,0,0,0,0,0,0,0,0,0,0,0,0,0
,0.014400,0.014000,2,64,0,62,0,0,13,233,44,0,454,3,0,0,12,2,0,0,0,0,0.009300,0.008600,0.3373,0.006400,0.007700,0.001400,0.8536,0.1681,0.046700,0.1222,0.001600,0.021500,0.001800,0,768,256,11229,3565.7148,15494.9102,239.1602,0.001500,3,0.000100,0.007100,0.001700,0.013100,0.2149,0,0,0.060700,0.2865,2.6015,0.079200,0.000300,0.001400,0.000300,0.000300,0.006600,0.007400,0.044200,0.005500,0.034400,0.1427,0.011900,0.006300,1.7911,0.031100,0.008900,0.034000,0.011900,0.018100,0.083900,0.010700,0.076400,0.002100,0.077900,0.007700,0.068300,0.5786,0.004300,2.4323,0.000300,0.2101,0.000500,0.000400,0.030400,0.3094,0.6197,0.022900,0.9195,0.1629,0.002000,0.009000,0.000500,0.034100,0.2740,8.8916,8.7628,13.0955,634,16,0.2500,0,16,3.8438,1,0,0,629,1,0,115,102,13,0,-1,-1,0,-1,-1,13.9904,4.9185,0,1525.2227,1525.2227,1525.0977,95,877,561,322,0,0,0.000900,0,0,0.015900,0.092300,0.000600,0.012400,0.067300,0.039200,0.000700,0.001500,0.000200,0.001500,0.005800,0.001000,0.004200,0.024100,0.1518,0.052700,0.083500,0.1553,0.047200,0.1515,0.019600,0.1187,0.000200,0.001700,0.063700,0.008800,0.001100,0.000500,0.025200,0.005900,0.011700,0.001000,0.1403,0.015800,0.042500,0.2022,0.067300,0.001100,0.043500,0.002600,0.031500,0.021500,0.016800,8.2951,0.071400,0.007400,0.000200,0,9.9651,0,0,0,0,0,0,0,50,0,0,0,0,1,1,9,9,2,1,1,4,1,1,1,1,1,1,7,7,1,1,50,9,6,42,76,794,950,0,0,0,0,0,-100,-100,-100,-100,600,1440,107.7673,0,0,-0.000000,-1,0,0,0,1,0,13.7344,5,50,75.1289,13.7344,0,0,48.9844,0,100,0,0,0,0,0,0,0,0,0,0.4518,0.4518,1,0.4518,0.4518,9.9173,8.9635,20141,90,568,135,12264.6172,3604.0703,7254.2305,0,15868.8359,10.3760,2.0647,7.3049,10.3760,2.0647,2.7884,33.3333,6.2664,24.2150,0.000200,0.021400,0.000500,0.000600,0.001700,0.008800,0.000600,0.072500,0,0.017400,0.026700,0.037400,1.1414,0.3054,0.022500,0.005100,0.065400,0,0.045900,0.016100,0.1976,0.007200,0.038500,0.1829,0.016700,0.1067,0.4278,0.7015,0.3825,0.057300,2.1004,0.094200,0.031800,0.039800,0.6997,0.094700,0.002000,0.002400,0.061300,0.1945,0.049200,0.000500,0.6233,938,388096,0,2246,1264,0,2.5645,0,0,0,0.008900,0,0,0,0,0,0,0,0,0,0,0,0,0,0,0,0,0,0,0
,0.014100,0.009600,2,57,0,55,0,0,13,233,14,0,454,3,0,0,12,2,0,0,0,0,0.021700,0.003800,0.3305,0.006000,0.009300,0.001000,0.8412,0.2044,0.050500,0.1261,0.001100,0.027100,0,2,768,256,11229,3565.7148,15494.9102,239.1602,0.001200,3,0.000100,0.008000,0.002100,0.013300,0.1692,0,0,0.054200,0.2534,2.6262,0.062200,0.000200,0.001600,0.000300,0.000200,0.006300,0.006500,0.049500,0.005300,0.031300,0.1336,0.010100,0.006200,1.2982,0.028200,0.009500,0.033600,0.011600,0.019100,0.084500,0.011200,0.080100,0.002000,0.082700,0.008700,0.070500,0.5899,0.004700,2.3327,0.000200,0.1815,0.000800,0.000400,0.029600,0.3026,0.6737,0.023800,1.0199,0.1378,0.002000,0.009500,0.000400,0.034100,0.1381,9.4799,8.7628,13.0955,634,16,0.2500,0,16,3.8438,1,0,0,629,1,0,115,102,13,0,-1,-1,0,-1,-1,13.9904,4.9185,0,1525.2227,1525.2227,1525.0977,95,875,561,322,0,0,0.000900,0,0,0.015100,0.085500,0.000800,0.011800,0.067400,0.037800,0.001000,0.001700,0.000200,0.001500,0.006400,0.000800,0.003900,0.021800,0.1426,0.057000,0.079700,0.1494,0.055900,0.2265,0.017900,0.032100,0.000200,0.001600,0.062300,0.008600,0.001100,0.000600,0.025100,0.005900,0.012000,0.001200,0.1370,0.014300,0.052700,0.2070,0.071500,0.001200,0.054400,0.002400,0.032300,0.023500,0.016600,8.8472,0.056700,0.006100,0.000100,0,10.4723,0,0,0,0,0,0,0,50,0,0,0,0,1,1,9,9,2,1,1,4,1,1,1,1,1,1,7,7,1,1,50,9,6,42,76,794,950,0,0,0,0,0,-100,-100,-100,-100,600,1440,107.7673,0,0,-0.000000,-1,0,0,0,1,0,13.7344,5,50,75.1289,13.7344,0,0,48.9844,0,100,0,0,0,0,0,0,0,0,0,0.4341,0.4341,1,0.4341,0.4341,20.9364,8.9635,20141,90,568,135,12264.6094,3604.0703,7254.2305,0,15868.6875,11.0828,2.1340,7.9669,11.0828,2.1340,2.9725,33.3333,6.1094,24.2580,0.000600,0.020900,0.000600,0.000600,0.001600,0.008600,0.000600,0.072400,0.001000,0.020500,0.028300,0.041000,0.3488,0.1881,0.019500,0.006100,0.068900,0,0.050100,0.013700,0.1997,0.005100,0.032100,0.1340,0.015000,0.092500,0.8697,0.7724,0.3107,0.057300,2.4678,0.095200,0.031700,0.040000,0.6986,0.4909,0.001800,0.003100,0.063000,0.1986,0.050200,0.000600,0.6291,1017,404780,0,0,0,0,0,0,0,0,0.007800,0,0,0,0,0,0,0,0,0,0,0,0,0,0,0,0,0,0,0
,0.022100,0.009500,2,76,0,74,0,0,14,233,42,0,454,3,0,0,13,2,0,0,0,0,0.022300,0,0.3362,0.005800,0.009200,0.001200,0.8611,0.1711,0.051300,0.1262,0.001300,0.032300,0.001200,1,768,256,11229,3565.7148,15494.9102,239.1602,0.002000,3,0,0.007400,0.001700,0.014500,0.1862,0,0,0.059600,0.2383,2.9749,0.087300,0.000200,0.001300,0.000200,0.000200,0.007000,0.006800,0.052100,0.006800,0.036400,0.1728,0.017000,0.008000,1.4652,0.029600,0.008700,0.036700,0.012100,0.019500,0.090100,0.010200,0.075000,0.002000,0.079000,0.007700,0.069300,0.5819,0.004400,2.3021,0.000300,0.1747,0.000500,0.000400,0.029100,0.3779,0.6017,0.024400,0.8929,0.1640,0.002000,0.009700,0.000500,0.034100,0.1815,8.6963,8.7628,13.0955,634,16,0.2500,0,16,3.8438,1,0,0,629,1,0,115,102,13,0,-1,-1,0,-1,-1,13.9904,4.9185,0,1525.2227,1525.2227,1525.0977,95,876,561,322,0,0,0.000900,0,0,0.014400,0.083900,0.000500,0.011200,0.074800,0.043300,0.000800,0.001500,0.000300,0.001500,0.005700,0.000900,0.004100,0.022500,0.1806,0.066600,0.086500,0.1743,0.042600,0.1595,0.026700,0.1322,0.000200,0.001600,0.078300,0.008500,0.001400,0.000500,0.033500,0.006300,0.012500,0.001000,0.1602,0.014700,0.043300,0.2139,0.069200,0.001100,0.054900,0.002800,0.031900,0.023800,0.018600,8.2185,0.056900,0.006500,0.000100,0,11.0409,0,0,0,0,0,0,0,50,0,0,0,0,1,1,9,9,2,1,1,4,1,1,1,1,1,1,7,7,1,1,50,9,6,42,76,794,950,0,0,0,0,0,-100,-100,-100,-100,600,1440,107.7673,0,0,-0.000000,-1,0,0,0,1,0,13.7344,5,50,75.1289,13.7344,0,0,48.9844,0,100,0,0,0,0,0,0,0,0,0,0.4810,0.4810,1,0.4810,0.4810,31.4976,8.9635,20141,90,568,135,12264.5898,3604.0703,7254.2305,0,15868.6797,10.4195,2.3340,7.8854,10.4195,2.3353,2.9220,33.3333,6.2525,23.8649,0.000200,0.018800,0.000600,0.000600,0.001600,0.013300,0.000600,0.074300,0,0.017300,0.036600,0.039900,0.3518,0.1867,0.019500,0.007200,0.064600,0.001000,0.045900,0.013500,0.4019,0.006100,0.033300,0.1343,0.015800,0.089600,0.4251,0.7909,0.3002,0.057400,2.3010,0.094200,0.032700,0.039100,0.6886,0.094700,0.004000,0.002300,0.061400,0.1946,0.050200,0.000500,0.6261,994,399184,0,0,0,0,0,0,0,0.001500,0.007300,0,0,0,0,0,0,0,0,0,0,0,0,0,0,0,0,0,0,0
,0.012600,0.006100,2,73,0,71,0,0,13,233,43,0,454,3,0,0,12,2,0,0,0,0,0.010100,0.024300,0.3289,0.004800,0.009200,0.000800,0.8528,0.2788,0.051300,0.1280,0.001300,0.028300,0,0,768,256,11229,3565.7148,15494.9102,239.1602,0.001500,7,0.000400,0.007700,0.001700,0.014300,0.1987,0,0,0.054200,0.2985,2.5357,0.070200,0.000200,0.001300,0.000200,0.000200,0.007000,0.005800,0.043900,0.005400,0.032000,0.1592,0.010400,0.006200,1.3304,0.029900,0.009200,0.043300,0.012300,0.018600,0.084000,0.015600,0.085400,0.001900,0.077000,0.008500,0.072100,0.5979,0.004600,2.3391,0.000500,0.1849,0.000800,0.000300,0.030100,0.3029,0.7734,0.024100,1.0275,0.1466,0.001900,0.010100,0.000500,0.035400,0.030600,9.1025,8.7628,13.0955,634,16,0.2500,0,16,3.8438,1,0,0,629,1,0,115,102,13,0,-1,-1,0,-1,-1,13.9904,4.9185,0,1525.2227,1525.2227,1525.0977,95,873,561,321,0,0,0.000800,0,0,0.015300,0.083800,0.000800,0.012000,0.075000,0.045800,0.000800,0.001700,0.000300,0.001800,0.007000,0.001300,0.004300,0.025800,0.2037,0.062200,0.092500,0.1739,0.050100,0.3014,0.021900,0.047100,0.000200,0.001700,0.069200,0.009700,0.001400,0.000600,0.027100,0.007000,0.012700,0.000900,0.1446,0.014200,0.041000,0.2060,0.070000,0.001300,0.042300,0.002400,0.032700,0.022100,0.018600,8.5161,0.060500,0.006400,0.000200,0,10.5040,0,0,0,0,0,0,0,50,0,0,0,0,1,1,9,9,2,1,1,4,1,1,1,1,1,1,7,7,1,1,50,9,6,42,76,794,950,0,0,0,0,0,-100,-100,-100,-100,600,1440,107.7673,0,0,-0.000000,-1,0,0,0,1,0,13.7344,5,50,75.1289,13.7344,0,0,48.9844,0,100,0,0,0,0,0,0,0,0,0,0.5366,0.5366,1,0.5366,0.5366,42.3416,8.9635,20141,90,568,135,12264.5625,3604.0703,7254.2305,0,15868.6602,10.9193,2.3661,7.6126,10.9193,2.3661,3.0550,33.3333,6.2214,23.4702,0.000300,0.021800,0.000500,0.000700,0.001800,0.006800,0.001600,0.073300,0,0.022500,0.032000,0.040800,0.3641,0.2232,0.019500,0.005100,0.063000,0,0.047000,0.012600,0.2131,0.005100,0.032100,0.1382,0.017800,0.096600,0.8792,0.7068,0.3218,0.057400,2.4655,0.096200,0.031800,0.039700,0.6946,0.087700,0.002200,0.002400,0.062200,0.1977,0.049100,0.000700,0.6261,940,388120,0,0,0,0,0,0,0,0,0.007900,0,0,0,0,0,0,0,0,0,0,0,0,0,0,0,0,0,0,0
,0.021800,0.005700,2,57,0,55,0,0,13,233,16,0,454,3,0,0,12,2,0,0,0,0,0,0.022900,0.3418,0.006500,0.007700,0.001100,0.8717,0.2060,0.054400,0.1329,0.001700,0.024700,0,72,768,256,11229,3565.7148,15494.9102,239.1602,0.002300,3,0.000400,0.017000,0.002100,0.015400,0.2087,0,0,0.057200,0.3605,2.5725,0.064200,0.000300,0.001300,0.000200,0.000200,0.006400,0.007300,0.047000,0.005200,0.033200,0.1425,0.011500,0.006200,0.6876,0.025300,0.008900,0.024600,0.011200,0.017800,0.1161,0.009800,0.068900,0.002500,0.1202,0.008000,0.071800,0.5992,0.005100,2.3412,0.000200,0.1895,0.000500,0.000400,0.029800,0.3223,0.6375,0.025400,0.9504,0.3781,0.001900,0.011600,0.000500,0.050700,0.3290,8.8553,8.7628,13.0955,634,16,0.2500,0,16,3.8438,1,0,0,629,1,0,115,102,13,0,-1,-1,0,-1,-1,13.9904,4.9185,0,1525.2227,1525.2227,1441.5039,95,875,561,321,0,0,0.000800,0,0,0.014300,0.087000,0.000600,0.011400,0.071800,0.055900,0.000700,0.001300,0.000500,0.001500,0.006000,0.000800,0.003900,0.023400,0.1749,0.062000,0.079500,0.1548,0.037200,0.2069,0.041400,0.095100,0.000200,0.005800,0.067000,0.009500,0.001800,0.000500,0.030100,0.007300,0.011700,0.001100,0.1464,0.014400,0.041200,0.2315,0.067700,0.001400,0.043900,0.002900,0.037400,0.023900,0.019100,8.1711,0.057000,0.006700,0.000100,0,10.8428,0,0,0,0,0,0,0,50,0,0,0,0,1,1,9,9,2,1,1,4,1,1,1,1,1,1,7,7,1,1,50,9,6,42,76,794,950,0,0,0,0,0,-100,-100,-100,-100,600,1440,107.7673,0,0,-0.000000,-1,0,0,0,1,0,13.7344,5,50,75.1289,13.7344,0,0,48.9844,0,100,0,0,0,0,0,0,0,0,0,0.5153,0.5153,1,0.5153,0.5153,52.7766,8.9635,20141,90,568,135,12264.5508,3604.0703,7254.2305,0,15868.6328,10.4780,2.2294,7.8267,10.4780,2.2294,2.9299,33.3333,6.5138,23.6481,0.000200,0.021800,0.000700,0.000600,0.001800,0.008800,0.000800,0.073000,0,0.016400,0.020300,0.036800,0.3436,0.1902,0.023500,0.006200,0.061800,0,0.044300,0.016000,0.1917,0.005200,0.032500,0.1342,0.015100,0.1490,0.4387,0.6957,0.4222,0.7886,2.2487,0.093200,0.042000,0.2971,0.7372,0.4929,0.001900,0.002700,0.5015,0.2017,0.050200,0.000600,0.6015,997,400664,0,0,0,0,0,0.3522,0,0,0.008100,0,0,0,0,0,0,0,0,0,0,0,0,0,0,0,0,0,0,0
,0.014900,0.063500,0,0,0,0,0,0,0,0,0,0,0,0,0,0,0,0,0,0,0,0,0.020000,0.023600,0.3406,0.006200,0.007800,0.001200,0.8688,0.2083,0.051000,0.1265,0.001100,0.028200,0,1,768,256,11229,3565.7148,15494.9102,239.1602,0.001300,8,0.000300,0.009100,0.002000,0.019700,0.1843,0,0,0.057400,0.1944,2.6793,0.085200,0.000200,0.001400,0.000300,0.000300,0.006800,0.007200,0.044700,0.005800,0.030800,0.1081,0.011000,0.005700,1.4365,0.027900,0.008900,0.029100,0.011800,0.018500,0.1122,0.007900,0.067000,0.001900,0.1182,0.009100,0.074600,0.6869,0.005100,2.3660,0.000300,0.1856,0.000600,0.000500,0.028700,0.3130,0.6662,0.022700,1.0046,0.1067,0.001700,0.009900,0.000600,0.031100,0,8.7840,8.7628,13.0955,634,16,0.2500,0,16,3.8438,1,0,0,629,1,0,115,102,13,0,-1,-1,0,-1,-1,13.9904,4.9185,0,1525.2227,1525.2227,1525.0977,95,879,561,321,0,0,0.001100,0,0,0.016700,0.081900,0.000800,0.012900,0.069900,0.039700,0.000700,0.001600,0.000300,0.001600,0.006200,0.001200,0.004000,0.022000,0.1475,0.056100,0.074700,0.1610,0.050900,0.1952,0.018700,0.3501,0.000300,0.001800,0.061800,0.008100,0.001900,0.000600,0.026500,0.006300,0.012500,0.001100,0.1365,0.014800,0.040900,0.1805,0.068300,0.001100,0.022300,0.003100,0.016100,0.021400,0.017000,8.5914,0.060500,0.006700,0.000100,0,10.4870,0,0,0,0,0,0,0,50,0,0,0,0,1,1,9,9,2,1,1,4,1,1,1,1,1,1,7,7,1,1,50,9,6,42,76,794,950,0,0,0,0,0,-100,-100,-100,-100,600,1440,107.7673,0,0,-0.000000,-1,0,0,0,1,0,13.7344,5,50,75.1289,13.7344,0,0,48.9844,0,100,0,0,0,0,0,0,0,0,0,0.7086,0.7086,1,0.7086,0.7086,63.7667,8.9635,20141,90,568,135,12264.5391,3604.0703,7254.2305,0,15868.6211,10.6683,2.4861,7.8267,10.6683,2.4861,3.0109,33.3333,6.6000,23.5538,0.000300,0.021800,0.000600,0.000700,0.002400,0.007900,0.000700,0.073200,0,0.019300,0.043600,0.044900,0.3526,0.1849,0.019500,0.006100,0.079800,0,0.049100,0.027400,0.1906,0.005100,0.033300,0.1345,0.015800,0.088600,0.4253,0.7575,0.3284,0.056400,2.5017,0.096300,0.030700,0.044100,0.6845,0.065300,0.001900,0.002600,0.062500,0.1957,0.049200,0.000700,0.6312,959,394654,0,0,0,0,0,0,0,0,0.008600,0,0,0,0,0,0,0,0,0,0,0,0,0,0,0,0,0,0,0
,0.019300,0.074200,4,139,0,135,0,0,27,466,68,0,908,6,0,0,25,4,0,0,0,0,0.007900,0,0.3363,0.006100,0.008000,0.001400,0.8574,0.1849,0.049500,0.1255,0.001300,0.025300,0,1,768,256,11229,3565.7148,15494.9102,239.1602,0.001200,1,0.000200,0.007400,0.001600,0.018100,0.1818,0,0,0.056500,0.2729,2.7133,0.063400,0.000400,0.001500,0.000200,0.000200,0.006000,0.005900,0.045300,0.005200,0.032900,0.1272,0.011200,0.006800,1.2164,0.028500,0.008400,0.030600,0.012600,0.019900,0.1043,0.012600,0.079200,0.002200,0.1194,0.009800,0.076000,0.6281,0.005200,2.4876,0.000400,0.2024,0.000500,0.000400,0.032500,0.3107,0.6139,0.024900,0.9474,0.1472,0.002100,0.011100,0.000500,0.033900,0.4285,8.4660,8.7628,13.0955,634,16,0.2500,0,16,3.8438,1,0,0,629,1,0,115,102,13,0,-1,-1,0,-1,-1,13.9904,4.9185,0,1525.2227,1525.2227,1525.0977,95,875,561,321,0,0,0.002400,0,0,0.014800,0.081300,0.000400,0.011500,0.071300,0.039400,0.000900,0.001300,0.000100,0.001400,0.005700,0.000800,0.003900,0.022100,0.1215,0.058800,0.083500,0.1752,0.048200,0.5548,0.014100,0,0.000400,0.001900,0.064800,0.008400,0.001500,0.000500,0.025900,0.006100,0.013000,0.001200,0.1520,0.014100,0.042000,0.2429,0.067900,0.001300,0.037800,0.001900,0.034600,0.023500,0.022600,7.9485,0.056800,0.010100,0.000100,0,10.9077,0,0,0,0,0,0,0,50,0,0,0,0,1,1,9,9,2,1,1,4,1,1,1,1,1,1,7,7,1,1,50,9,6,42,76,794,950,0,0,0,0,0,-100,-100,-100,-100,600,1440,107.7673,0,0,-0.000000,-1,0,0,0,1,0,13.7344,5,50,75.1289,13.7344,0,0,48.9844,0,100,0,0,0,0,0,0,0,0,0,0.4672,0.4672,1,0.4672,0.4672,10.0250,8.9635,20141,90,568,135,12261.5586,3604.0703,7254.2305,0,15868.6094,10.5741,2.3130,7.4875,10.5741,2.3130,3.0095,33.3333,6.1810,23.7530,0.000200,0.021400,0.000600,0.000600,0.001700,0.008300,0.000800,0.072500,0,0.019500,0.020800,0.031300,0.3441,0.1757,0.019400,0.006200,0.064200,0,0.043200,0.022600,0.1739,0.005100,0.032000,0.1355,0.015100,0.089800,0.4158,1.3365,0.3598,0.059400,2.9227,0.095300,0.030700,0.039500,0.6884,0.063900,0.001800,0.002700,0.062700,0.1978,0.049100,0.000700,0.6004,1002,402122,0.050300,2367,1268,0,2.5137,0,0,0,0.007900,0,0,0,0,0,0,0,0,0,0,0,0,0,0,0,0,0,0,0
,0.015900,0.017600,2,73,0,71,0,0,14,233,26,0,454,3,0,0,13,2,0,0,0,0,0.008400,0.016400,0.3355,0.005700,0.008300,0.001000,0.8461,0.2105,0.054600,0.1391,0.001100,0.027700,0,0,768,256,11229,3565.7148,15494.9102,239.1602,0.001200,5,0.000200,0.009000,0.001700,0.019300,0.1951,0,0,0.055500,0.2455,2.5782,0.064800,0.000300,0.001600,0.000200,0.000300,0.006400,0.006000,0.045600,0.005600,0.033600,0.1866,0.010500,0.006900,1.3572,0.026000,0.008900,0.026800,0.012800,0.018800,0.074200,0.010200,0.073600,0.001900,0.098900,0.007900,0.066500,0.6846,0.006300,2.4012,0.000400,0.1978,0.000500,0.000300,0.029700,0.3129,0.7222,0.024600,0.9338,0.1010,0.001800,0.010800,0.000500,0.035100,0.3297,9.1895,8.7628,13.0955,634,16,0.2500,0,16,3.8438,1,0,0,629,1,0,115,102,13,0,-1,-1,0,-1,-1,13.9904,4.9185,0,1525.2227,1525.2227,1525.0977,95,876,561,321,0,0,0.001200,0,0,0.014500,0.076600,0.000600,0.010800,0.067300,0.052300,0.000700,0.001500,0.000300,0.001300,0.006100,0.001000,0.003900,0.022700,0.1407,0.055800,0.077700,0.1557,0.043900,0.1929,0.017400,0.1433,0.000300,0.001500,0.060800,0.008300,0.001200,0.000600,0.027000,0.006100,0.011700,0.001000,0.1346,0.014800,0.040600,0.1994,0.067100,0.001000,0.045700,0.002400,0.031500,0.022100,0.016600,8.6082,0.096900,0.006000,0.000300,0,10.4000,0,0,0,0,0,0,0,50,0,0,0,0,1,1,9,9,2,1,1,4,1,1,1,1,1,1,7,7,1,1,50,9,6,42,76,794,950,0,0,0,0,0,-100,-100,-100,-100,600,1440,107.7673,0,0,-0.000000,-1,0,0,0,1,0,13.7344,5,50,75.1289,13.7344,0,0,48.9844,0,100,0,0,0,0,0,0,0,0,0,0.4993,0.4993,1,0.4993,0.4993,20.8431,8.9635,20141,90,568,135,12261.5586,3604.0703,7254.2305,0,15865.6289,10.8924,2.2218,8.4550,10.8924,2.2218,2.7742,33.3333,5.9553,23.9926,0.000300,0.021300,0.000500,0.000700,0.001600,0.008500,0.000700,0.073600,0,0.020500,0.027300,0.039800,0.3556,0.1984,0.018500,0.005100,0.061900,0,0.047600,0.021900,0.1926,0.006100,0.032000,0.1373,0.015500,0.086500,0.4249,0.6716,0.3679,0.059400,2.4752,0.095300,0.035800,0.038100,0.6907,0.098500,0.002200,0.003100,0.061800,0.1987,0.049100,0.000500,0.5887,934,387558,0,0,0,0,0,0,0,0,0.009000,0,300000,0,0,0,0,0.8000,50000,1,0,0,0,0,0,0,0,0,0,0
,0.015400,0.008400,2,57,0,55,0,0,13,233,13,0,454,3,0,0,12,2,0,0,0,0,0.010500,0,0.3179,0.005000,0.008700,0.000800,0.8687,0.1851,0.054400,0.1301,0.001000,0.026400,0.001300,1,768,256,11229,3565.7148,15494.9102,239.1602,0.002000,1,0.000300,0.009300,0.002000,0.017700,0.1820,0,0,0.057400,0.2551,2.5168,0.060400,0.000300,0.001200,0.000400,0.000200,0.006600,0.006900,0.044100,0.004900,0.031100,0.1274,0.011300,0.005500,1.4175,0.026700,0.008900,0.031700,0.011400,0.017400,0.087200,0.008500,0.070700,0.001900,0.094300,0.008700,0.069100,0.5738,0.004100,2.3289,0.000200,0.1759,0.000600,0.000500,0.025500,0.3626,1.3113,0.024600,1.0158,0.1491,0.002000,0.008400,0.000500,0.034100,0.1178,9.1734,8.7628,13.0955,634,16,0.2500,0,16,3.8438,1,0,0,629,1,0,115,102,13,0,-1,-1,0,-1,-1,13.9904,4.9185,0,1525.2227,1525.2227,1525.0977,95,879,561,321,0,0,0.000800,0,0,0.015800,0.080600,0.000700,0.016100,0.069500,0.038600,0.000800,0.001600,0.000300,0.001500,0.006500,0.001000,0.004000,0.022000,0.1517,0.052400,0.075900,0.1536,0.036300,0.1784,0.023600,0.1826,0.000200,0.001600,0.059200,0.008000,0.001400,0.000600,0.024500,0.006000,0.011200,0.001100,0.1327,0.014100,0.039700,0.1922,0.069100,0.001500,0.041400,0.002800,0.018300,0.023600,0.015900,8.5924,0.060900,0.006800,0.000100,0,10.8029,0,0,0,0,0,0,0,50,0,0,0,0,1,1,9,9,2,1,1,4,1,1,1,1,1,1,7,7,1,1,50,9,6,42,76,794,950,0,0,0,0,0,-100,-100,-100,-100,600,1440,107.7673,0,0,-0.000000,-1,0,0,0,1,0,13.7344,5,50,75.1289,13.7344,0,0,48.9844,0,100,0,0,0,0,0,0,0,0,0,0.5352,0.5352,1,0.5352,0.5352,31.6194,8.9635,20141,90,568,135,12261.5547,3604.0703,7254.2305,0,15865.6289,10.7886,2.2123,7.3227,10.7886,2.2135,2.9424,33.3333,5.7446,24.3799,0.000200,0.020800,0.000500,0.000500,0.001700,0.007000,0.000600,0.071100,0,0.021500,0.028800,0.037200,0.3424,0.1912,0.019500,0.005100,0.066400,0,0.046600,0.009300,0.2036,0.005100,0.031700,0.1361,0.015900,0.091100,0.4278,0.7908,0.2952,0.057400,2.3042,0.095200,0.030700,0.040000,0.6895,0.1034,0.002500,0.004800,0.061000,0.1975,0.050100,0.000600,0.6168,934,388474,0,0,0,0,0,0,0,0.001400,0.007900,0,0,0,0,0,0,0,0,0,0,0,0,0,0,0,0,0,0,0
,0.013300,0.016100,2,56,0,54,0,0,13,233,10,0,454,3,0,0,12,2,0,0,0,0,0.007300,0.006800,0.3023,0.6998,0.006600,0.000700,0.8279,0.1775,0.044700,0.1100,0.001000,0.033000,0.011100,0,768,256,11229,3565.7148,15494.9102,239.1602,0.001000,3,0.000400,0.008200,0.001800,0.015000,0.1774,0,0,0.054400,0.2491,2.7103,0.072500,0.000200,0.001200,0.000300,0.000300,0.005400,0.005800,0.040800,0.005700,0.030500,0.1265,0.010100,0.005400,1.3977,0.025000,0.007900,0.030300,0.010700,0.017400,0.097300,0.011100,0.075000,0.002100,0.1062,0.009400,0.073900,0.6266,0.005100,2.3849,0.000600,0.1897,0.000600,0.000300,0.028700,0.3203,0.6109,0.024500,0.9239,0.2883,0.001800,0.012100,0.000800,0.033200,0.3661,9.5489,8.7628,13.0955,634,16,0.2500,0,16,3.8438,1,0,0,629,1,0,115,102,13,0,-1,-1,0,-1,-1,13.9904,4.9185,0,1525.2227,1525.2227,1525.0977,95,878,561,321,0,0,0.000900,0,0,0.015300,0.079500,0.000500,0.012300,0.068900,0.041000,0.001000,0.001600,0.000200,0.001900,0.006400,0.001100,0.004000,0.022400,0.1563,0.058600,0.082800,0.1607,0.039300,0.1648,0.032000,0.062300,0.000200,0.001300,0.063400,0.008700,0.001400,0.000700,0.027600,0.006300,0.012800,0.001100,0.1406,0.016700,0.040700,0.2064,0.067700,0.001000,0.039200,0.002600,0.033600,0.023600,0.017100,9.2253,0.052100,0.006200,0.000100,0.004200,10.8087,0,0,0,0,0,0,0,50,0,0,0,0,1,1,9,9,2,1,1,4,1,1,1,1,1,1,7,7,1,1,50,9,6,42,76,794,950,0,0,0,0,0,-100,-100,-100,-100,600,1440,107.7673,0,0,-0.000000,-1,0,0,0,1,0,13.7344,5,50,75.1289,13.7344,0,0,48.9844,0,100,0,0,0,0,0,0,0,0,0,0.4098,0.4098,1,0.4098,0.4098,42.9595,8.9635,20141,90,568,135,12261.5547,3604.0703,7254.2305,0,15865.6250,11.0663,2.1234,7.3709,11.0663,2.1244,2.8726,33.3333,5.1505,25.4056,0.000200,0.022400,0.000500,0.000600,0.001800,0.007000,0.000700,0.072600,0,0.019400,0.026700,0.041600,0.3585,0.1819,0.020400,0.005200,0.067000,0,0.044300,0.008800,0.1893,0.005100,0.032600,0.1345,0.016200,0.091300,0.4246,0.6914,0.3066,0.057400,3.2459,0.094200,0.030800,0.038800,0.6895,0.093600,0.002000,0.002400,0.062700,0.1965,0.049200,0.000600,0.5948,1002,402122,0,0,0,0,0,0,0.008500,0.001100,0.008200,0,0,0,0,0,0,0,0,0,0,0,0,0,0,0,0,0,0,0
,0.089300,0.006100,2,73,0,71,0,0,14,233,26,0,454,3,0,0,13,2,0,0,0,0,0,0.007900,0.3541,0.004800,0.009000,0.001100,1.4915,0.1671,0.053800,0.1285,0,0.020100,0,0,768,256,11229,3565.7148,15494.9102,239.1602,0,4,0.000400,0.012000,0.002000,0.017400,0.1775,0,0,0.058700,0.2638,2.6246,0.061800,0.000300,0.001300,0.000200,0.000300,0.007200,0.006500,0.040300,0.004900,0.031300,0.2368,0.010100,0.005400,0.2603,0.026000,0.008800,0.027400,0.011200,0.017500,0.081300,0.008100,0.067300,0.001900,0.075500,0.007500,0.066700,0.5933,0.005000,2.3597,0.000300,0.1999,0.000600,0.000500,0.032100,0.3602,0.6987,0.026100,0.9928,0.1462,0.002200,0.010200,0.000500,0.039800,0.4057,9.0932,8.7628,13.0955,634,16,0.2500,0,16,3.8438,1,0,0,629,1,0,115,102,13,0,-1,-1,0,-1,-1,13.9904,4.9185,0,1525.2227,1525.2227,1525.0977,95,887,561,321,0,0,0.000900,0,0,0.013200,0.078300,0.000600,0.011900,0.068700,0.038500,0.000700,0.001500,0.000200,0.001300,0.006100,0.001000,0.003600,0.021700,0.1717,0.054300,0.085400,0.1534,0.036400,0.1500,0.026000,0.1064,0.000300,0.001500,0.065600,0.009300,0.001300,0.000400,0.025600,0.006400,0.012800,0.001100,0.1405,0.014400,0.042100,0.2025,0.067900,0.001000,0.041600,0.002500,0.032100,0.023200,0.016700,8.6620,0.054300,0.005900,0.000100,0,11.3494,0,0,0,0,0,0,0,50,0,0,0,0,1,1,9,9,2,1,1,4,1,1,1,1,1,1,7,7,1,1,50,9,6,42,76,794,950,0,0,0,0,0,-100,-100,-100,-100,600,1440,107.7673,0,0,-0.000000,-1,0,0,0,1,0,13.7344,5,50,75.1289,13.7344,0,0,48.9844,0,100,0,0,0,0,0,0,0,0,0,0.4516,0.4516,1,0.4516,0.4516,53.7706,8.9635,20141,90,568,135,12261.4883,3604.0703,7254.2305,0,15865.6250,10.9899,2.1424,8.0141,10.9899,2.1424,2.8203,33.3333,5.3917,24.8273,0.000200,0.022000,0.000600,0.000600,0.001800,0.010000,0.000600,0.075000,0,0.018400,0.021700,0.041000,0.3457,0.2975,0.022500,0.006200,0.071100,0,0.043600,0.007700,0.1946,0.005100,0.032900,0.1389,0.015300,0.085700,0.4252,0.6862,0.3953,0.057300,2.0641,0.093200,0.031700,0.038000,0.6928,0.086200,0.002200,0.002600,0.062100,0.1997,0.050200,0.000700,0.6063,992,403218,0,0,0,0,0,0,0,0,0.008400,0,0,0,0,0,0,0,0,0,0,0,0,0,0,0,0,0,0,0
,0.016800,0.013500,2,64,0,62,0,0,13,233,42,0,454,3,0,0,12,2,0,0,0,0,0.008400,0,0.3403,0.005100,0.010100,0.001300,0.9121,0.1971,0.060100,0.1331,0.002600,0.026800,0.001000,1,768,256,11229,3565.7148,15494.9102,239.1602,0.009100,4,0.000100,0.016300,0.002400,0.021500,0.6440,0,0,0.058900,0.2906,2.7863,0.074600,0.000300,0.001200,0.000300,0.000300,0.008500,0.008600,0.052000,0.006000,0.032300,0.1528,0.012100,0.006700,1.5275,0.028500,0.008800,0.038400,0.011800,0.019300,0.075600,0.008500,0.073300,0.002200,0.079800,0.008800,0.072900,0.6103,0.004900,2.3442,0.000400,0.1915,0.000700,0.000400,0.029100,0.3168,0.6899,0.024600,0.9388,0.4960,0.001800,0.010700,0.000400,0.034600,0.2697,8.2576,8.7628,13.0955,634,16,0.2500,0,16,3.8438,1,0,0,629,1,0,115,102,13,0,-1,-1,0,-1,-1,13.9904,4.9185,0,1525.2227,1525.2227,1525.0977,95,882,561,322,0,0,0.000700,0,0,0.016100,0.080800,0.000900,0.012300,0.069800,0.041100,0.001000,0.001500,0.000200,0.001700,0.006500,0.001200,0.004000,0.020400,0.1533,0.054800,0.076200,0.1503,0.037300,0.1895,0.033600,0.058300,0.000200,0.001600,0.067500,0.008200,0.001600,0.000700,0.026000,0.006800,0.011900,0.001400,0.1403,0.016000,0.043000,0.1950,0.067500,0.001300,0.043400,0.003000,0.017900,0.022900,0.016800,7.6285,0.061000,0.006300,0.000100,0,10.7717,0,0,0,0,0,0,0,50,0,0,0,0,1,1,9,9,2,1,1,4,1,1,1,1,1,1,7,7,1,1,50,9,6,42,76,794,950,0,0,0,0,0,-100,-100,-100,-100,600,1440,107.7673,0,0,-0.000000,-1,0,0,0,1,0,13.7344,5,50,75.1289,13.7344,0,0,48.9844,0,100,0,0,0,0,0,0,0,0,0,0.4360,0.4360,1,0.4360,0.4360,63.4970,8.9635,20141,90,568,135,12261.3633,3604.0703,7254.2305,0,15865.5586,9.8197,2.0870,7.3174,9.8197,2.0888,2.8961,33.3333,5.7273,22.8931,0.000200,0.021800,0.000600,0.000600,0.001700,0.012500,0.000600,0.075300,0.001000,0.023500,0.026000,0.034400,0.3527,0.2123,0.021500,0.005100,0.066600,0,0.043500,0.018800,0.2024,0.006200,0.032400,0.1396,0.017400,0.092000,0.4350,0.6891,0.3298,0.056300,2.4728,0.095200,0.030800,0.042400,0.6894,0.084200,0.001900,0.002500,0.063000,0.1966,0.050200,0.000700,0.6685,965,407742,0,2158,1272,0,1.6673,0,0.002600,0.001800,0.008500,0,0,0,0,0,0,0,0,0,0,0,0,0,0,0,0,0,0,0
,0.017400,0.008000,2,57,0,55,0,0,13,233,14,0,454,3,0,0,12,2,0,0,0,0,0.026300,0.011700,0.3311,0.004800,0.008600,0.000900,0.8750,0.1828,0.053400,0.1240,0.001000,0.034300,0,1,768,256,11229,3565.7148,15494.9102,239.1602,0.002000,7,0.000100,0.008800,0.002300,0.013900,0.1832,0,0,0.062200,0.2430,2.7316,0.060000,0.000300,0.001200,0.000300,0.000200,0.007600,0.007500,0.040600,0.005000,0.031700,0.1256,0.011900,0.006400,0.4172,0.024800,0.008500,0.029700,0.011700,0.019300,0.1117,0.010700,0.080700,0.002200,0.086600,0.009700,0.076900,0.6796,0.006400,2.4415,0.000300,0.2076,0.000600,0.000300,0.029800,0.3113,0.7559,0.024700,0.9515,0.1198,0.002400,0.009700,0.000500,0.037900,0.077900,9.7010,8.7628,13.0955,634,16,0.2500,0,16,3.8438,1,0,0,629,1,0,115,102,13,0,-1,-1,0,-1,-1,13.9904,4.9185,0,1525.2227,1525.2227,1525.0977,95,880,561,322,0,0,0.000700,0,0,0.016100,0.083500,0.000900,0.012900,0.072400,0.042900,0.001100,0.001900,0.000200,0.001700,0.006800,0.001200,0.004600,0.025400,0.1536,0.061000,0.082800,0.1601,0.047400,0.1687,0.023400,0.1999,0.000300,0.001900,0.061500,0.008500,0.001200,0.000400,0.025800,0.006000,0.011500,0.001200,0.1376,0.013800,0.038900,0.1997,0.069700,0.001200,0.021300,0.003500,0.032600,0.022700,0.015500,9.5067,0.059600,0.005900,0.000200,0,9.7183,0,0,0,0,0,0,0,50,0,0,0,0,1,1,9,9,2,1,1,4,1,1,1,1,1,1,7,7,1,1,50,9,6,42,76,794,950,0,0,0,0,0,-100,-100,-100,-100,600,1440,107.7673,0,0,-0.000000,-1,0,0,0,1,0,13.7344,5,50,75.1289,13.7344,0,0,48.9844,0,100,0,0,0,0,0,0,0,0,0,0.5461,0.5461,1,0.5461,0.5461,13.2396,8.9635,20141,90,568,135,12261.3633,3604.0703,7254.2305,0,15865.4336,11.3946,2.2365,7.3540,11.3946,2.2373,2.8756,33.3333,5.5455,23.0309,0.000200,0.022400,0.000600,0.000700,0.001700,0.007700,0.000600,0.078500,0,0.018400,0.019500,0.024800,0.3620,0.1878,0.020500,0.006100,0.062200,0,0.047000,0.011500,0.1829,0.005100,0.032900,0.1370,0.015300,0.090900,0.4296,0.7473,0.2894,0.055300,3.2645,0.097300,0.031700,0.038300,0.6901,0.1009,0.002000,0.002400,0.063600,0.1966,0.050200,0.000700,0.6067,991,413450,0,0,0,0,0,0.3090,0,0.001000,0.008800,0,0,0,0,0,0,0,0,0,0,0,0,0,0,0,0,0,0,0
,0.021400,0.009100,2,60,0,58,0,0,13,233,29,0,454,3,0,0,12,2,0,0,0,0,0,0.003500,0.3366,0.006000,0.009900,0.000900,0.8815,0.2509,0.060500,0.1363,0.001300,0.021700,0,1,768,256,11229,3565.7148,15494.9102,239.1602,0.001400,0,0.000400,0.009700,0.002200,0.014200,0.1925,0,0,0.061500,0.3914,2.7724,0.068600,0.000200,0.001300,0.000200,0.000200,0.007700,0.009600,0.047600,0.005200,0.035000,0.1454,0.011100,0.007300,1.2043,0.028300,0.009100,0.031000,0.011400,0.019500,0.087600,0.012500,0.080000,0.002300,0.076800,0.008000,0.071900,0.6095,0.007200,2.3063,0.000300,0.1853,0.000600,0.000400,0.027400,0.3030,0.6822,0.025000,0.9757,0.3927,0.001800,0.013000,0.000400,0.038800,0.3424,7.7859,8.7628,13.0955,634,16,0.2500,0,16,3.8438,1,0,0,629,1,0,115,102,13,0,-1,-1,0,-1,-1,13.9904,4.9185,0,1525.2227,1525.2227,1441.5039,95,879,561,322,0,0,0.001000,0,0,0.015000,0.090800,0.000400,0.012400,0.068500,0.038700,0.001000,0.001400,0.000200,0.001500,0.006100,0.000900,0.003700,0.022400,0.1321,0.056100,0.076000,0.1633,0.052900,0.8362,0.014100,0,0.000400,0.006600,0.065600,0.009300,0.001000,0.000500,0.026100,0.006100,0.013300,0.001400,0.1408,0.013800,0.042400,0.2020,0.066800,0.001400,0.039200,0.002200,0.031600,0.021400,0.022700,7.1361,0.061000,0.006800,0.000200,0.002000,11.7058,0,0,0,0,0,0,0,50,0,0,0,0,1,1,9,9,2,1,1,4,1,1,1,1,1,1,7,7,1,1,50,9,6,42,76,794,950,0,0,0,0,0,-100,-100,-100,-100,600,1440,107.7673,0,0,-0.000000,-1,0,0,0,1,0,13.7344,5,50,75.1289,13.7344,0,0,48.9844,0,100,0,0,0,0,0,0,0,0,0,0.5126,0.5126,1,0.5126,0.5126,23.0413,8.9635,20141,90,568,135,12260.6758,3604.0703,7254.2305,0,15865.4336,10.1404,2.6287,8.2621,10.1404,2.6287,2.9374,33.3333,5.5458,22.3681,0.000200,0.023400,0.000500,0.000800,0.001600,0.007100,0.001600,0.072500,0,0.021500,0.030300,0.039500,0.3379,0.1952,0.018500,0.006100,0.063000,0,0.046200,0.011900,0.1891,0.005100,0.031200,0.1315,0.015200,0.089900,0.4257,0.7128,0.3647,0.056300,2.4771,0.094200,0.031700,0.039300,0.6906,0.096800,0.002100,0.002300,0.062300,0.1946,0.050100,0.000700,0.6374,993,402328,0.050300,0,0,0,0,0,0,0,0.008600,0,0,0,0,0,0,0,0,0,0,0,0,0,0,0,0,0,0,0
,0.023900,0.008000,2,64,0,62,0,0,13,233,30,0,454,3,0,0,12,2,0,0,0,0,0.009500,0.009500,0.3386,0.005300,0.008000,0.000900,0.8574,0.1941,0.058300,0.1289,0.001300,0.022500,0.001200,1,768,256,11229,3565.7148,15494.9102,239.1602,0,4,0.000300,0.2431,0.001900,0.013000,0.1924,0,0,0.064900,0.2157,2.5792,0.072600,0.000200,0.001100,0.000200,0.000300,0.007100,0.006700,0.044400,0.005600,0.033000,0.1482,0.012000,0.006200,1.6001,0.029700,0.008900,0.043100,0.012100,0.019200,0.069600,0.009600,0.073100,0.002000,0.077400,0.008300,0.069400,0.5698,0.004400,2.3220,0.000300,0.1733,0.000600,0.000300,0.027000,0.3075,0.5640,0.022700,0.8986,0.1098,0.001700,0.008100,0.000400,0.032100,0,9.5012,8.7628,13.0955,634,16,0.2500,0,16,3.8438,1,0,0,629,1,0,115,102,13,0,-1,-1,0,-1,-1,13.9904,4.9185,0,1525.2227,1525.2227,1525.0977,95,878,561,322,0,0,0.001000,0,0,0.016000,0.086300,0.000700,0.014500,0.073200,0.041600,0.001000,0.002000,0.000200,0.002000,0.007500,0.001300,0.004700,0.025400,0.1452,0.057900,0.081800,0.1507,0.050600,0.1777,0.020300,0.1133,0.000200,0.001400,0.061400,0.008300,0.001200,0.000500,0.026200,0.005900,0.012000,0.001200,0.1356,0.014000,0.039400,0.1893,0.065200,0.001000,0.046400,0.002400,0.016600,0.023200,0.016400,8.9355,0.061100,0.006400,0.000100,0,9.8111,0,0,0,0,0,0,0,50,0,0,0,0,1,1,9,9,2,1,1,4,1,1,1,1,1,1,7,7,1,1,50,9,6,42,76,794,950,0,0,0,0,0,-100,-100,-100,-100,600,1440,107.7673,0,0,-0.000000,-1,0,0,0,1,0,13.7344,5,50,75.1289,13.7344,0,0,48.9844,0,100,0,0,0,0,0,0,0,0,0,0.4679,0.4679,1,0.4679,0.4679,34.1045,8.9635,20141,90,568,135,12261.3906,3604.0703,7254.2305,0,15864.7461,11.0036,2.1452,7.3902,11.0036,2.1462,3.1217,33.3333,5.6408,22.6758,0.000500,0.022600,0.000600,0.000700,0.001600,0.009500,0.000700,0.074600,0,0.018400,0.020400,0.032500,0.3611,0.2955,0.020500,0.005100,0.069700,0,0.046700,0.011600,0.2040,0.007200,0.041900,0.1794,0.017200,0.1043,0.4301,0.6815,0.3962,0.057400,2.0737,0.094200,0.031800,0.038300,0.6909,0.088500,0.002000,0.002400,0.060300,0.1935,0.050100,0.000600,0.6243,949,417116,0,0,0,0,0,0,0.003600,0.001200,0.008100,0,0,0,0,0,0,0,0,0,0,0,0,0,0,0,0,0,0,0
,0.018300,0.009000,2,57,0,55,0,0,13,233,11,0,454,3,0,0,12,2,0,0,0,0,0.027700,0.003100,0.3303,0.005800,0.007400,0.001100,0.8439,0.2031,0.046800,0.1292,0.001100,0.022800,0,1,768,256,11229,3565.7148,15494.9102,239.1602,0.003500,4,0.000300,0.008700,0.002300,0.012400,0.1837,0,0,0.053000,0.3058,2.5116,0.068100,0.000300,0.001100,0.000200,0.000500,0.005500,0.005200,0.041000,0.004600,0.030900,0.2257,0.010500,0.005600,0.4796,0.024500,0.008600,0.027900,0.011500,0.017300,0.092800,0.009200,0.072200,0.002000,0.086400,0.008200,0.070500,0.5896,0.004500,2.2919,0.000200,0.1799,0.001300,0.000300,0.030000,0.2891,0.5802,0.023200,0.8869,1.0190,0.002100,0.010100,0.000600,0.033800,0.7886,8.8192,8.7628,13.0955,634,16,0.2500,0,16,3.8438,1,0,0,629,1,0,115,102,13,0,-1,-1,0,-1,-1,13.9904,4.9185,0,1525.2227,1525.2227,1441.5039,95,873,561,322,0,0,0.001100,0,0,0.015600,0.088900,0.000600,0.014300,0.073800,0.043300,0.000800,0.001300,0.000100,0.001500,0.005600,0.000900,0.004600,0.024900,0.1490,0.064500,0.085100,0.1638,0.041600,0.2001,0.017900,0.050400,0.000300,0.001900,0.063500,0.009200,0.001200,0.000700,0.027300,0.007300,0.013100,0.001200,0.1440,0.016200,0.041500,0.2067,0.067900,0.001100,0.041200,0.002900,0.032500,0.021800,0.021300,8.3283,0.056700,0.006400,0.000100,0,10.9173,0,0,0,0,0,0,0,50,0,0,0,0,1,1,9,9,2,1,1,4,1,1,1,1,1,1,7,7,1,1,50,9,6,42,76,794,950,0,0,0,0,0,-100,-100,-100,-100,600,1440,107.7673,0,0,-0.000000,-1,0,0,0,1,0,13.7344,5,50,75.1289,13.7344,0,0,48.9844,0,100,0,0,0,0,0,0,0,0,0,0.4272,0.4272,1,0.4272,0.4272,44.4184,8.9635,20141,90,568,135,12261.3906,3604.0703,7254.2305,0,15865.4609,10.2753,1.9615,7.1372,10.2753,1.9627,2.9705,33.3333,5.3925,25.0005,0.000700,0.021100,0.000600,0.000600,0.001700,0.007100,0.000700,0.073500,0,0.020500,0.019500,0.025700,0.3494,0.1941,0.019500,0.005100,0.062100,0,0.045700,0.010800,0.1871,0.005100,0.032300,0.1404,0.016100,0.089800,0.9079,0.6961,0.3601,0.056400,2.5130,0.096300,0.031700,0.039100,1.0353,0.1433,0.002200,0.002500,0.066200,0.1976,0.049200,0.000600,0.5918,970,408654,0,0,0,0,0,0.4516,0,0.001400,0.008400,0,0,0,0,0,0,0,0,0,0,0,0,0,0,0,0,0,0,0
,0.3962,0.008700,2,60,0,58,0,0,13,233,28,0,454,3,0,0,12,2,0,0,0,0,0.009400,0.011800,0.3652,0.005500,0.008700,0.000900,0.8337,0.1685,0.052600,0.1131,0.001400,0.059500,0,1,768,256,11229,3565.7148,15494.9102,239.1602,0.002900,6,0.000200,0.008300,0.001900,0.012300,1.1002,0,0,0.054300,0.2098,2.5586,0.074800,0.000200,0.001200,0.000200,0.000200,0.006500,0.006700,0.041600,0.005800,0.035600,0.1012,0.011700,0.006100,0.6153,0.024600,0.007600,0.039300,0.011300,0.018400,0.079800,0.008000,0.072100,0.002000,0.080100,0.008300,0.068300,0.5999,0.004600,2.3087,0.000300,0.1835,0.000700,0.000400,0.027600,0.3294,0.6319,0.025500,0.9126,0.1450,0.002200,0.010100,0.000300,0.033600,0,9.6232,8.7628,13.0955,634,16,0.2500,0,16,3.8438,1,0,0,629,1,0,115,102,13,0,-1,-1,0,-1,-1,13.9904,4.9185,0,1525.2227,1525.2227,1525.0977,95,875,561,322,0,0,0.001000,0,0,0.014700,0.079700,0.000600,0.012500,0.069400,0.034200,0.000800,0.001700,0.000200,0.001300,0.005800,0.000900,0.003700,0.021600,0.1232,0.052500,0.072700,0.1426,0.042900,0.1649,0.024600,0.2594,0.000300,0.001600,0.063600,0.008400,0.001400,0.000700,0.029200,0.006900,0.011600,0.001200,0.1375,0.016100,0.040500,0.1983,0.064900,0.001500,0.046700,0.002400,0.031600,0.020900,0.018300,9.0639,0.056900,0.006400,0.000100,0,10.4264,0,0,0,0,0,0,0,50,0,0,0,0,1,1,9,9,2,1,1,4,1,1,1,1,1,1,7,7,1,1,50,9,6,42,76,794,950,0,0,0,0,0,-100,-100,-100,-100,600,1440,107.7673,0,0,-0.000000,-1,0,0,0,1,0,13.7344,5,50,75.1289,13.7344,0,0,48.9844,0,100,0,0,0,0,0,0,0,0,0,0.5435,0.5435,1,0.5435,0.5435,55.6566,8.9635,20141,90,568,135,12261.3906,3604.0703,7254.2305,0,15865.4609,11.2745,2.1921,8.2417,11.2745,2.1921,2.7459,33.3333,5.5693,24.6522,0.000200,0.021200,0.000600,0.001000,0.001800,0.008100,0.000600,0.075700,0,0.018500,0.028200,0.039700,0.3556,0.1832,0.018400,0.006200,0.061500,0,0.045600,0.015000,0.2013,0.006100,0.031900,0.1441,0.014600,0.089600,0.4249,0.7123,0.3031,0.057400,2.1443,0.094200,0.031800,0.038000,0.6869,0.095000,0.002300,0.004700,0.060800,0.1936,0.049100,0.000500,0.6343,957,393944,0,0,0,0,0,0,0,0,0.008100,0,0,0,0,0,0,0,0,0,0,0,0,0,0,0,0,0,0,0
,0.027900,0.007900,2,64,0,62,0,0,13,233,29,0,454,3,0,0,12,2,0,0,0,0,0,0.004000,0.3309,0.005600,0.008600,0.000700,0.8811,0.1907,0.051900,0.1279,0,0.032800,0.001100,1,768,256,11229,3565.7148,15494.9102,239.1602,0,1,0.000300,0.011100,0.002100,0.015300,0.1820,0,0,0.056900,0.2366,2.6985,0.066300,0.000300,0.001500,0.000200,0.000200,0.006800,0.006600,0.046900,0.005200,0.032100,0.1343,0.012200,0.006100,1.4221,0.026400,0.008200,0.030300,0.011500,0.019000,0.087400,0.009300,0.066300,0.002100,0.079600,0.007900,0.067800,0.5712,0.004200,2.2906,0.000300,0.1726,0.000800,0.000300,0.025300,0.2985,0.6220,0.022800,0.8924,0.098900,0.001800,0.009200,0.000400,0.032200,0.1752,7.8293,8.7628,13.0955,634,16,0.2500,0,16,3.8438,1,0,0,629,1,0,115,102,13,0,-1,-1,0,-1,-1,13.9904,4.9185,0,1525.2227,1525.2227,1525.0977,95,879,561,322,0,0,0.001300,0,0,0.016200,0.081800,0.000700,0.012800,0.069300,0.042500,0.000800,0.002100,0.000500,0.001600,0.007500,0.001400,0.004400,0.027300,0.1434,0.063000,0.085500,0.1459,0.038600,0.2247,0.017400,0.046100,0.000200,0.001700,0.066500,0.007900,0.001000,0.000700,0.025600,0.006100,0.011800,0.001300,0.1362,0.013200,0.038100,0.1943,0.065700,0.001200,0.040200,0.002300,0.026200,0.022000,0.022000,7.2657,0.055600,0.006200,0.000200,0,11.2621,0,0,0,0,0,0,0,50,0,0,0,0,1,1,9,9,2,1,1,4,1,1,1,1,1,1,7,7,1,1,50,9,6,42,76,794,950,0,0,0,0,0,-100,-100,-100,-100,600,1440,107.7673,0,0,-0.000000,-1,0,0,0,1,0,13.7344,5,50,75.1289,13.7344,0,0,48.9844,0,100,0,0,0,0,0,0,0,0,0,0.4201,0.4201,1,0.4201,0.4201,64.9852,8.9635,20141,90,568,135,12261.3906,3604.0703,7254.2305,0,15865.4609,9.3984,2.0806,7.3135,9.3984,2.0806,2.7229,33.3333,5.5038,24.5344,0.000300,0.021900,0.000600,0.000600,0.001700,0.008700,0.000600,0.073100,0.001000,0.020500,0.028000,0.041300,0.3427,0.1883,0.019500,0.005100,0.065700,0,0.043200,0.014000,0.1947,0.005100,0.033600,0.1343,0.015900,0.088400,0.4255,0.6916,1.1072,0.055300,2.5407,0.095200,0.031800,0.038700,0.6903,0.085900,0.002100,0.002600,0.061400,0.1954,0.050200,0.000700,0.5943,934,399886,0,0,0,0,0,0,0.004100,0,0.008800,0,0,0,0,0,0,0,0,0,0,0,0,0,0,0,0,0,0,0
,0.013400,0.011200,2,57,0,55,0,0,13,233,13,0,454,3,0,0,12,2,0,0,0,0,0.016500,0.006800,0.5674,0.005700,0.008900,0.001100,0.8229,0.2075,0.053400,0.1246,0.001000,0.024700,0,0,768,256,11229,3565.7148,15494.9102,239.1602,0.003200,4,0.000100,0.007500,0.002200,0.012600,0.2617,0,0,0.052600,0.2472,2.5151,0.065100,0.000300,0.001100,0.000200,0.000300,0.008800,0.006600,0.050900,0.006000,0.033700,0.098900,0.010300,0.005700,1.6723,0.027300,0.008800,0.043000,0.010900,0.017900,0.080100,0.008400,0.070300,0.002400,0.082600,0.008000,0.071600,0.5816,0.005100,2.3246,0.000300,0.1848,0.000600,0.000300,0.031400,0.3148,0.6279,0.027700,0.9792,0.1730,0.002300,0.010600,0.000400,0.037900,0.1429,8.8939,8.7628,13.0955,634,16,0.2500,0,16,3.8438,1,0,0,629,1,0,115,102,13,0,-1,-1,0,-1,-1,13.9904,4.9185,0,1525.2227,1525.2227,1525.0977,95,871,551,322,0,0,0.000900,0,0,0.014000,0.079800,0.000600,0.012000,0.067300,0.038100,0.000700,0.001800,0.000400,0.001500,0.006000,0.001000,0.003700,0.023800,0.1621,0.053400,0.074600,0.1458,0.041300,0.1927,0.020700,0.1124,0.000200,0.001500,0.061600,0.008700,0.001200,0.000400,0.024800,0.006300,0.011500,0.000900,0.1367,0.014300,0.038200,0.1955,0.067200,0.001000,0.040400,0.002400,0.030500,0.022000,0.016500,8.4136,0.053400,0.006500,0.000100,0,9.2241,0,0,0,0,0,0,0,50,0,0,0,0,1,1,9,9,2,1,1,4,1,1,1,1,1,1,7,7,1,1,50,9,6,42,76,794,950,0,0,0,0,0,-100,-100,-100,-100,600,1440,107.7673,0,0,-0.000000,-1,0,0,0,1,0,13.7344,5,50,75.1289,13.7344,0,0,48.9844,0,100,0,0,0,0,0,0,0,0,0,0.4675,0.4675,1,0.4675,0.4675,11.7959,8.9635,20141,90,568,135,12261.3906,3604.0703,7254.2305,0,15865.4609,10.3301,1.9724,8.1258,10.3301,1.9724,2.7758,33.3333,5.5341,24.8904,0.000200,0.022500,0.000600,0.000600,0.001700,0.007600,0.000600,0.073400,0.001000,0.025600,0.028300,0.040200,0.3601,0.1921,0.019500,0.006100,0.067100,0,0.044200,0.013900,0.1839,0.005100,0.032600,0.1362,0.015800,0.088700,0.4286,0.7016,0.3501,0.056400,2.4798,0.095200,0.031800,0.038600,0.6906,0.094400,0.001900,0.002400,0.060200,0.1976,0.050200,0.000600,0.6030,955,391708,0,2376,1400,0,2.5362,0,0.001900,0,0.009000,0,0,0,0,0,0,0,0,0,0,0,0,0,0,0,0,0,0,0
,0.026400,0.006600,2,57,0,55,0,0,13,233,16,0,454,3,0,0,12,2,0,0,0,0,0.008000,0.004800,0.3425,0.005600,0.010000,0.001100,0.9007,0.2006,0.056600,0.1354,0.001200,0.026500,0,0,768,256,11229,3565.7148,15494.9102,239.1602,0,5,0.000600,0.008900,0.002200,0.015400,0.1735,0,0,0.058900,0.3443,2.5353,0.060500,0.000300,0.001400,0.000200,0.000300,0.007400,0.007000,0.041800,0.005600,0.031200,0.1038,0.011600,0.005600,0.7402,0.026600,0.008500,0.029200,0.011700,0.018000,0.087400,0.008300,0.078800,0.002000,0.074900,0.008300,0.069700,0.5898,0.004400,2.3247,0.000200,0.1797,0.000600,0.000300,0.027100,0.3626,0.6872,0.023600,0.9193,0.4162,0.001800,0.011000,0.000500,0.034500,0.053600,8.9732,8.7628,13.0955,634,16,0.2500,0,16,3.8438,1,0,0,629,1,0,115,102,13,0,-1,-1,0,-1,-1,13.9904,4.9185,0,1525.2227,1525.2227,1441.5039,95,874,561,321,0,0,0.000900,0,0,0.014700,0.078500,0.000500,0.014200,0.069800,0.041100,0.001100,0.001400,0.000200,0.001500,0.006200,0.001000,0.003800,0.021500,0.1424,0.054500,0.083700,0.1677,0.045300,0.2018,0.017900,0.3034,0.000200,0.001500,0.063000,0.008600,0.001500,0.000700,0.025700,0.005700,0.011500,0.001200,0.1327,0.015100,0.039600,0.1987,0.064700,0.001200,0.021800,0.003300,0.033900,0.022000,0.016000,8.3691,0.063700,0.006600,0.000100,0,10.4018,0,0,0,0,0,0,0,50,0,0,0,0,1,1,9,9,2,1,1,4,1,1,1,1,1,1,7,7,1,1,50,9,6,42,76,794,950,0,0,0,0,0,-100,-100,-100,-100,600,1440,107.7673,0,0,-0.000000,-1,0,0,0,1,0,13.7344,5,50,75.1289,13.7344,0,0,48.9844,0,100,0,0,0,0,0,0,0,0,0,0.6660,0.6660,1,0.6660,0.6660,22.3701,8.9635,20141,90,568,135,12261.3906,3604.0703,7254.2305,0,15865.4609,10.6024,2.2067,7.2913,10.6024,2.2067,2.7873,33.3333,5.5384,24.4067,0.000600,0.021300,0.000600,0.000700,0.001600,0.010900,0.000500,0.072800,0,0.020500,0.022400,0.033700,0.3457,0.1855,0.018400,0.006200,0.062400,0,0.045400,0.012100,0.1876,0,0.032500,0.1392,0.015100,0.090600,0.4247,0.6962,0.3035,0.057400,2.2784,0.095200,0.031700,0.038700,0.6942,0.090000,0.001900,0.002400,0.060600,0.1968,0.050200,0.000700,0.6086,1001,402540,0,0,0,0,0,0.011800,0,0,0.008300,0,0,0,0,0,0,0,0,0,0,0,0,0,0,0,0,0,0,0
,0.013700,0.016300,2,80,0,78,0,0,14,233,43,0,454,3,0,0,13,2,0,0,0,0,0.008800,0.009600,0.3780,0.006100,0.008900,0.000900,0.8428,0.2612,0.048600,0.1223,0.002100,0.028600,0,1,768,256,11229,3565.7148,15494.9102,239.1602,0.002500,5,0.000100,0.007700,0.001900,0.013700,0.1729,0,0,0.064900,0.2016,2.3731,0.059900,0.000200,0.001200,0.000200,0.000300,0.006900,0.007700,0.040600,0.005100,0.031400,0.1229,0.010400,0.005300,0.9714,0.024500,0.008200,0.028700,0.011600,0.019000,0.086000,0.009400,0.073700,0.001900,0.2501,0.007800,0.066200,0.5983,0.005300,2.3508,0.000200,0.1880,0.000600,0.000400,0.028100,0.3001,0.6404,0.022900,0.9490,0.1262,0.001600,0.009900,0.000500,0.034300,0,8.5635,8.7628,13.0955,634,16,0.2500,0,16,3.8438,1,0,0,629,1,0,115,102,13,0,-1,-1,0,-1,-1,13.9904,4.9185,0,1525.2227,1525.2227,1525.0977,95,871,551,321,0,0,0.001100,0,0,0.015800,0.084400,0.000900,0.012900,0.069400,0.039900,0.000800,0.002000,0.000300,0.001600,0.007000,0.001000,0.004100,0.023000,0.1299,0.060300,0.079200,0.1591,0.046700,0.2594,0.019200,0.020700,0.000400,0.001500,0.061200,0.008100,0.001100,0.000300,0.026100,0.005800,0.011900,0.001500,0.1347,0.014700,0.040100,0.1911,0.066400,0.001100,0.031900,0.002600,0.017100,0.024000,0.016500,8.0125,0.074900,0.006500,0.000100,0,10.5553,0,0,0,0,0,0,0,50,0,0,0,0,1,1,9,9,2,1,1,4,1,1,1,1,1,1,7,7,1,1,50,9,6,42,76,794,950,0,0,0,0,0,-100,-100,-100,-100,600,1440,107.7673,0,0,-0.000000,-1,0,0,0,1,0,13.7344,5,50,75.1289,13.7344,0,0,48.9844,0,100,0,0,0,0,0,0,0,0,0,0.4268,0.4268,1,0.4268,0.4268,32.3463,8.9635,20141,90,568,135,12261.3867,3604.0703,7254.2305,0,15865.4609,9.9855,1.9484,7.3295,9.9855,1.9484,2.8893,33.3333,6.0188,24.3962,0.000600,0.021000,0.000500,0.000600,0.001700,0.007800,0.000600,0.071900,0.001000,0.018400,0.029700,0.039800,0.3569,0.1828,0.019500,0.005100,0.061800,0,0.044600,0.015300,0.1860,0.005100,0.031900,0.1374,0.016300,0.093600,0.9158,0.7651,0.3455,0.058300,2.8937,0.096300,0.031700,0.048600,0.6853,0.095300,0.002300,0.002500,0.062400,0.1946,0.050200,0.000700,0.6029,933,387568,0.063700,0,0,0,0,0,0,0,0.007600,0,0,0,0,0,0,0,0,0,0,0,0,0,0,0,0,0,0,0
,0.023900,0.006000,2,57,0,55,0,0,13,233,14,0,454,3,0,0,12,2,0,0,0,0,0.010400,0,0.3250,0.005600,0.008200,0.001000,0.8492,0.1833,0.055200,0.1238,0.001200,0.024600,0,1,768,256,11229,3565.7148,15494.9102,239.1602,0.001700,2,0.000500,0.007200,0.001800,0.019500,0.1840,0,0,0.051900,0.2823,2.4045,0.071600,0.000200,0.001200,0.000300,0.000200,0.007400,0.006800,0.043200,0.004700,0.032100,0.1293,0.010500,0.006700,0.6456,0.023800,0.008900,0.026700,0.010900,0.017600,0.074000,0.008700,0.070600,0.002000,0.1163,0.008100,0.078400,0.5974,0.004500,2.2943,0.000200,0.1874,0.000600,0.000400,0.027800,0.2946,0.6090,0.022700,0.8606,0.1683,0.001700,0.009700,0.000500,0.036000,0.3105,7.3866,8.7628,13.0955,634,16,0.2500,0,16,3.8438,1,0,0,629,1,0,115,102,13,0,-1,-1,0,-1,-1,13.9904,4.9185,0,1525.2227,1525.2227,1525.0977,95,871,551,321,0,0,0.001000,0,0,0.016000,0.079800,0.000600,0.011100,0.069500,0.039700,0.000900,0.001600,0.000200,0.001600,0.006400,0.001100,0.003800,0.024900,0.1465,0.059100,0.084500,0.1565,0.041700,0.1664,0.031100,1.0279,0.000200,0.001700,0.064800,0.008300,0.001100,0.000600,0.027300,0.005600,0.012300,0.001400,0.1353,0.014500,0.042100,0.2074,0.067200,0.001100,0.043400,0.002300,0.032600,0.022800,0.026300,6.7596,0.055300,0.006300,0.000200,0,10.0094,0,0,0,0,0,0,0,50,0,0,0,0,1,1,9,9,2,1,1,4,1,1,1,1,1,1,7,7,1,1,50,9,6,42,76,794,950,0,0,0,0,0,-100,-100,-100,-100,600,1440,107.7673,0,0,-0.000000,-1,0,0,0,1,0,13.7344,5,50,75.1289,13.7344,0,0,48.9844,0,100,0,0,0,0,0,0,0,0,0,0.4194,0.4194,1,0.4194,0.4194,42.0520,8.9635,20141,90,568,135,12261.3867,3604.0703,7254.2305,0,15865.4570,9.7150,2.9380,8.3139,9.7150,2.9390,2.8473,33.3333,5.4314,25.0746,0.000600,0.021300,0.000500,0.000900,0.001500,0.009600,0.000600,0.072600,0.001000,0.017400,0.021500,0.026400,0.3457,0.2890,0.019400,0.006200,0.062100,0,0.046700,0.026900,0.1801,0,0.032000,0.1401,0.015700,0.089000,0.4257,0.6709,0.3881,0.057300,2.0611,0.094200,0.031800,0.039400,0.6903,0.087500,0.002100,0.002700,0.062500,0.1967,0.050200,0.000600,0.6106,968,396830,0,0,0,0,0,0,0,0.001200,0.008100,0,0,0,0,0,0,0,0,0,0,0,0,0,0,0,0,0,0,0
,0.013500,0.017900,2,63,0,61,0,0,13,233,45,0,454,3,0,0,12,2,0,0,0,0,0.023200,0.008300,0.3261,0.005100,0.009000,0.001100,0.8701,0.1760,0.050700,0.1246,0.001000,0.2735,0.002700,0,768,256,11229,3565.7148,15494.9102,239.1602,0.001900,3,0,0.008200,0.001800,0.019200,0.1812,0,0,0.054100,0.2790,2.4865,0.065600,0.000300,0.001400,0.000300,0.000200,0.006300,0.005800,0.045300,0.004800,0.032500,0.1449,0.011800,0.006500,1.5722,0.028300,0.009000,0.039200,0.011700,0.018500,0.077900,0.008100,0.066500,0.002400,0.1139,0.008300,0.066400,0.5871,0.004700,2.3012,0.000300,0.1757,0.000500,0.000300,0.028000,0.3076,0.5970,0.022600,0.8735,0.1609,0.001900,0.009800,0.000500,0.034500,0.031600,7.9413,8.7628,13.0955,634,16,0.2500,0,16,3.8438,1,0,0,629,1,0,115,102,13,0,-1,-1,0,-1,-1,13.9904,4.9185,0,1525.2227,1525.2227,1525.0977,95,871,551,321,0,0,0.000800,0,0,0.015900,0.082400,0.000600,0.013200,0.071800,0.039000,0.000900,0.001900,0.000300,0.001600,0.006900,0.000900,0.004100,0.023000,0.2782,0.055900,0.076600,0.1515,0.044000,0.1752,0.019600,0.1008,0.000300,0.001600,0.063900,0.008700,0.001400,0.000400,0.025200,0.006000,0.011500,0.001000,0.1376,0.015700,0.041200,0.2030,0.068400,0.001000,0.041700,0.002500,0.033900,0.022300,0.016000,7.3085,0.054800,0.006500,0.000200,0,9.7806,0,0,0,0,0,0,0,50,0,0,0,0,1,1,9,9,2,1,1,4,1,1,1,1,1,1,7,7,1,1,50,9,6,42,76,794,950,0,0,0,0,0,-100,-100,-100,-100,600,1440,107.7673,0,0,-0.000000,-1,0,0,0,1,0,13.7344,5,50,75.1289,13.7344,0,0,48.9844,0,100,0,0,0,0,0,0,0,0,0,0.5727,0.5727,1,0.5727,0.5727,51.5727,8.9635,20141,90,568,135,12261.3867,3604.0703,7254.2305,0,15865.4570,9.5372,2.2070,8.3139,9.5372,2.2070,2.6529,33.3333,5.8988,24.9050,0.000200,0.021700,0.000600,0.000500,0.001800,0.007400,0.000600,0.072400,0,0.021600,0.032400,0.039800,0.3418,0.1931,0.020400,0.006200,0.066800,0,0.043700,0.023800,0.1897,0,0.031600,0.1381,0.016100,0.087500,0.4329,1.1373,0.3339,0.056300,3.0968,0.095300,0.030700,0.039400,0.6946,0.073500,0.001800,0.002600,0.060200,0.1956,0.049200,0.000500,0.6063,974,394970,0,0,0,0,0,0,0.005900,0,0.008400,0,0,0,0,0,0,0,0,0,0,0,0,0,0,0,0,0,0,0
,0.020100,0.005900,2,73,0,71,0,0,14,233,28,0,454,3,0,0,13,2,0,0,0,0,0,0.008400,0.3102,0.005500,0.009200,0.001100,0.7228,0.1951,0.051800,0.1302,0,0.023000,0,1,768,256,11229,3565.7148,15494.9102,239.1602,0,4,0.000200,0.009900,0.001600,0.018200,0.2098,0,0,0.054300,0.2504,2.6638,0.061000,0.000300,0.001300,0.000200,0.000300,0.006400,0.006800,0.040700,0.006000,0.037700,0.1295,0.010300,0.006400,0.9541,0.024600,0.008600,0.035000,0.011500,0.017900,0.086900,0.009000,0.070300,0.002100,0.1027,0.008100,0.068400,0.5945,0.005200,2.2847,0.000300,0.1745,0.000600,0.000300,0.026000,0.2915,0.6117,0.023400,0.9147,0.5067,0.001800,0.011200,0.000400,0.034500,0.4009,8.7059,8.7628,13.0955,634,16,0.2500,0,16,3.8438,1,0,0,629,1,0,115,102,13,0,-1,-1,0,-1,-1,13.9904,4.9185,0,1525.2227,1525.2227,1525.0977,95,874,561,321,0,0,0.000900,0,0,0.013600,0.080800,0.000600,0.011100,0.070900,0.043500,0.001000,0.001800,0.000500,0.001300,0.006300,0.001200,0.003500,0.022300,0.1565,0.057700,0.084200,0.1582,0.040000,0.1816,0.033100,0.052900,0.000300,0.005600,0.066600,0.009100,0.001500,0.000400,0.026200,0.006600,0.012100,0.001000,0.1344,0.014000,0.040500,0.1958,0.067400,0.001100,0.042100,0.002800,0.016800,0.024000,0.018100,8.1551,0.060300,0.006600,0.000200,0.003400,9.5573,0,0,0,0,0,0,0,50,0,0,0,0,1,1,9,9,2,1,1,4,1,1,1,1,1,1,7,7,1,1,50,9,6,42,76,794,950,0,0,0,0,0,-100,-100,-100,-100,600,1440,107.7673,0,0,-0.000000,-1,0,0,0,1,0,13.7344,5,50,75.1289,13.7344,0,0,48.9844,0,100,0,0,0,0,0,0,0,0,0,0.4281,0.4281,1,0.4281,0.4281,61.8415,8.9635,20141,90,568,135,12261.3867,3604.0703,7254.2305,0,15865.4570,10.2609,2.1209,8.4949,10.2609,2.1222,2.7280,33.3333,5.5227,24.7069,0.000200,0.022600,0.000600,0.000600,0.001700,0.007800,0.001900,0.074100,0,0.019400,0.024700,0.035000,0.3492,0.1888,0.019400,0.005200,0.067500,0,0.044000,0.022200,0.1724,0,0.032600,0.1346,0.015000,0.089900,0.4250,0.7993,0.2868,0.054400,2.4022,0.094300,0.030700,0.039100,0.6798,0.086600,0.002100,0.002600,0.062100,0.1996,0.050200,0.000800,0.6093,940,389198,0,0,0,0,0,0,0,0.001500,0.007500,0,0,0,0,0,0,0,0,0,0,0,0,0,0,0,0,0,0,0
,0.068800,0.3312,2,59,0,57,0,0,13,233,25,0,454,3,0,0,12,2,0,0,0,0,0.008800,0.005000,0.3907,0.006600,0.008900,0.001200,1.4490,0.1837,0.052400,0.1512,0.002700,0.2854,0.005000,1,768,256,11229,3565.7148,15494.9102,239.1602,0.003500,4,0.000400,0.008200,0.002100,0.019700,0.1817,0,0,0.063800,0.2649,2.4708,0.067000,0.000300,0.001200,0.000200,0.000300,0.006200,0.007600,0.039700,0.004900,0.031900,0.1247,0.010100,0.005600,0.3285,0.028200,0.008600,0.027400,0.011600,0.018200,0.079900,0.009200,0.069900,0.002200,0.1006,0.008500,0.066200,0.6300,0.005800,2.3431,0.000400,0.1887,0.000800,0.000800,0.027600,0.3084,0.6232,0.024500,0.8925,0.2409,0.001700,0.010100,0.000500,0.036000,0,9.0150,8.7628,13.0955,634,16,0.2500,0,16,3.8438,1,0,0,629,1,0,115,102,13,0,-1,-1,0,-1,-1,13.9904,4.9185,0,1525.2227,1525.2227,1525.0977,95,871,551,321,0,0,0.001000,0,0,0.014800,0.079200,0.000600,0.011700,0.072400,0.043100,0.000900,0.001800,0.000200,0.001600,0.006800,0.001000,0.004200,0.025200,0.1381,0.059400,0.085900,0.1554,0.042600,0.2416,0.022000,0.028100,0.000400,0.001700,0.066400,0.008800,0.001200,0.000800,0.028400,0.007000,0.012900,0.001000,0.1394,0.015600,0.041000,0.2058,0.066400,0.001300,0.042000,0.002800,0.033400,0.023000,0.018300,8.3846,0.063700,0.007200,0.000100,0,10.2810,0,0,0,0,0,0,0,50,0,0,0,0,1,1,9,9,2,1,1,4,1,1,1,1,1,1,7,7,1,1,50,9,6,42,76,794,950,0,0,0,0,0,-100,-100,-100,-100,600,1440,107.7673,0,0,-0.000000,-1,0,0,0,1,0,13.7344,5,50,75.1289,13.7344,0,0,48.9844,0,100,0,0,0,0,0,0,0,0,0,0.4322,0.4322,1,0.4322,0.4322,9.8487,8.9635,20141,90,568,135,12261.3945,3604.0703,7254.2305,0,15865.4570,10.5041,2.1271,7.3592,10.5041,2.1271,2.7705,33.3333,5.8257,24.0678,0.000300,0.020800,0.000600,0.000600,0.001600,0.009100,0.000700,0.076000,0,0.020400,0.021500,0.026000,0.3471,0.1986,0.020600,0.006100,0.062200,0,0.045500,0.008000,0.1834,0.005100,0.032700,0.1429,0.015700,0.088200,0.4242,0.7013,0.3643,0.055300,2.4689,0.095200,0.031700,0.039000,0.8817,0.067700,0.002000,0.002600,0.061800,0.1997,0.049200,0.000800,0.6527,1005,403034,0,2614,1403,0,2.8904,0,0,0,0.008300,0,0,0,0,0,0,0,0,0,0,0,0,0,0,0,0,0,0,0
,0.014500,0.081800,2,80,0,78,0,0,14,233,40,0,454,3,0,0,13,2,0,0,0,0,0.017700,0.002500,0.5756,0.005800,0.008000,0.001100,0.8651,0.1975,0.052200,0.1242,0.001000,0.037300,0.001700,0,768,256,11229,3565.7148,15494.9102,239.1602,0.001400,5,0.000300,0.010600,0.002200,0.019000,0.1730,0,0,0.057600,0.2429,2.5023,0.062200,0.000300,0.001300,0.000200,0.000300,0.006400,0.006900,0.041100,0.005600,0.031000,0.1263,0.010900,0.005900,1.5562,0.025900,0.007900,0.030000,0.011700,0.018300,0.085300,0.010000,0.075000,0.001800,0.1022,0.007400,0.065600,0.5661,0.004600,2.3210,0.000300,0.1785,0.000500,0.000300,0.028400,0.2963,0.6328,0.025000,0.8627,0.1567,0.002100,0.009300,0.000300,0.035100,0.026900,6.7132,8.7628,13.0955,634,16,0.2500,0,16,3.8438,1,0,0,629,1,0,115,102,13,0,-1,-1,0,-1,-1,13.9904,4.9185,0,1525.2227,1525.2227,1525.0977,95,874,561,321,0,0,0.000800,0,0,0.013900,0.083300,0.000500,0.012300,0.070200,0.040800,0.000900,0.001300,0.000200,0.001500,0.006000,0.000800,0.003700,0.021600,0.1310,0.055100,0.076700,0.1672,0.046200,1.1473,0.015800,0,0.000400,0.001700,0.066000,0.008800,0.001400,0.000700,0.026600,0.006100,0.012900,0.001200,0.1547,0.014900,0.043000,0.2017,0.067700,0.001200,0.049000,0.002200,0.032500,0.022400,0.016800,6.3221,0.060900,0.007100,0.000100,0,10.5135,0,0,0,0,0,0,0,50,0,0,0,0,1,1,9,9,2,1,1,4,1,1,1,1,1,1,7,7,1,1,50,9,6,42,76,794,950,0,0,0,0,0,-100,-100,-100,-100,600,1440,107.7673,0,0,-0.000000,-1,0,0,0,1,0,13.7344,5,50,75.1289,13.7344,0,0,48.9844,0,100,0,0,0,0,0,0,0,0,0,0.3937,0.3937,1,0.3937,0.3937,19.1774,8.9635,20141,90,568,135,12261.3984,3604.0703,7254.2305,0,15865.4648,9.1718,2.9835,7.3530,9.1718,2.9835,2.7720,33.3333,6.1837,24.3249,0.000600,0.021700,0.000600,0.000600,0.001800,0.007900,0.000600,0.073200,0,0.018500,0.027000,0.040800,0.3594,0.1941,0.019500,0.005100,0.067400,0,0.046500,0.009300,0.1885,0,0.032300,0.1317,0.015900,0.090100,1.0849,0.6804,0.3636,0.059400,2.5079,0.095200,0.030700,0.039400,0.6883,0.099600,0.001800,0.002600,0.062100,0.1957,0.051200,0.000700,0.6033,920,384450,0,0,0,0,0,0,0.006100,0,0.008400,0,0,0,0,0,0,0,0,0,0,0,0,0,0,0,0,0,0,0
,0.015400,0.006700,2,57,0,55,0,0,13,233,9,0,454,3,0,0,12,2,0,0,0,0,0.007700,0.006400,0.3251,0.005900,0.009700,0.000900,0.8412,0.1634,0.046800,0.1220,0.001100,0.024100,0.001800,0,768,256,11229,3565.7148,15494.9102,239.1602,0.001500,2,0.000400,0.011100,0.002000,0.018600,0.1742,0,0,0.061100,0.2212,2.4664,0.063800,0.000300,0.001200,0.000300,0.000500,0.006000,0.006900,0.042900,0.005600,0.033200,0.1242,0.012200,0.006200,1.4308,0.027800,0.008200,0.043000,0.011400,0.019000,0.073900,0.010500,0.073300,0.002000,0.081900,0.007900,0.066800,0.5827,0.004300,2.3009,0.000200,0.1740,0.000600,0.000300,0.027300,0.3686,0.5317,0.023900,0.9036,0.1786,0.001800,0.009500,0.000500,0.030400,0.1518,8.3408,8.7628,13.0955,634,16,0.2500,0,16,3.8438,1,0,0,629,1,0,115,102,13,0,-1,-1,0,-1,-1,13.9904,4.9185,0,1525.2227,1525.2227,1525.0977,95,876,551,321,0,0,0.000800,0,0,0.016700,0.078900,0.000600,0.012100,0.065700,0.037100,0.000800,0.001400,0.000400,0.001700,0.005900,0.001000,0.004200,0.022100,0.1102,0.054900,0.079200,0.1518,0.041700,0.4408,0.015200,0,0.000200,0.001200,0.063100,0.008100,0.001300,0.000400,0.024100,0.005500,0.011600,0.001200,0.1389,0.016900,0.054500,0.1895,0.068900,0.001100,0.021000,0.002900,0.016500,0.022100,0.018100,7.7931,0.057000,0.007000,0.000100,0,9.3533,0,0,0,0,0,0,0,50,0,0,0,0,1,1,9,9,2,1,1,4,1,1,1,1,1,1,7,7,1,1,50,9,6,42,76,794,950,0,0,0,0,0,-100,-100,-100,-100,600,1440,107.7673,0,0,-0.000000,-1,0,0,0,1,0,13.7344,5,50,75.1289,13.7344,0,0,48.9844,0,100,0,0,0,0,0,0,0,0,0,0.3700,0.3700,1,0.3700,0.3700,29.1843,8.9635,20141,90,568,135,12261.3984,3604.0703,7254.2305,0,15865.4688,10.1861,2.2672,7.9962,10.1861,2.2672,2.7972,33.3333,5.3324,24.9850,0.000200,0.020700,0.000600,0.000600,0.001600,0.008800,0.000600,0.074600,0,0.021600,0.021200,0.025900,0.3459,0.2003,0.019400,0.006200,0.061600,0,0.045800,0.007600,0.1842,0.005200,0.032900,0.1390,0.016000,0.088800,0.4387,0.6808,0.3382,0.054200,2.4668,0.096300,0.030700,0.040100,0.6842,0.079100,0.001900,0.002400,0.063400,0.1967,0.049100,0.000700,0.5848,1004,400726,0,0,0,0,0,0,0.002000,0,0.008200,0,0,0,0,0,0,0,0,0,0,0,0,0,0,0,0,0,0,0
,0.014000,0.015000,2,76,0,74,0,0,14,233,47,0,454,3,0,0,13,2,0,0,0,0,0,0.011900,0.3165,0.005400,0.008400,0.000900,0.8195,0.2180,0.052200,0.1239,0.000900,0.019800,0,0,768,256,11229,3565.7148,15494.9102,239.1602,0.002200,4,0.000100,0.006800,0.001700,0.018600,0.1807,0,0,0.054200,0.2589,2.5570,0.064400,0.001700,0.001400,0.000200,0.000200,0.006200,0.005600,0.042000,0.005100,0.031000,0.1353,0.011900,0.006900,1.4412,0.027900,0.008300,0.037000,0.011400,0.019900,0.1113,0.012300,0.085000,0.002000,0.080500,0.008000,0.069300,0.5959,0.004700,2.3263,0.000200,0.1942,0.000600,0.000400,0.029300,0.3142,0.6040,0.025300,0.9555,0.4511,0.001900,0.010800,0.000500,0.034500,0.054700,8.6180,8.7628,13.0955,634,16,0.2500,0,16,3.8438,1,0,0,629,1,0,115,102,13,0,-1,-1,0,-1,-1,13.9904,4.9185,0,1525.2227,1525.2227,1525.0977,95,870,551,322,0,0,0.001000,0,0,0.016100,0.081500,0.000500,0.011800,0.069000,0.042800,0.000700,0.001500,0.000300,0.001200,0.006300,0.001400,0.003800,0.021300,0.1373,0.056900,0.083000,0.1580,0.043200,0.2216,0.017800,0.060400,0.000300,0.001600,0.063400,0.008000,0.001600,0.000300,0.026400,0.006500,0.012000,0.001000,0.1349,0.016200,0.040900,0.2024,0.067600,0.001100,0.030400,0.002500,0.032100,0.022300,0.017600,8.0780,0.055000,0.006600,0.000100,0.002500,9.9893,0,0,0,0,0,0,0,50,0,0,0,0,1,1,9,9,2,1,1,4,1,1,1,1,1,1,7,7,1,1,50,9,6,42,76,794,950,0,0,0,0,0,-100,-100,-100,-100,600,1440,107.7673,0,0,-0.000000,-1,0,0,0,1,0,13.7344,5,50,75.1289,13.7344,0,0,48.9844,0,100,0,0,0,0,0,0,0,0,0,0.4250,0.4250,1,0.4250,0.4250,39.3581,8.9635,20141,90,568,135,12261.3984,3604.0703,7254.2305,0,15865.4688,10.1699,2.0928,7.2902,10.1699,2.0928,2.8334,33.3333,5.5532,24.9611,0.000600,0.021300,0.000700,0.000700,0.001700,0.007800,0.000600,0.072700,0.001000,0.022500,0.032800,0.043300,0.3534,0.1886,0.018500,0.007100,0.066200,0,0.047000,0.019500,0.1839,0,0.032700,0.1364,0.016000,0.090700,0.4252,1.1224,0.8158,0.054200,2.4822,0.095300,0.030700,0.037800,0.6992,0.1029,0.001800,0.002600,0.061700,0.1955,0.049200,0.000600,0.6062,953,392760,0.4843,0,0,0,0,0,0,0,0.008200,0,0,0,0,0,0,0,0,0,0,0,0,0,0,0,0,0,0,0
,0.3586,0.004000,2,64,0,62,0,0,13,233,30,0,454,3,0,0,12,2,0,0,0,0,0.078500,0.011900,0.3548,0.005400,0.009300,0.000900,0.8657,0.1778,0.049800,0.1244,0.001100,0.028500,0.002600,0,768,256,11229,3565.7148,15494.9102,239.1602,0.001300,4,0.000300,0.008800,0.002100,0.013700,0.2016,0,0,0.060200,0.2516,2.5230,0.061300,0.000200,0.001200,0.000200,0.000200,0.006700,0.008400,0.041000,0.014200,0.032400,0.1341,0.011700,0.006500,0.4607,0.026700,0.008300,0.027000,0.012200,0.018200,0.1141,0.011100,0.073000,0.002400,0.079300,0.008200,0.070800,0.6042,0.004800,2.3311,0.000200,0.1799,0.000500,0.000300,0.029600,0.2966,0.6798,0.025000,0.9671,0.1545,0.002000,0.009900,0.000600,0.038800,0,9.0712,8.7628,13.0955,634,16,0.2500,0,16,3.8438,1,0,0,629,1,0,115,102,13,0,-1,-1,0,-1,-1,13.9904,4.9185,0,1525.2227,1525.2227,1525.0977,95,870,551,322,0,0,0.000900,0,0,0.015900,0.081900,0.000500,0.011500,0.071900,0.041700,0.001000,0.001900,0.000300,0.001500,0.006700,0.001100,0.004100,0.021400,0.1395,0.056800,0.085200,0.1669,0.040300,0.1725,0.023600,0.1146,0.000300,0.001600,0.066500,0.009500,0.001200,0.000600,0.028700,0.006600,0.012300,0.001300,0.1493,0.015300,0.042700,0.2103,0.073500,0.001100,0.049500,0.003100,0.033800,0.023600,0.016800,8.4467,0.059800,0.010600,0.000100,0,10.1859,0,0,0,0,0,0,0,50,0,0,0,0,1,1,9,9,2,1,1,4,1,1,1,1,1,1,7,7,1,1,50,9,6,42,76,794,950,0,0,0,0,0,-100,-100,-100,-100,600,1440,107.7673,0,0,-0.000000,-1,0,0,0,1,0,13.7344,5,50,75.1289,13.7344,0,0,48.9844,0,100,0,0,0,0,0,0,0,0,0,0.4499,0.4499,1,0.4499,0.4499,50.0061,8.9635,20141,90,568,135,12261.3789,3604.0703,7254.2305,0,15865.4688,10.6583,2.1354,8.1999,10.6583,2.1372,2.8839,33.3333,5.6815,23.9874,0.000200,0.021400,0.000600,0.000700,0.002000,0.009300,0.000500,0.074800,0.001000,0.017400,0.020400,0.033700,0.3405,0.1891,0.019400,0.005200,0.064300,0,0.045300,0.011300,0.1731,0,0.033300,0.1427,0.015700,0.097300,0.4231,0.6230,0.3641,0.056400,2.0610,0.094200,0.031800,0.038900,0.6815,0.088000,0.001900,0.002300,0.062800,0.2037,0.050200,0.000500,0.5897,919,385128,0,0,0,0,0,0.1112,0.002100,0.002000,0.007900,0,0,0,0,0,0,0,0,0,0,0,0,0,0,0,0,0,0,0
,0.027700,0.005700,2,57,0,55,0,0,13,233,10,0,454,3,0,0,12,2,0,0,0,0,0,0.014000,0.3325,0.006700,0.009200,0.001100,0.9711,0.2177,0.057300,0.1349,0.001000,0.023800,0,0,768,256,11229,3565.7148,15494.9102,239.1602,0.002200,4,0.000100,0.008200,0.002100,0.014800,0.1852,0,0,0.058900,0.3937,2.5929,0.069200,0.000300,0.001600,0.000200,0.000200,0.007500,0.008500,0.046700,0.005700,0.031500,0.1704,0.010300,0.006400,1.0864,0.029100,0.009100,0.027700,0.012300,0.017900,0.1265,0.013700,0.083400,0.002400,0.085200,0.010200,0.072800,0.6646,0.004800,2.3615,0.000300,0.1965,0.000900,0.000300,0.031900,0.3936,0.6164,0.026600,0.9510,0.4467,0.002100,0.014100,0.000500,0.037700,0.3144,7.9690,8.7628,13.0955,634,16,0.2500,0,16,3.8438,1,0,0,629,1,0,115,102,13,0,-1,-1,0,-1,-1,13.9904,4.9185,0,1525.2227,1525.2227,1441.6289,95,870,551,322,0,0,0.001100,0,0,0.014700,0.080600,0.000500,0.011500,0.070100,0.042100,0.000900,0.001300,0.000200,0.001500,0.006000,0.000900,0.003900,0.021500,0.1429,0.056200,0.085500,0.1512,0.037400,0.3164,0.019400,0,0.000200,0.001600,0.066600,0.009300,0.001400,0.000700,0.026300,0.006500,0.012100,0.001000,0.1396,0.016100,0.040600,0.1967,0.066200,0.001100,0.042100,0.003400,0.017300,0.023400,0.018200,7.3320,0.060600,0.006900,0.000100,0,10.6138,0,0,0,0,0,0,0,50,0,0,0,0,1,1,9,9,2,1,1,4,1,1,1,1,1,1,7,7,1,1,50,9,6,42,76,794,950,0,0,0,0,0,-100,-100,-100,-100,600,1440,107.7673,0,0,-0.000000,-1,0,0,0,1,0,13.7344,5,50,75.1289,13.7344,0,0,48.9844,0,100,0,0,0,0,0,0,0,0,0,0.4653,0.4653,1,0.4653,0.4653,59.4654,8.9635,20141,90,568,135,12258.2383,3604.0703,7254.2305,0,15865.4492,9.4437,2.1670,7.3554,9.4437,2.1681,2.8838,33.3333,5.6796,23.4731,0.000200,0.022800,0.000600,0.000600,0.001900,0.008000,0.000600,0.072100,0,0.020600,0.032400,0.041700,0.3516,0.1917,0.018400,0.005100,0.062100,0,0.045300,0.011200,0.1631,0,0.031200,0.1272,0.016100,0.091300,0.4272,0.6808,0.3500,0.057300,2.4852,0.095200,0.037900,0.038500,0.7170,0.093600,0.002100,0.002500,0.063700,0.2037,0.050200,0.000600,0.6586,922,385164,0,0,0,0,0,0.045900,0,0.001300,0.008300,0,0,0,0,0,0,0,0,0,0,0,0,0,0,0,0,0,0,0
,0.016000,0.2498,2,57,0,55,0,0,13,233,13,0,454,3,0,0,12,2,0,0,0,0,0.029700,0.009100,0.3418,0.004700,0.008900,0.001300,0.8990,0.1746,0.057600,0.1353,0.001200,0.039100,0,0,768,256,11229,3565.7148,15494.9102,239.1602,0.001900,5,0.000200,0.008800,0.001900,0.015800,0.1963,0,0,0.065500,0.2279,2.5142,0.064300,0.000200,0.001600,0.000200,0.000400,0.008300,0.008000,0.041100,0.005100,0.033600,0.6024,0.011700,0.006600,0.5518,0.031100,0.010100,0.028200,0.012100,0.018100,0.089800,0.008800,0.1019,0.002600,0.088200,0.008600,0.070900,0.6055,0.004500,2.3482,0.000300,0.2028,0.000900,0.000400,0.033800,0.3116,0.6301,0.026500,0.9275,0.1348,0.002500,0.011500,0.000800,0.046000,0,9.2677,8.7628,13.0955,634,16,0.2500,0,16,3.8438,1,0,0,629,1,0,115,102,13,0,-1,-1,0,-1,-1,13.9904,4.9185,0,1525.2227,1525.2227,1525.0977,95,873,561,322,0,0,0.001200,0,0,0.016400,0.080300,0.000600,0.011300,0.067700,0.041400,0.000800,0.001700,0.000300,0.001800,0.007300,0.001300,0.004100,0.023800,0.1372,0.057600,0.074300,0.1430,0.040200,0.2768,0.019100,0.2619,0.000400,0.001600,0.060400,0.007800,0.001100,0.000600,0.025300,0.005600,0.011200,0.001200,0.1288,0.013200,0.037100,0.2079,0.063400,0.000900,0.039800,0.002300,0.031800,0.023500,0.018300,8.7122,0.064000,0.005900,0.000100,0,9.4921,0,0,0,0,0,0,0,50,0,0,0,0,1,1,9,9,2,1,1,4,1,1,1,1,1,1,7,7,1,1,50,9,6,42,76,794,950,0,0,0,0,0,-100,-100,-100,-100,600,1440,107.7673,0,0,-0.000000,-1,0,0,0,1,0,13.7344,5,50,75.1289,13.7344,0,0,48.9844,0,100,0,0,0,0,0,0,0,0,0,0.6925,0.6925,1,0.6925,0.6925,8.8144,8.9635,20141,90,568,135,12255.3320,3604.0703,7254.2305,0,15862.3086,11.0498,2.3564,7.3051,11.0498,2.3564,2.9111,33.3333,5.7343,22.5481,0.000600,0.021000,0.000600,0.000600,0.001600,0.007200,0.000500,0.072100,0,0.020400,0.021000,0.026400,0.3472,0.1953,0.019400,0.005100,0.062500,0,0.047200,0.011300,0.1869,0,0.031500,0.1384,0.015500,0.088600,0.4343,0.7585,0.3222,0.061300,3.3526,0.096300,0.031700,0.038500,0.6895,0.085700,0.002200,0.002400,0.062000,0.1977,0.049100,0.000600,0.6080,920,384696,0,2515,1413,0,2.5045,0,0,0,0.008500,0,0,0,0,0,0,0,0,0,0,0,0,0,0,0,0,0,0,0
,0.021400,0.006800,2,56,0,54,0,0,13,233,13,0,454,3,0,0,12,2,0,0,0,0,0,0.007700,0.3518,0.008100,0.010500,0.001100,0.8991,0.1989,0.058900,0.1359,0,0.037700,0.003100,0,768,256,11229,3565.7148,15494.9102,239.1602,0,6,0.000100,0.009400,0.002200,0.014600,0.1726,0,0,0.060500,0.3141,2.6435,0.068600,0.000300,0.001300,0.000200,0.000300,0.007200,0.008200,0.044500,0.005300,0.033500,0.1223,0.011000,0.005800,1.4832,0.028500,0.008700,0.039300,0.011400,0.019000,0.097200,0.010500,0.079700,0.002000,0.077700,0.008400,0.071900,0.5961,0.004600,2.3015,0.000300,0.1847,0.000600,0.000300,0.029600,0.3053,0.6492,0.023800,0.9138,0.1892,0.002000,0.012500,0.000700,0.039600,0.4546,7.1733,8.7628,13.0955,634,16,0.2500,0,16,3.8438,1,0,0,629,1,0,115,102,13,0,-1,-1,0,-1,-1,13.9904,4.9185,0,1525.2227,1525.2227,1525.0977,95,875,561,322,0,0,0.001500,0,0,0.015900,0.095700,0.000700,0.011400,0.074500,0.043300,0.000800,0.001800,0.000200,0.001700,0.007100,0.001000,0.003900,0.022100,0.1443,0.060000,0.087500,0.1495,0.048800,0.2220,0.017600,1.1824,0.000300,0.001600,0.067600,0.009600,0.001700,0.000400,0.026700,0.006100,0.012700,0.002200,0.1515,0.017600,0.045800,0.2023,0.071700,0.001300,0.044800,0.001700,0.031400,0.022300,0.020300,6.5782,0.061800,0.007000,0.000100,0,11.0310,0,0,0,0,0,0,0,50,0,0,0,0,1,1,9,9,2,1,1,4,1,1,1,1,1,1,7,7,1,1,50,9,6,42,76,794,950,0,0,0,0,0,-100,-100,-100,-100,600,1440,107.7673,0,0,-0.000000,-1,0,0,0,1,0,13.7344,5,50,75.1289,13.7344,0,0,48.9844,0,100,0,0,0,0,0,0,0,0,0,1.5118,1.5118,1,1.5118,1.5118,18.6895,8.9635,20141,90,568,135,12261.6914,3604.0703,7254.2305,0,15859.4023,9.8642,3.2354,7.3051,9.8642,3.2354,3.0502,33.3333,5.5192,22.3907,0.000200,0.022100,0.000500,0.000700,0.001800,0.007100,0.000600,0.072100,0,0.019500,0.021200,0.033900,0.3607,0.1898,0.019500,0.006100,0.064300,0,0.042900,0.010600,0.1952,0.005100,0.031500,0.1356,0.016200,0.091600,0.4249,0.7444,0.3234,0.057300,2.4936,0.094200,0.031700,0.038900,0.6906,0.086200,0.002000,0.002500,0.060700,0.1987,0.049200,0.000700,0.6110,977,396164,0,0,0,0,0,0,0.009500,0,0.008600,0,0,0,0,0,0,0,0,0,0,0,0,0,0,0,0,0,0,0
,0.033400,0.006100,2,73,0,71,0,0,14,233,28,0,454,3,0,0,13,2,0,0,0,0,0.009100,0.006700,0.3419,0.007200,0.009200,0.001100,0.8912,0.1718,0.052200,0.1447,0.002700,0.023500,0.001300,0,768,256,11229,3565.7148,15494.9102,239.1602,0.010700,3,0.000100,0.008700,0.002300,0.014600,0.1807,0,0,0.068800,0.2462,2.5904,0.075500,0.000300,0.001500,0.000200,0.000300,0.007100,0.007800,0.052100,0.005800,0.035400,0.1112,0.012200,0.006700,1.5467,0.029300,0.008700,0.032500,0.012100,0.019300,0.085300,0.012400,0.072000,0.002200,0.080100,0.008200,0.070000,0.5953,0.004700,2.3613,0.000300,0.1880,0.000600,0.000300,0.029000,0.3180,0.6192,0.025300,0.9548,0.1740,0.001900,0.010600,0.000500,0.035700,0.071300,9.4963,8.7628,13.0955,634,16,0.2500,0,16,3.8438,1,0,0,629,1,0,115,102,13,0,-1,-1,0,-1,-1,13.9904,4.9185,0,1525.2227,1525.2227,1525.0977,95,873,561,322,0,0,0.000800,0,0,0.016200,0.078800,0.000400,0.012300,0.071200,0.042600,0.000800,0.001700,0.000200,0.001700,0.006500,0.001000,0.004000,0.022100,0.1412,0.057500,0.080800,0.1544,0.048100,0.1586,0.022500,0.1868,0.000300,0.001500,0.064900,0.008700,0.001400,0.000400,0.025600,0.006000,0.011500,0.001200,0.1322,0.014900,0.037600,0.1854,0.066200,0.001200,0.045100,0.002400,0.017500,0.021200,0.017400,8.8716,0.064700,0.007600,0.000200,0,9.7512,0,0,0,0,0,0,0,50,0,0,0,0,1,1,9,9,2,1,1,4,1,1,1,1,1,1,7,7,1,1,50,9,6,42,76,794,950,0,0,0,0,0,-100,-100,-100,-100,600,1440,107.7673,0,0,-0.000000,-1,0,0,0,1,0,13.7344,5,50,75.1289,13.7344,0,0,48.9844,0,100,0,0,0,0,0,0,0,0,0,0.4229,0.4229,1,0.4229,0.4229,29.5981,8.9635,20141,90,568,135,12261.4414,3604.0703,7254.2305,0,15865.7617,10.8984,2.1019,7.3472,10.8984,2.1019,2.8275,33.3333,5.4509,22.8166,0.000200,0.021700,0.000500,0.000600,0.001500,0.010200,0.000600,0.074400,0,0.018400,0.021000,0.031100,0.7701,0.2963,0.019400,0.006200,0.4926,0,0.046600,0.016700,0.2119,0.006100,0.038000,0.1867,0.026300,0.1073,0.4162,0.6950,0.3903,0.057400,2.0614,0.093200,0.031700,0.039000,0.6919,0.089600,0.002000,0.002400,0.061600,0.1978,0.050200,0.000700,0.6443,977,400788,0,0,0,0,0,0,0,0,0.008400,0,0,0,0,0,0,0,0,0,0,0,0,0,0,0,0,0,0,0
,0.018800,0.006900,2,64,0,62,0,0,13,233,39,0,454,3,0,0,12,2,0,0,0,0,0.010000,0.011100,0.3368,0.005900,0.009500,0.000700,0.8878,0.2047,0.048500,0.1279,0.001000,0.045200,0.001500,0,768,256,11229,3565.7148,15494.9102,239.1602,0,4,0.000100,0.009100,0.002300,0.013800,0.1898,0,0,0.062000,0.2662,2.6232,0.1200,0.000300,0.001300,0.000200,0.000300,0.008000,0.007300,0.049000,0.005300,0.033700,0.1387,0.010900,0.006000,1.3727,0.028600,0.008900,0.030400,0.012100,0.020500,0.081200,0.010600,0.078500,0.002300,0.082100,0.007600,0.067300,0.6270,0.005700,2.4191,0.000400,0.2147,0.000500,0.000300,0.032700,0.3120,0.6546,0.026400,0.9776,0.1733,0.002100,0.009700,0.000500,0.037600,0.1674,9.0437,8.7628,13.0955,634,16,0.2500,0,16,3.8438,1,0,0,629,1,0,115,102,13,0,-1,-1,0,-1,-1,13.9904,4.9185,0,1525.2227,1525.2227,1525.0977,95,875,561,322,0,0,0.001100,0,0,0.016800,0.082900,0.000500,0.012600,0.074200,0.046500,0.000800,0.001900,0.000300,0.001700,0.006800,0.001000,0.004300,0.022800,0.1495,0.057400,0.085600,0.1672,0.041400,0.1961,0.017500,0.060700,0.000200,0.006500,0.064300,0.009000,0.001200,0.000500,0.025000,0.006500,0.011900,0.001300,0.1447,0.016800,0.044700,0.1990,0.069800,0.001100,0.022300,0.003100,0.030900,0.021400,0.016300,8.5092,0.058600,0.007400,0.000200,0,11.0039,0,0,0,0,0,0,0,50,0,0,0,0,1,1,9,9,2,1,1,4,1,1,1,1,1,1,7,7,1,1,50,9,6,42,76,794,950,0,0,0,0,0,-100,-100,-100,-100,600,1440,107.7673,0,0,-0.000000,-1,0,0,0,1,0,13.7344,5,50,75.1289,13.7344,0,0,48.9844,0,100,0,0,0,0,0,0,0,0,0,0.4108,0.4108,1,0.4108,0.4108,40.1880,8.9635,20141,90,568,135,12261.2422,3604.0703,7254.2305,0,15865.5117,10.6233,2.0688,8.0128,10.6233,2.0688,2.9163,33.3333,5.4196,23.4710,0.000300,0.021200,0.000700,0.000600,0.001700,0.007900,0.001600,0.071700,0,0.017500,0.027500,0.037400,0.3485,0.2100,0.019400,0.006200,0.066600,0,0.046400,0.014700,0.1947,0.006100,0.032200,0.1383,0.016100,0.1005,0.4336,0.6922,0.3135,0.055400,2.3000,0.095200,0.031800,0.039600,1.4567,0.083100,0.001900,0.002500,0.062400,0.2089,0.050200,0.000600,0.7030,927,386360,0,0,0,0,0,0,0,0,0.008400,0,0,0,0,0,0,0,0,0,0,0,0,0,0,0,0,0,0,0
,0.090200,0.009500,2,57,0,55,0,0,13,233,13,0,454,3,0,0,12,2,0,0,0,0,0.007700,0,0.3493,0.005500,0.009300,0.001300,0.8647,0.1901,0.052000,0.1260,0.001500,0.030600,0,0,768,256,11229,3565.7148,15494.9102,239.1602,0.002400,5,0.000500,0.019700,0.002200,0.016100,0.1832,0,0,0.072900,0.3365,2.7749,0.068700,0.000300,0.001200,0.000300,0.000300,0.006700,0.007400,0.048200,0.006000,0.033100,0.1316,0.011200,0.006600,1.1757,0.025800,0.008700,0.029400,0.012000,0.018600,0.081500,0.008800,0.075300,0.001900,0.078000,0.007700,0.069500,0.6018,0.007500,2.3384,0.000300,0.1902,0.001000,0.000300,0.027800,0.2928,1.8979,0.023900,0.8933,0.1540,0.002200,0.016800,0.000400,0.038300,0.3108,9.4259,8.7628,13.0955,634,16,0.2500,0,16,3.8438,1,0,0,629,1,0,115,102,13,0,-1,-1,0,-1,-1,13.9904,4.9185,0,1525.2227,1525.2227,1525.0977,95,875,561,322,0,0,0.002700,0,0,0.016100,0.079600,0.000800,0.013100,0.068000,0.039200,0.000800,0.001900,0.000300,0.001600,0.006500,0.001000,0.004000,0.025600,0.1366,0.056600,0.075300,0.1561,0.044100,0.2261,0.020300,0.020700,0.000200,0.001400,0.062900,0.008300,0.001700,0.000400,0.024900,0.006500,0.011300,0.001000,0.1458,0.014500,0.038800,0.2043,0.073200,0.001100,0.031500,0.002200,0.033100,0.022600,0.017000,8.7838,0.059400,0.007100,0.000100,0,10.5085,0,0,0,0,0,0,0,50,0,0,0,0,1,1,9,9,2,1,1,4,1,1,1,1,1,1,7,7,1,1,50,9,6,42,76,794,950,0,0,0,0,0,-100,-100,-100,-100,600,1440,107.7673,0,0,-0.000000,-1,0,0,0,1,0,13.7344,5,50,75.1289,13.7344,0,0,48.9844,0,100,0,0,0,0,0,0,0,0,0,0.4088,0.4088,1,0.4088,0.4088,50.9348,8.9635,20141,90,568,135,12261.2148,3604.0703,7254.2305,0,15865.3125,10.7368,1.9427,7.3980,10.7368,1.9427,2.9627,33.3333,5.3861,22.4912,0.000300,0.021000,0.000500,0.000700,0.001800,0.008300,0.001600,0.072000,0,0.018400,0.027900,0.038100,0.3542,0.1809,0.018500,0.006100,0.067100,0,0.044900,0.013300,0.1940,0.006200,0.032600,0.1362,0.014200,0.088900,0.4260,0.7069,0.3298,0.063600,2.2126,0.2007,0.053200,0.039800,0.6848,0.1040,0.001900,0.002400,0.063900,0.1967,0.050200,0.000600,0.5983,953,392068,0.054500,0,0,0,0,0,0,0,0.008700,0,0,0,0,0,0,0,0,0,0,0,0,0,0,0,0,0,0,0
,0.013900,0.016900,2,60,0,58,0,0,13,233,28,0,454,3,0,0,12,2,0,0,0,0,0.009000,0.004200,0.4126,0.004900,0.008000,0.001300,1.0807,0.1980,0.055100,0.1299,0,0.027500,0,0,768,256,11229,3565.7148,15494.9102,239.1602,0,2,0.000200,0.008400,0.002000,0.012800,0.2004,0,0,0.072400,0.2324,2.5297,0.5354,0.000200,0.001400,0.000200,0.000500,0.008800,0.008500,0.047500,0.005700,0.037600,0.097600,0.012400,0.006300,0,0.024300,0.008300,0.035900,0.012200,0.019000,0.088600,0.011700,0.074400,0.002500,0.075200,0.007900,0.069400,0.5927,0.004700,2.2892,0.000300,0.1860,0.000600,0.000400,0.027900,0.3452,1.0643,0.022400,0.9327,0.4925,0.001600,0.009500,0.000400,0.032100,0,10.2168,8.7628,13.0955,634,16,0.2500,0,16,3.8438,1,0,0,629,1,0,115,102,13,0,-1,-1,0,-1,-1,13.9904,4.9185,0,1525.2227,1525.2227,1441.5039,95,874,561,321,0,0,0.001100,0,0,0.015400,0.084100,0.000600,0.013200,0.068500,0.040400,0.000900,0.001500,0.000200,0.001600,0.006200,0.001100,0.003800,0.022200,0.1454,0.057100,0.077300,0.1427,0.041800,0.3735,0.019700,0,0.000200,0.001500,0.062600,0.008900,0.001200,0.000500,0.027900,0.005900,0.012000,0.001100,0.1420,0.015200,0.042400,0.2077,0.068700,0.001200,0.047000,0.002600,0.017300,0.023100,0.019600,9.6666,0.072900,0.007000,0.000100,0,10.8669,0,0,0,0,0,0,0,50,0,0,0,0,1,1,9,9,2,1,1,4,1,1,1,1,1,1,7,7,1,1,50,9,6,42,76,794,950,0,0,0,0,0,-100,-100,-100,-100,600,1440,107.7673,0,0,-0.000000,-1,0,0,0,1,0,13.7344,5,50,75.1289,13.7344,0,0,48.9844,0,100,0,0,0,0,0,0,0,0,0,0.5316,0.5316,1,0.5316,0.5316,62.8376,8.9635,20141,90,568,135,12261.2148,3604.0703,7254.2305,0,15865.2852,11.8266,2.2079,7.1350,11.8266,2.2088,3.6957,33.3333,5.5571,23.4343,0.000300,0.017900,0.000700,0.000600,0.001800,0.007100,0.000600,0.072300,0.001000,0.024500,0.028200,0.037400,0.3373,0.1973,0.019500,0.006100,0.066400,0,0.046500,0.012600,0.1922,0.005200,0.032400,0.1380,0.015900,0.091800,0.4269,0.7187,0.3021,0.057300,2.5346,0.095300,0.031700,0.039700,0.6921,0.087900,0.001900,0.002700,0.059500,0.1975,0.049200,0.000600,0.5902,963,395152,0,0,0,0,0,0,0,0.001100,0.008000,0,0,0,0,0,0,0,0,0,0,0,0,0,0,0,0,0,0,0
,0.026500,0.004900,2,64,0,62,0,0,13,233,30,0,454,3,0,0,12,2,0,0,0,0,0.017400,0,0.3660,0.005200,0.008700,0.001000,0.8448,0.1869,0.052800,0.1251,0.003400,0.038700,0.003200,0,768,256,11229,3565.7148,15494.9102,239.1602,0.002800,0,0.000200,0.008700,0.002300,0.012300,0.1836,0,0,0.060600,0.2316,2.4543,0.055400,0.000200,0.001000,0.000200,0.000300,0.005600,0.006500,0.041900,0.005000,0.029800,0.1146,0.011200,0.005700,0.8490,0.027300,0.008900,0.026800,0.011000,0.018400,0.074700,0.009600,0.073700,0.002300,0.1083,0.007800,0.065900,0.7300,0.005200,2.3353,0.000300,0.1948,0.000600,0.000300,0.030700,0.3148,1.9246,0.026600,0.9704,0.1497,0.002600,0.012400,0.000400,0.039100,0,8.1797,8.7628,13.0955,634,16,0.2500,0,16,3.8438,1,0,0,629,1,0,115,102,13,0,-1,-1,0,-1,-1,13.9904,4.9185,0,1525.2227,1525.2227,1441.6289,95,874,561,321,0,0,0.001600,0,0,0.015600,0.093800,0.000800,0.013100,0.073900,0.042600,0.001200,0.002000,0.000200,0.001900,0.007200,0.000900,0.004200,0.023600,0.1265,0.059100,0.085500,0.1695,0.041100,0.5903,0.016500,0,0.000300,0.001800,0.070100,0.009600,0.001400,0.000600,0.027500,0.007300,0.012700,0.001100,0.1415,0.017400,0.042400,0.2048,0.070400,0.001000,0.044300,0.002100,0.032900,0.022400,0.020700,7.6268,0.054600,0.006100,0.000200,0,11.7555,0,0,0,0,0,0,0,50,0,0,0,0,1,1,9,9,2,1,1,4,1,1,1,1,1,1,7,7,1,1,50,9,6,42,76,794,950,0,0,0,0,0,-100,-100,-100,-100,600,1440,107.7673,0,0,-0.000000,-1,0,0,0,1,0,13.7344,5,50,75.1289,13.7344,0,0,48.9844,0,100,0,0,0,0,0,0,0,0,0,0.4302,0.4302,1,0.4302,0.4302,10.4118,8.9635,20141,90,568,135,12261.2148,3604.0703,7254.2305,0,15865.2852,10.0016,2.3328,8.2367,10.0016,2.3328,2.8234,33.3333,5.6009,23.8040,0.000200,0.020400,0.000600,0.000700,0.001400,0.007400,0.000600,0.072500,0,0.019400,0.028800,0.038700,0.3558,0.2788,0.019400,0.005100,0.062700,0,0.041800,0.023500,0.1870,0.005100,0.031800,0.1348,0.015800,0.090600,0.4392,0.6459,0.3887,0.054400,2.0778,0.093200,0.031700,0.048900,0.7101,0.091600,0.002300,0.002300,0.060500,0.2016,0.049100,0.000700,1.0422,934,387580,0,2136,1202,0,2.4360,0,0,0,0.008000,0,0,0,0,0,0,0,0,0,0,0,0,0,0,0,0,0,0,0
,0.026600,0.006100,2,57,0,55,0,0,13,233,15,0,454,3,0,0,12,2,0,0,0,0,0.009600,0.008700,0.3395,0.005300,0.009000,0.001000,0.9712,0.2011,0.057100,0.1567,0.001200,0.031000,0,0,768,256,11229,3565.7148,15494.9102,239.1602,0.001400,5,0.000300,0.008500,0.002200,0.021400,0.1794,0,0,0.065700,0.2529,2.5244,0.060900,0.000200,0.001200,0.000200,0.000200,0.006300,0.007900,0.038100,0.005300,0.032100,0.099000,0.010800,0.005700,0.7931,0.026000,0.008100,0.034900,0.012400,0.019300,0.087300,0.009000,0.073700,0.002100,0.1122,0.008800,0.070700,0.5893,0.004600,2.3218,0.000200,0.1861,0.000600,0.000400,0.036300,0.2985,0.6154,0.023700,0.8654,0.4865,0.001700,0.009300,0.000400,0.079000,0,8.6885,8.7628,13.0955,634,16,0.2500,0,16,3.8438,1,0,0,629,1,0,115,102,13,0,-1,-1,0,-1,-1,13.9904,4.9185,0,1525.2227,1525.2227,1441.5039,95,874,561,321,0,0,0.001100,0,0,0.015000,0.079700,0.000700,0.011200,0.069700,0.038100,0.000800,0.001300,0.000200,0.001500,0.005600,0.000700,0.003800,0.022200,0.1434,0.057600,0.078400,0.1519,0.041300,0.9104,0.019000,0.1821,0.000300,0.001500,0.064700,0.008800,0.001800,0.000500,0.026300,0.006700,0.013200,0.001500,0.1373,0.014400,0.042100,0.2006,0.067800,0.001300,0.044700,0.002300,0.031700,0.022100,0.021800,8.1241,0.059200,0.006800,0,0,10.0378,0,0,0,0,0,0,0,50,0,0,0,0,1,1,9,9,2,1,1,4,1,1,1,1,1,1,7,7,1,1,50,9,6,42,76,794,950,0,0,0,0,0,-100,-100,-100,-100,600,1440,107.7673,0,0,-0.000000,-1,0,0,0,1,0,13.7344,5,50,75.1289,13.7344,0,0,48.9844,0,100,0,0,0,0,0,0,0,0,0,1.2477,1.2477,1,1.2477,1.2477,21.4019,8.9635,20141,90,568,135,12261.6133,3604.0703,7254.2305,0,15865.2852,10.9960,2.8789,7.7737,10.9960,2.8789,2.8645,33.3333,5.4773,23.1875,0.000200,0.021400,0.000600,0.000600,0.001700,0.007400,0.000600,0.072600,0,0.020500,0.027300,0.039100,0.3448,0.1904,0.019500,0.005100,0.062000,0,0.047100,0.021700,0.1872,0.005100,0.032000,0.1314,0.015000,0.086900,0.4306,0.7527,0.3403,0.056300,2.4823,0.095200,0.036900,0.038400,0.6850,0.086700,0.001800,0.002700,0.063400,0.1986,0.050200,0.000500,0.5992,944,390406,0,0,0,0,0,0,0,0,0.008100,0,0,0,0,0,0,0,0,0,0,0,0,0,0,0,0,0,0,0
,0.014000,0.024800,2,59,0,57,0,0,13,233,24,0,454,3,0,0,12,2,0,0,0,0,0.010700,0.008200,0.3222,0.005500,0.008900,0.001000,0.8408,0.1725,0.045600,0.1136,0.000900,0.044900,0,0,768,256,11229,3565.7148,15494.9102,239.1602,0.001700,2,0.000100,0.007600,0.001400,0.017400,0.1690,0,0,0.056000,0.2055,2.6429,0.066400,0.000300,0.001200,0.000200,0.000200,0.006000,0.007000,0.041000,0.005200,0.029100,0.1168,0.010700,0.006700,1.3788,0.027600,0.008600,0.034200,0.011800,0.019200,0.1061,0.016200,0.1508,0.002300,0.1194,0.008300,0.073200,0.5970,0.004900,2.3437,0.000300,0.1882,0.000600,0.000300,0.028300,0.3026,0.6197,0.024200,0.9134,0.1379,0.001700,0.009800,0.000400,0.034100,0,7.9637,8.7628,13.0955,634,16,0.2500,0,16,3.8438,1,0,0,629,1,0,115,102,13,0,-1,-1,0,-1,-1,13.9904,4.9185,0,1525.2227,1525.2227,1525.0977,95,875,561,321,0,0,0.000900,0,0,0.016100,0.080200,0.000800,0.011800,0.079100,0.042000,0.001000,0.001500,0.000100,0.001700,0.006200,0.001100,0.004300,0.024700,0.1232,0.057200,0.076800,0.1590,0.038000,0.6066,0.015600,0,0.000300,0.001700,0.066800,0.009600,0.001300,0.000600,0.029900,0.006700,0.012300,0.001200,0.1386,0.015100,0.043200,0.1875,0.064000,0.001400,0.043000,0.002200,0.017200,0.022300,0.021400,7.3961,0.059000,0.005900,0.000100,0,11.0425,0,0,0,0,0,0,0,50,0,0,0,0,1,1,9,9,2,1,1,4,1,1,1,1,1,1,7,7,1,1,50,9,6,42,76,794,950,0,0,0,0,0,-100,-100,-100,-100,600,1440,107.7673,0,0,-0.000000,-1,0,0,0,1,0,13.7344,5,50,75.1289,13.7344,0,0,48.9844,0,100,0,0,0,0,0,0,0,0,0,0.4276,0.4276,1,0.4276,0.4276,31.2259,8.9635,20141,90,568,135,12261.6875,3604.0703,7254.2305,0,15865.6836,9.8420,2.4373,7.3815,9.8420,2.4373,2.8094,33.3333,5.5544,24.5719,0.000200,0.022600,0.000500,0.000600,0.001600,0.007900,0.000500,0.072400,0,0.016300,0.032000,0.040100,0.3475,0.3153,0.019500,0.006100,0.061900,0,0.046300,0.023600,0.1959,0.005100,0.031200,0.1372,0.015700,0.095400,0.4177,0.6882,0.7422,0.057300,2.7159,0.095300,0.030700,0.039900,0.6843,0.089900,0.002100,0.002300,0.063800,0.1977,0.049100,0.000600,0.6054,1011,403774,0,0,0,0,0,0,0,0,0.007300,0,0,0,0,0,0,0,0,0,0,0,0,0,0,0,0,0,0,0
,0.024200,0.005800,2,80,0,78,0,0,14,233,46,0,454,3,0,0,13,2,0,0,0,0,0.008400,0.010800,0.3260,0.005200,0.007300,0.001100,0.8228,0.1795,0.052200,0.1251,0.001500,0.024500,0,1,768,256,11229,3565.7148,15494.9102,239.1602,0.001100,4,0.000200,0.008000,0.001600,0.018500,0.2164,0,0,0.051700,0.3204,2.5056,0.061800,0.000300,0.001500,0.000200,0.000300,0.006100,0.006200,0.039000,0.005100,0.031500,0.096100,0.011800,0.005800,1.5661,0.029400,0.008200,0.028700,0.011000,0.018900,0.076500,0.009800,0.085100,0.002000,0.1001,0.007700,0.065200,0.6008,0.005200,2.3011,0.000200,0.1805,0.000500,0.000300,0.028900,0.3642,0.8479,0.024800,0.9516,0.1872,0.002200,0.013700,0.000400,0.035500,0.072300,8.8814,8.7628,13.0955,634,16,0.2500,0,16,3.8438,1,0,0,629,1,0,115,102,13,0,-1,-1,0,-1,-1,13.9904,4.9185,0,1525.2227,1525.2227,1441.5039,95,871,551,321,0,0,0.001000,0,0,0.014100,0.088700,0.000800,0.011300,0.067300,0.034900,0.000900,0.001900,0.000300,0.001700,0.006400,0.001100,0.003600,0.022700,0.1333,0.057000,0.076900,0.1470,0.044100,0.2884,0.019900,0,0.000200,0.001600,0.062400,0.008700,0.001600,0.000500,0.024700,0.006300,0.011600,0.001300,0.1317,0.013800,0.038400,0.1995,0.067600,0.001100,0.042000,0.003200,0.032000,0.022600,0.016200,8.2902,0.054500,0.006900,0.000100,0,9.8119,0,0,0,0,0,0,0,50,0,0,0,0,1,1,9,9,2,1,1,4,1,1,1,1,1,1,7,7,1,1,50,9,6,42,76,794,950,0,0,0,0,0,-100,-100,-100,-100,600,1440,107.7673,0,0,-0.000000,-1,0,0,0,1,0,13.7344,5,50,75.1289,13.7344,0,0,48.9844,0,100,0,0,0,0,0,0,0,0,0,0.4064,0.4064,1,0.4064,0.4064,41.5722,8.9635,20141,90,568,135,12261.6719,3604.0703,7254.2305,0,15865.7578,10.3317,2.0679,8.3180,10.3317,2.0679,2.8957,33.3333,5.1677,25.0897,0.000300,0.021600,0.000600,0.000700,0.001700,0.007900,0.000600,0.073300,0.001100,0.021600,0.019700,0.027000,0.3437,0.1896,0.019500,0.006100,0.064200,0,0.044100,0.021200,0.2011,0.005100,0.032400,0.1362,0.015600,0.090300,0.4279,0.7106,0.3524,0.057300,2.5005,0.095300,0.030700,0.039000,0.6928,0.087600,0.001900,0.002400,0.062100,0.1966,0.050200,0.000600,0.6055,934,386470,0,0,0,0,0,0,0.007100,0,0.009300,0,0,0,0,0,0,0,0,0,0,0,0,0,0,0,0,0,0,0
,0.009500,0.015400,2,56,0,54,0,0,13,233,15,0,454,3,0,0,12,2,0,0,0,0,0.008600,0.013000,0.5262,0.006800,0.014300,0.001200,0.8528,0.1744,0.052200,0.1241,0.014300,0.037700,0.001800,1,768,256,11229,3565.7148,15494.9102,239.1602,0.002100,4,0.000200,0.008400,0.001700,0.017800,0.1744,0,0,0.1210,0.2492,2.4159,0.060900,0.000300,0.001300,0.000200,0.000200,0.006800,0.006200,0.040500,0.004700,0.031300,0.1008,0.011500,0.006100,1.4120,0.028000,0.008500,0.040500,0.011500,0.018600,0.072000,0.007300,0.068400,0.001900,0.1084,0.008300,0.067700,0.5851,0.004500,2.3066,0.000200,0.1742,0.000600,0.000400,0.027200,0.2942,0.9936,0.022100,0.8739,0.1770,0.001900,0.012000,0.000500,0.035500,0,9.0987,8.7628,13.0955,634,16,0.2500,0,16,3.8438,1,0,0,629,1,0,115,102,13,0,-1,-1,0,-1,-1,13.9904,4.9185,0,1525.2227,1525.2227,1443.3164,95,874,561,321,0,0,0.000900,0,0,0.013900,0.091300,0.000600,0.011100,0.073100,0.041200,0.000800,0.001500,0.000300,0.001600,0.006100,0.000800,0.003800,0.020400,0.1475,0.052600,0.082900,0.1595,0.038500,0.1901,0.023500,0.1219,0.000200,0.002000,0.069100,0.008700,0.001600,0.000500,0.029300,0.006700,0.012100,0.001100,0.1384,0.014600,0.043700,0.2100,0.066500,0.001300,0.022300,0.003800,0.034100,0.022100,0.017200,8.5307,0.059200,0.005800,0.000200,0,10.3869,0,0,0,0,0,0,0,50,0,0,0,0,1,1,9,9,2,1,1,4,1,1,1,1,1,1,7,7,1,1,50,9,6,42,76,794,950,0,0,0,0,0,-100,-100,-100,-100,600,1440,107.7673,0,0,-0.000000,-1,0,0,0,1,0,13.7344,5,50,75.1289,13.7344,0,0,48.9844,0,100,0,0,0,0,0,0,0,0,0,0.4756,0.4756,1,0.4756,0.4756,52.3021,8.9635,20141,90,568,135,12261.6719,3604.0703,7254.2305,0,15865.7422,10.7155,2.1753,7.3268,10.7155,2.1753,2.5982,33.3333,5.6769,24.7071,0.000200,0.023000,0.000600,0.000600,0.001600,0.007400,0.000600,0.072300,0,0.019500,0.029200,0.040400,0.3555,0.1920,0.019500,0.006100,0.067700,0,0.044900,0.009200,0.1799,0,0.032300,0.1359,0.015200,0.088900,0.4289,0.7487,0.3442,0.056100,2.4829,0.095200,0.030800,0.038200,0.6941,0.095300,0.002000,0.002400,0.061700,0.1936,0.050200,0.000700,0.6450,963,394286,0,0,0,0,0,0,0,0,0.008300,0,0,0,0,0,0,0,0,0,0,0,0,0,0,0,0,0,0,0
,0.012500,0.4375,2,69,0,67,0,0,14,233,25,0,454,3,0,0,13,2,0,0,0,0,0.013800,0.004800,0.3086,0.006400,0.007300,0.001100,0.9272,0.1797,0.047600,0.1406,0.001000,0.027200,0,0,768,256,11229,3565.7148,15494.9102,239.1602,0.011000,5,0,0.008300,0.001800,0.017500,0.1771,0,0,0.065000,0.2016,2.5528,0.066000,0.000200,0.001100,0.000200,0.000400,0.006300,0.006500,0.038600,0.006000,0.029900,0.1446,0.010500,0.006200,1.0942,0.028300,0.008700,0.034300,0.011500,0.019400,0.072500,0.073500,0.075100,0.005500,0.1093,0.008100,0.069400,0.6132,0.004800,2.3922,0.000200,0.1890,0.000700,0.000400,0.030500,0.3043,0.6411,0.024800,0.9219,0.1672,0.001600,0.009300,0.000400,0.036100,0,8.7966,8.7628,13.0955,634,16,0.2500,0,16,3.8438,1,0,0,629,1,0,115,102,13,0,-1,-1,0,-1,-1,13.9904,4.9185,0,1525.2227,1525.2227,1525.0977,95,876,561,321,0,0,0.000800,0,0,0.014900,0.075100,0.000500,0.010800,0.067900,0.039600,0.000900,0.001700,0.000300,0.001300,0.006100,0.000900,0.004000,0.023600,0.1428,0.059400,0.079300,0.1501,0.036800,0.2518,0.019100,0.015000,0.000200,0.001800,0.063100,0.008100,0.001400,0.000700,0.024400,0.006200,0.012600,0.001100,0.1330,0.014600,0.039800,0.1900,0.067400,0.001200,0.031100,0.002200,0.017200,0.022700,0.016900,8.2437,0.054000,0.005500,0.000100,0,10.7127,0,0,0,0,0,0,0,50,0,0,0,0,1,1,9,9,2,1,1,4,1,1,1,1,1,1,7,7,1,1,50,9,6,42,76,794,950,0,0,0,0,0,-100,-100,-100,-100,600,1440,107.7673,0,0,-0.000000,-1,0,0,0,1,0,13.7344,5,50,75.1289,13.7344,0,0,48.9844,0,100,0,0,0,0,0,0,0,0,0,0.4177,0.4177,1,0.4177,0.4177,62.5936,8.9635,20141,90,568,135,12261.6719,3604.0703,7254.2305,0,15865.7422,10.3167,2.0878,7.3628,10.3167,2.0878,2.8303,33.3333,5.5724,24.8387,0.000600,0.021100,0.000500,0.000600,0.001600,0.008600,0.000600,0.073000,0.001000,0.017400,0.028600,0.040800,0.3380,0.1963,0.019500,0.005100,0.062400,0,0.045900,0.008300,0.1875,0.005100,0.032900,0.1403,0.015900,0.089000,1.2237,0.7635,0.3068,0.059300,2.4411,0.094200,0.031800,0.039100,0.6956,0.064700,0.001900,0.002600,0.061400,0.1997,0.049100,0.000600,0.6048,930,385978,0.2553,0,0,0,0,0,0.001900,0,0.008000,0,0,0,0,0,0,0,0,0,0,0,0,0,0,0,0,0,0,0
,0.014400,0.014100,2,56,0,54,0,0,13,233,16,0,454,3,0,0,12,2,0,0,0,0,0,0.006900,0.3281,0.005400,0.008800,0.001100,0.8413,0.1906,0.052800,0.1216,0.001400,0.023900,0,1,768,256,11229,3565.7148,15494.9102,239.1602,0.001900,4,0,0.008000,0.001900,0.018100,0.1777,0,0,0.061200,0.2746,2.6266,0.066100,0.000200,0.001400,0.000200,0.000300,0.008400,0.006300,0.056900,0.005600,0.032200,0.1108,0.012500,0.007200,1.4857,0.041500,0.008700,0.053100,0.011300,0.030400,0.082600,0.009400,0.073700,0.002300,0.082600,0.008300,0.070700,0.5983,0.005600,2.3344,0.000200,0.1826,0.000600,0.000400,0.028100,0.3139,0.6150,0.025100,0.9301,0.1602,0.002000,0.010100,0.000400,0.035500,0.043100,8.0895,8.7628,13.0955,634,16,0.2500,0,16,3.8438,1,0,0,629,1,0,115,102,13,0,-1,-1,0,-1,-1,13.9904,4.9185,0,1525.2227,1525.2227,1525.0977,95,879,561,321,0,0,0.000900,0,0,0.014300,0.090300,0.000600,0.011400,0.072300,0.041600,0.000800,0.001400,0.000100,0.001300,0.005800,0.001000,0.003400,0.020800,0.1293,0.057500,0.076800,0.1579,0.048200,0.7643,0.016000,0,0.000400,0.006000,0.066400,0.009000,0.001300,0.000600,0.039300,0.006200,0.012800,0.001200,0.1445,0.014200,0.042400,0.2083,0.068000,0.001100,0.047100,0.002300,0.032000,0.022500,0.024000,7.4454,0.059300,0.006100,0.000400,0,10.2625,0,0,0,0,0,0,0,50,0,0,0,0,1,1,9,9,2,1,1,4,1,1,1,1,1,1,7,7,1,1,50,9,6,42,76,794,950,0,0,0,0,0,-100,-100,-100,-100,600,1440,107.7673,0,0,-0.000000,-1,0,0,0,1,0,13.7344,5,50,75.1289,13.7344,0,0,48.9844,0,100,0,0,0,0,0,0,0,0,0,0.4472,0.4472,1,0.4472,0.4472,10.5981,8.9635,20141,90,568,135,12261.0625,3604.0703,7254.2305,0,15865.7422,10.0639,2.5519,8.1711,10.0639,2.5589,2.6682,33.3333,5.5135,24.2946,0.000200,0.021000,0.000800,0.000700,0.001700,0.007900,0.001600,0.073300,0,0.031800,0.028000,0.041400,0.3535,0.1850,0.019400,0.006200,0.066900,0,0.047400,0.008800,0.2020,0.005100,0.032200,0.1350,0.015300,0.090500,0.4275,0.7501,0.2999,0.057300,2.3747,0.094200,0.031800,0.040300,0.6892,0.087700,0.001900,0.002400,0.059200,0.1957,0.049100,0.000700,0.6210,991,397914,0,2343,1322,0,1.3531,0,0,0.007400,0.007200,0,0,0,0,0,0,0,0,0,0,0,0,0,0,0,0,0,0,0
,0.024800,0.006100,2,73,0,71,0,0,14,233,30,0,454,3,0,0,13,2,0,0,0,0,0.021200,0.009500,0.3166,0.005800,0.009000,0.001000,0.8494,0.2123,0.056600,0.1261,0.001300,0.024500,0,1,768,256,11229,3565.7148,15494.9102,239.1602,0.001300,5,0.000400,0.009400,0.002000,0.019200,0.2134,0,0,0.053700,0.3191,2.5820,0.072500,0.000300,0.001100,0.000300,0.000300,0.006200,0.006700,0.051000,0.007000,0.035500,0.1356,0.011400,0.006200,1.2396,0.026700,0.007700,0.031700,0.012600,0.019700,0.088100,0.010100,0.076500,0.002600,0.081900,0.009300,0.069600,0.5964,0.004100,2.3086,0.000400,0.1756,0.000500,0.000300,0.027900,0.3707,0.5958,0.024800,0.9226,0.4331,0.002100,0.025600,0.000500,0.037600,0.1179,8.9864,8.7628,13.0955,634,16,0.2500,0,16,3.8438,1,0,0,629,1,0,115,102,13,0,-1,-1,0,-1,-1,13.9904,4.9185,0,1525.2227,1525.2227,1525.0977,95,873,561,322,0,0,0.001800,0,0,0.018200,0.079300,0.000700,0.013200,0.070800,0.042600,0.000700,0.001500,0.000200,0.001700,0.006000,0.000900,0.003700,0.035800,0.1494,0.054400,0.072200,0.1575,0.049200,0.1999,0.031500,0.070100,0.000300,0.001600,0.062100,0.008100,0.001200,0.000500,0.038900,0.005900,0.012000,0.014000,0.1540,0.014200,0.041000,0.2049,0.068200,0.001200,0.039800,0.002300,0.031600,0.022000,0.016300,8.3482,0.057500,0.006500,0.000200,0,10.0342,0,0,0,0,0,0,0,50,0,0,0,0,1,1,9,9,2,1,1,4,1,1,1,1,1,1,7,7,1,1,50,9,6,42,76,794,950,0,0,0,0,0,-100,-100,-100,-100,600,1440,107.7673,0,0,-0.000000,-1,0,0,0,1,0,13.7344,5,50,75.1289,13.7344,0,0,48.9844,0,100,0,0,0,0,0,0,0,0,0,0.4573,0.4573,1,0.4573,0.4573,21.0681,8.9635,20141,90,568,135,12260.2734,3604.0703,7254.2305,0,15865.1328,10.4742,2.1257,7.4566,10.4742,2.1257,2.9627,33.3333,5.6221,23.6790,0.000200,0.019500,0.000500,0.000600,0.001700,0.007800,0.000600,0.073300,0,0.019500,0.029400,0.039800,0.3448,0.3118,0.020500,0.007100,0.061100,0,0.048200,0.018600,0.1944,0.006200,0.032000,1.0876,0.018400,0.1075,0.4307,0.6991,0.3888,0.056300,2.0656,0.094200,0.030800,0.039400,0.6921,0.086800,0.001800,0.002600,0.062600,0.1975,0.049200,0.000600,0.6391,1006,403192,0,0,0,0,0,0,0,0,0.009100,0,0,0,0,0,0,0,0,0,0,0,0,0,0,0,0,0,0,0
,0.3361,0.025500,2,73,0,71,0,0,13,233,60,0,454,3,0,0,12,2,0,0,0,0,0,0.007100,0.3435,0.006000,0.009100,0.001000,0.8452,0.1970,0.050900,0.1192,0.001700,0.029400,0,0,768,256,11229,3565.7148,15494.9102,239.1602,0,3,0.000600,0.008800,0.002100,0.012700,0.1895,0,0,0.072300,0.3268,2.5125,0.059300,0.000300,0.001700,0.000200,0.000300,0.007900,0.008400,0.040000,0.004700,0.034800,0.1407,0.037500,0.005900,0.4806,0.025500,0.008500,0.031100,0.012100,0.018400,0.096700,0.009800,0.076400,0.002100,0.076100,0.008300,0.066500,0.5840,0.004600,2.3171,0.000200,0.1931,0.000800,0.000300,0.029000,0.3061,0.7754,0.023800,0.8690,0.4137,0.001700,0.012800,0.000600,0.036200,0.081000,8.8495,8.7628,13.0955,634,16,0.2500,0,16,3.8438,1,0,0,629,1,0,115,102,13,0,-1,-1,0,-1,-1,13.9904,4.9185,0,1525.2227,1525.2227,1525.0977,95,870,551,322,0,0,0.001100,0,0,0.014800,0.087300,0.001100,0.012900,0.080500,0.045700,0.000800,0.002100,0.000100,0.001400,0.006400,0.001000,0.004000,0.025000,0.1855,0.063300,0.1060,0.1657,0.049000,0.1775,0.030100,0.1248,0.000200,0.001700,0.071700,0.010800,0.001500,0.000500,0.031000,0.007700,0.013200,0.001200,0.1542,0.016100,0.044400,0.2078,0.072800,0.001200,0.044600,0.002900,0.019200,0.025000,0.019700,8.2174,0.062100,0.006000,0.000100,0,10.5405,0,0,0,0,0,0,0,50,0,0,0,0,1,1,9,9,2,1,1,4,1,1,1,1,1,1,7,7,1,1,50,9,6,42,76,794,950,0,0,0,0,0,-100,-100,-100,-100,600,1440,107.7673,0,0,-0.000000,-1,0,0,0,1,0,13.7344,5,50,75.1289,13.7344,0,0,48.9844,0,100,0,0,0,0,0,0,0,0,0,0.4890,0.4890,1,0.4890,0.4890,31.6310,8.9635,20141,90,568,135,12260.2539,3604.0703,7254.2305,0,15864.3438,10.5426,2.3079,8.0759,10.5426,2.3079,2.9251,33.3333,5.7270,22.8229,0.000600,0.020600,0.000600,0.000600,0.001600,0.007900,0.000600,0.074500,0,0.019500,0.019800,0.031700,0.3495,0.1986,0.018500,0.005100,0.067500,0,0.043600,0.013400,0.1904,0.005200,0.033200,0.1411,0.015300,0.093400,0.4411,0.7039,0.3882,0.055300,2.0846,0.093200,0.031700,0.038200,0.6977,0.083300,0.002200,0.002500,0.063900,0.2026,0.050200,0.000600,0.6176,926,385680,0,0,0,0,0,0.3012,0,0,0.008000,0,0,0,0,0,0,0,0,0,0,0,0,0,0,0,0,0,0,0
,0.089900,0.018200,2,57,0,55,0,0,13,233,12,0,454,3,0,0,12,2,0,0,0,0,0.018100,0.003400,0.3425,0.005700,0.007900,0.000900,0.8827,0.1975,0.047100,0.1160,0,0.030600,0.001800,0,768,256,11229,3565.7148,15494.9102,239.1602,0.004900,3,0.000400,0.015400,0.002000,0.013600,0.1678,0,0,0.062200,0.2095,2.4043,0.064800,0.000200,0.001100,0.000200,0.000200,0.006700,0.006800,0.038400,0.005500,0.032100,0.1247,0.010900,0.005900,0.9217,0.024700,0.008900,0.044400,0.012800,0.019100,0.078500,0.010700,0.072800,0.002000,0.080500,0.008000,0.067000,0.5800,0.004400,2.4479,0.000300,0.2231,0.000600,0.000400,0.026800,0.3021,0.6196,0.022400,0.8826,0.4259,0.002000,0.012000,0.000500,0.031700,0,8.3822,8.7628,13.0955,634,16,0.2500,0,16,3.8438,1,0,0,629,1,0,115,102,13,0,-1,-1,0,-1,-1,13.9904,4.9185,0,1525.2227,1525.2227,1525.0977,95,870,551,322,0,0,0.000900,0,0,0.015100,0.088200,0.000600,0.012600,0.077600,0.041000,0.000800,0.002800,0.000100,0.001200,0.007300,0.002600,0.003800,0.028300,0.1717,0.059700,0.083400,0.1913,0.041100,0.1872,0.032200,0.1472,0.000200,0.001600,0.068000,0.010100,0.001700,0.000600,0.027600,0.006300,0.011900,0.001300,0.1439,0.015100,0.043400,0.2251,0.070600,0.001300,0.045500,0.002400,0.035200,0.024700,0.020200,7.7849,0.074400,0.006300,0,0,10.5154,0,0,0,0,0,0,0,50,0,0,0,0,1,1,9,9,2,1,1,4,1,1,1,1,1,1,7,7,1,1,50,9,6,42,76,794,950,0,0,0,0,0,-100,-100,-100,-100,600,1440,107.7673,0,0,-0.000000,-1,0,0,0,1,0,13.7344,5,50,75.1289,13.7344,0,0,48.9844,0,100,0,0,0,0,0,0,0,0,0,0.4412,0.4412,1,0.4412,0.4412,41.7382,8.9635,20141,90,568,135,12260.6914,3604.0703,7254.2305,0,15864.3242,10.0131,2.3013,7.3103,10.0131,2.3023,2.8579,33.3333,5.9494,24.1914,0.000600,0.020800,0.000500,0.000600,0.001700,0.009800,0.000600,0.075300,0,0.022500,0.019000,0.035900,0.3515,0.1882,0.020500,0.006200,0.067000,0.001000,0.047000,0.012500,0.1846,0,0.032000,0.1417,0.015400,0.088800,0.4307,0.6802,0.2856,0.056400,2.4016,0.095200,0.032800,0.039300,0.6895,0.097400,0.001800,0.002300,0.062100,0.1946,0.050100,0.000800,0.6243,996,399516,0,0,0,0,0,0,0,0.001200,0.008700,0,0,0,0,0,0,0,0,0,0,0,0,0,0,0,0,0,0,0
,0.087800,0.021700,2,76,0,74,0,0,14,233,46,0,454,3,0,0,13,2,0,0,0,0,0.009200,0.007300,0.3434,0.006100,0.009200,0.000900,0.8345,0.1588,0.050700,0.1201,0.1746,0.023400,0,1,768,256,11229,3565.7148,15494.9102,239.1602,0.001200,3,0.000300,0.008800,0.001900,0.013000,0.1867,0,0,0.059500,0.2994,2.4058,0.059200,0.000200,0.001400,0.000200,0.000300,0.006900,0.006700,0.038400,0.005100,0.029200,0.2109,0.009900,0.005900,0.9974,0.027500,0.008900,0.029700,0.011600,0.018300,0.077200,0.009100,0.1281,0.002400,0.080600,0.007800,0.070300,0.6202,0.005200,2.3728,0.000300,0.1889,0.000500,0.000700,0.031000,0.2959,0.5688,0.022900,0.9224,0.1865,0.001700,0.009300,0.000500,0.033300,0,7.7143,8.7628,13.0955,634,16,0.2500,0,16,3.8438,1,0,0,629,1,0,115,102,13,0,-1,-1,0,-1,-1,13.9904,4.9185,0,1525.2227,1525.2227,1525.0977,95,870,551,322,0,0,0.001000,0,0,0.014900,0.083600,0.000600,0.011600,0.075000,0.040200,0.000800,0.001400,0.000200,0.002000,0.006300,0.001000,0.004100,0.022300,0.1234,0.057800,0.080500,0.1596,0.040200,0.9743,0.015400,0,0.000300,0.001700,0.066400,0.009900,0.001400,0.000500,0.028400,0.006800,0.013400,0.001400,0.1431,0.014400,0.043800,0.1982,0.069600,0.001500,0.047400,0.002600,0.032000,0.021200,0.020400,7.0643,0.055800,0.005900,0.000100,0,10.0964,0,0,0,0,0,0,0,50,0,0,0,0,1,1,9,9,2,1,1,4,1,1,1,1,1,1,7,7,1,1,50,9,6,42,76,794,950,0,0,0,0,0,-100,-100,-100,-100,600,1440,107.7673,0,0,-0.000000,-1,0,0,0,1,0,13.7344,5,50,75.1289,13.7344,0,0,48.9844,0,100,0,0,0,0,0,0,0,0,0,0.4235,0.4235,1,0.4235,0.4235,51.5717,8.9635,20141,90,568,135,12260.6914,3604.0703,7254.2305,0,15864.7617,9.9446,2.8264,7.3506,9.9446,2.8264,2.8164,33.3333,5.5792,24.7717,0.000300,0.021100,0.000600,0.000600,0.001700,0.007400,0.000600,0.072900,0,0.020500,0.027400,0.036900,0.3395,0.1963,0.021500,0.006200,0.067900,0,0.043900,0.012200,0.1757,0,0.032500,0.1370,0.015300,0.090300,0.4277,0.6892,0.3614,0.054300,3.1313,0.096300,0.031700,0.039600,0.6927,0.086300,0.001800,0.002400,0.062000,0.1976,0.050200,0.000600,0.5998,949,391600,0,0,0,0,0,0,0,0,0.008200,0,0,0,0,0,0,0,0,0,0,0,0,0,0,0,0,0,0,0
,0.026000,0.005800,2,63,0,61,0,0,13,233,28,0,454,3,0,0,12,2,0,0,0,0,0,0.003100,0.3421,0.005700,0.009000,0.001200,0.8571,0.1818,0.049000,0.1201,0.001800,0.043500,0,0,768,256,11229,3565.7148,15494.9102,239.1602,0.001600,3,0.000200,0.008300,0.002100,0.2163,0.1702,0,0,0.058600,0.3414,2.5092,0.063000,0.000300,0.001400,0.000200,0.000500,0.007000,0.007500,0.042600,0.005000,0.032800,0.096900,0.010700,0.006000,0.6785,0.025900,0.008100,0.026800,0.012000,0.017800,0.080600,0.019800,0.065000,0.001800,0.075600,0.007900,0.081200,0.5966,0.005300,2.3541,0.000200,0.1861,0.000600,0.000400,0.028300,0.3034,0.5638,0.022700,0.8729,0.7045,0.001900,0.009500,0.000600,0.034300,0.2627,7.5080,8.7628,13.0955,634,16,0.2500,0,16,3.8438,1,0,0,629,1,0,115,102,13,0,-1,-1,0,-1,-1,13.9904,4.9185,0,1525.2227,1525.2227,1441.5039,95,873,561,322,0,0,0.001100,0,0,0.013500,0.081500,0.000600,0.012000,0.072600,0.036200,0.000700,0.001500,0.000400,0.001800,0.006300,0.001100,0.003800,0.021600,0.1395,0.056300,0.078600,0.1572,0.046700,0.1822,0.016800,0.9156,0.000300,0.001800,0.069300,0.009400,0.001600,0.000400,0.028900,0.006600,0.013300,0.001000,0.1378,0.014800,0.040600,0.1964,0.066500,0.001200,0.024100,0.003000,0.018300,0.022800,0.024100,6.8965,0.055200,0.006100,0.000100,0,9.8975,0,0,0,0,0,0,0,50,0,0,0,0,1,1,9,9,2,1,1,4,1,1,1,1,1,1,7,7,1,1,50,9,6,42,76,794,950,0,0,0,0,0,-100,-100,-100,-100,600,1440,107.7673,0,0,-0.000000,-1,0,0,0,1,0,13.7344,5,50,75.1289,13.7344,0,0,48.9844,0,100,0,0,0,0,0,0,0,0,0,1.1234,1.1234,1,1.1234,1.1234,61.3948,8.9635,20141,90,568,135,12260.6914,3604.0703,7254.2305,0,15864.7617,9.8136,2.9693,7.9421,9.8136,2.9693,2.7588,33.3333,5.5484,24.6555,0.000200,0.019400,0.000600,0.000600,0.001600,0.007800,0.000600,0.076000,0,0.016500,0.020600,0.026700,0.3613,0.1856,0.019400,0.006200,0.063000,0,0.047800,0.010800,0.1537,0,0.031100,0.1277,0.015600,0.098700,0.4129,0.7005,0.3193,0.056200,2.1413,0.094300,0.031700,0.039400,0.6894,0.088700,0.001800,0.002800,0.060800,0.1966,0.050200,0.000600,0.6075,969,394776,0,0,0,0,0,0,0,0,0.007900,0,0,0,0,0,0,0,0,0,0,0,0,0,0,0,0,0,0,0
,0.013700,0.013000,2,70,0,68,0,0,14,233,31,0,454,3,0,0,13,2,0,0,0,0,0.015400,0.015800,0.3285,0.005200,0.009200,0.000900,0.8321,0.1821,0.069300,0.1229,0.001700,0.026100,0.009700,0,768,256,11229,3565.7148,15494.9102,239.1602,0.001400,7,0.000200,0.009200,0.001900,0.012900,0.1794,0,0,0.066000,0.2518,2.5109,0.069100,0.000200,0.001600,0.000300,0.010800,0.008200,0.007000,0.045000,0.005700,0.031600,0.1017,0.012100,0.006000,1.1586,0.027800,0.009600,0.041300,0.012700,0.021900,0.084900,0.010500,0.073600,0.002300,0.077500,0.008100,0.066000,0.5737,0.004400,2.4590,0.000400,0.1972,0.000500,0.000500,0.030600,0.3215,0.9967,0.025400,0.9395,0.1281,0.002200,0.010400,0.000600,0.037100,0,8.5912,8.7628,13.0955,634,16,0.2500,0,16,3.8438,1,0,0,629,1,0,115,102,13,0,-1,-1,0,-1,-1,13.9904,4.9185,0,1525.2227,1525.2227,1441.5039,95,870,551,322,0,0,0.001000,0,0,0.014900,0.083000,0.000700,0.011200,0.066900,0.039100,0.000600,0.001700,0.000300,0.001900,0.006700,0.000900,0.003800,0.021500,0.1323,0.052000,0.1098,0.1534,0.044800,0.2665,0.019800,0,0.000200,0.001500,0.1511,0.008500,0.001300,0.000500,0.025300,0.006100,0.011700,0.001000,0.1447,0.016100,0.043500,0.2035,0.071300,0.001300,0.030800,0.002500,0.032400,0.023200,0.016700,8.0355,0.060400,0.008200,0.000200,0,9.7706,0,0,0,0,0,0,0,50,0,0,0,0,1,1,9,9,2,1,1,4,1,1,1,1,1,1,7,7,1,1,50,9,6,42,76,794,950,0,0,0,0,0,-100,-100,-100,-100,600,1440,107.7673,0,0,-0.000000,-1,0,0,0,1,0,13.7344,5,50,75.1289,13.7344,0,0,48.9844,0,100,0,0,0,0,0,0,0,0,0,0.4201,0.4201,1,0.4201,0.4201,9.5812,8.9635,20141,90,568,135,12260.6914,3604.0703,7254.2305,0,15864.7617,10.1782,2.1271,7.3062,10.1782,2.1271,2.8637,33.3333,6.2674,23.9011,0.000200,0.018600,0.000600,0.000600,0.001800,0.007600,0.000600,0.071900,0.001100,0.019400,0.029000,0.038900,0.3424,0.3146,0.019400,0.007200,0.067000,0,0.047800,0.015700,0.7563,0.005100,0.040400,0.6167,0.030400,0.1092,0.4164,0.6946,0.3887,0.058400,2.0714,0.096300,0.030700,0.039500,0.6889,0.065100,0.002100,0.002400,0.062900,0.1956,0.051200,0.000800,0.6267,944,389984,0.050500,2506,1406,0,2.4552,0,0.005300,0,0.008000,0,0,0,0,0,0,0,0,0,0,0,0,0,0,0,0,0,0,0
,0.013700,0.005700,2,58,0,56,0,0,13,233,28,0,454,3,0,0,12,2,0,0,0,0,0.010200,0.008600,0.5794,0.007000,0.009700,0.000900,0.8625,0.1881,0.048000,0.1264,0.001000,0.028200,0,0,768,256,11229,3565.7148,15494.9102,239.1602,0.003100,3,0.000300,0.009400,0.002600,0.012800,0.1848,0,0,0.064000,0.2338,2.6298,0.062200,0.000200,0.001500,0.000300,0.000300,0.008100,0.006800,0.042900,0.005800,0.032700,0.1262,0.011300,0.006200,1.1943,0.027700,0.008500,0.030500,0.011500,0.019500,0.079400,0.008000,0.072300,0.002300,0.082500,0.009700,0.070300,0.5922,0.004400,2.3448,0.000200,0.1993,0.000600,0.000400,0.029600,0.3223,0.6544,0.023500,0.9182,0.1351,0.001900,0.010100,0.000500,0.035100,0,8.4667,8.7628,13.0955,634,16,0.2500,0,16,3.8438,1,0,0,629,1,0,115,102,13,0,-1,-1,0,-1,-1,13.9904,4.9185,0,1525.2227,1525.2227,1525.0977,95,876,561,322,0,0,0.000900,0,0,0.016900,0.090500,0.000400,0.012600,0.071500,0.041100,0.001000,0.001900,0.000200,0.002000,0.007000,0.001200,0.004300,0.023300,0.1355,0.062900,0.086200,0.1711,0.040800,0.6210,0.014400,0,0.000200,0.001900,0.067600,0.010200,0.001700,0.000700,0.026200,0.007300,0.013700,0.001400,0.1534,0.015500,0.043700,0.2279,0.080200,0.001100,0.058400,0.002500,0.045300,0.022600,0.023400,7.8339,0.061700,0.006200,0.000100,0,10.2255,0,0,0,0,0,0,0,50,0,0,0,0,1,1,9,9,2,1,1,4,1,1,1,1,1,1,7,7,1,1,50,9,6,42,76,794,950,0,0,0,0,0,-100,-100,-100,-100,600,1440,107.7673,0,0,-0.000000,-1,0,0,0,1,0,13.7344,5,50,75.1289,13.7344,0,0,48.9844,0,100,0,0,0,0,0,0,0,0,0,0.4249,0.4249,1,0.4249,0.4249,19.9804,8.9635,20141,90,568,135,12259.8945,3604.0703,7254.2305,0,15864.7617,10.4145,2.4857,8.1432,10.4145,2.4857,2.9377,33.3333,5.5444,23.8540,0.000600,0.022000,0.000600,0.000600,0.001700,0.007700,0.001600,0.072300,0,0.022600,0.028500,0.041400,0.3545,0.1917,0.019400,0.006200,0.066400,0,0.046300,0.015500,0.1852,0,0.032400,0.1339,0.016200,0.095900,0.4264,0.7027,0.3018,0.056300,2.5519,0.094300,0.031700,0.040000,1.1271,0.1038,0.002000,0.002600,0.061500,0.1996,0.047200,0.000600,0.6146,994,402300,0,0,0,0,0,0,0,0,0.008100,0,0,0,0,0,0,0,0,0,0,0,0,0,0,0,0,0,0,0
,0.014900,0.010900,2,77,0,75,0,0,14,233,42,0,454,3,0,0,13,2,0,0,0,0,0,0.002600,0.3538,0.005700,0.009900,0.001100,0.8643,0.1765,0.053700,0.1278,0.001500,0.027200,0.001500,0,768,256,11229,3565.7148,15494.9102,239.1602,0.001300,2,0.000300,0.008000,0.002000,0.015800,0.1794,0,0,0.057000,0.3157,2.5292,0.074800,0.000200,0.001100,0.000300,0.000300,0.006700,0.007300,0.040400,0.005400,0.029900,0.1241,0.011900,0.005500,1.3844,0.028300,0.008500,0.030300,0.012100,0.017900,0.097100,0.014000,0.081600,0.002000,0.091100,0.008200,0.068700,0.6061,0.005000,2.3657,0.000300,0.1846,0.001000,0.000400,0.027800,0.3045,0.6335,0.024100,0.8851,0.1627,0.001600,0.010100,0.000700,0.034000,0.1608,8.4664,8.7628,13.0955,634,16,0.2500,0,16,3.8438,1,0,0,629,1,0,115,102,13,0,-1,-1,0,-1,-1,13.9904,4.9185,0,1525.2227,1525.2227,1525.0977,95,871,551,322,0,0,0.000700,0,0,0.015800,0.086300,0.000400,0.012600,0.070000,0.042900,0.000900,0.001900,0.000200,0.001400,0.006500,0.001300,0.004300,0.023400,0.1350,0.060400,0.079500,0.1608,0.038500,0.2216,0.018300,0.1012,0.000300,0.001800,0.066200,0.009200,0.001500,0.000700,0.027500,0.006900,0.011900,0.001100,0.1398,0.014400,0.040400,0.2010,0.069700,0.001200,0.043300,0.002700,0.017800,0.025200,0.017300,7.9203,0.056500,0.006400,0.000100,0,10.4058,0,0,0,0,0,0,0,50,0,0,0,0,1,1,9,9,2,1,1,4,1,1,1,1,1,1,7,7,1,1,50,9,6,42,76,794,950,0,0,0,0,0,-100,-100,-100,-100,600,1440,107.7673,0,0,-0.000000,-1,0,0,0,1,0,13.7344,5,50,75.1289,13.7344,0,0,48.9844,0,100,0,0,0,0,0,0,0,0,0,0.4105,0.4105,1,0.4105,0.4105,30.0674,8.9635,20141,90,568,135,12259.4844,3604.0703,7254.2305,0,15863.9648,10.0787,2.2456,7.7825,10.0787,2.2467,2.9127,33.3333,5.3343,23.8861,0.000200,0.021100,0.000600,0.000600,0.001500,0.007200,0.000700,0.071900,0,0.017400,0.027000,0.039700,0.3444,0.2843,0.019500,0.005100,0.065700,0,0.043700,0.012900,0.1869,0.006100,0.033300,0.1361,0.015000,0.091100,0.4242,0.6906,0.3958,0.057300,2.0684,0.094200,0.030800,0.038700,0.6940,0.090800,0.001800,0.002500,0.063500,0.1976,0.049200,0.000600,0.6064,938,388764,0,0,0,0,0,0.3187,0.003200,0.001200,0.008300,0,0,0,0,0,0,0,0,0,0,0,0,0,0,0,0,0,0,0
,0.013300,0.018200,2,57,0,55,0,0,13,233,14,0,454,3,0,0,12,2,0,0,0,0,0.031300,0.014700,0.3367,0.004600,0.007800,0.001300,0.8400,0.1941,0.048200,0.1174,0.001200,0.025000,0.001900,0,768,256,11229,3565.7148,15494.9102,239.1602,0.001900,3,0.000100,0.008600,0.001900,0.013200,1.0261,0,0,0.062400,0.2550,2.5427,0.067700,0.000200,0.001200,0.000200,0.000200,0.006200,0.006600,0.041900,0.005000,0.031500,0.1121,0.009600,0.006000,1.5769,0.031500,0.010100,0.039000,0.011600,0.019900,0.083500,0.012200,0.070900,0.002000,0.075700,0.008300,0.069000,0.6098,0.004800,2.4650,0.000200,0.2157,0.000700,0.000400,0.034700,0.3417,0.9097,0.029500,1.0222,0.1895,0.002600,0.014100,0.000300,0.037900,0,9.1684,8.7628,13.0955,634,16,0.2500,0,16,3.8438,1,0,0,629,1,0,115,102,13,0,-1,-1,0,-1,-1,13.9904,4.9185,0,1525.2227,1525.2227,1525.0977,95,870,551,321,0,0,0.001100,0,0,0.015100,0.081000,0.000600,0.014900,0.069000,0.042600,0.000800,0.001700,0.000300,0.001500,0.006300,0.001000,0.003900,0.021800,0.1409,0.055400,0.079000,0.1637,0.042700,0.1816,0.033000,0.073300,0.000200,0.001700,0.061400,0.008300,0.001300,0.000500,0.026200,0.006700,0.011400,0.001300,0.1393,0.016000,0.041300,0.1956,0.071000,0.001300,0.042000,0.002100,0.031800,0.023200,0.016100,8.6561,0.057500,0.005900,0.000100,0,10.1197,0,0,0,0,0,0,0,50,0,0,0,0,1,1,9,9,2,1,1,4,1,1,1,1,1,1,7,7,1,1,50,9,6,42,76,794,950,0,0,0,0,0,-100,-100,-100,-100,600,1440,107.7673,0,0,-0.000000,-1,0,0,0,1,0,13.7344,5,50,75.1289,13.7344,0,0,48.9844,0,100,0,0,0,0,0,0,0,0,0,0.4237,0.4237,1,0.4237,0.4237,40.8517,8.9635,20141,90,568,135,12259.2969,3604.0703,7254.2305,0,15863.5547,10.6762,2.1354,7.2994,10.6762,2.1354,2.8707,33.3333,5.5939,24.6364,0.000600,0.021800,0.000500,0.000600,0.001400,0.008000,0.000700,0.073200,0,0.019500,0.033600,0.053200,0.3500,0.2086,0.019400,0.005200,0.065300,0,0.055200,0.012300,0.1749,0,0.031700,0.1362,0.015600,0.092500,0.4341,1.1803,0.2855,0.058300,2.6440,0.1393,0.049200,0.067800,0.7306,0.064000,0.002100,0.002800,0.1127,0.2304,0.054300,0.000700,1.1816,923,385176,0,0,0,0,0,0,0,0,0.008400,0,0,0,0,0,0,0,0,0,0,0,0,0,0,0,0,0,0,0
,0.043600,0.084000,2,57,0,55,0,0,13,233,14,0,454,3,0,0,12,2,0,0,0,0,0.009100,0.009700,0.4204,0.005900,0.009600,0.000900,0.8870,0.1850,0.053900,0.1284,0.001000,0.027700,0,0,768,256,11229,3565.7148,15494.9102,239.1602,0.001600,6,0.000100,0.008200,0.001800,0.013900,0.1894,0,0,0.062300,0.2777,2.7691,0.062300,0.000300,0.001500,0.000200,0.000300,0.007700,0.008500,0.040600,0.006200,0.030700,0.1258,0.011200,0.006100,1.6129,0.032200,0.010500,0.048500,0.011700,0.020000,0.1071,0.014500,0.1196,0.003000,0.1243,0.009300,0.077400,0.6618,0.006700,2.6211,0.000500,0.2531,0.000500,0.000300,0.037800,0.3555,0.9740,0.030600,1.0689,0.6308,0.002600,0.014000,0.000400,0.044400,0,9.3003,8.7628,13.0955,634,16,0.2500,0,16,3.8438,1,0,0,629,1,0,115,102,13,0,-1,-1,0,-1,-1,13.9904,4.9185,0,1525.2227,1525.2227,1441.6289,95,876,561,321,0,0,0.001000,0,0,0.014200,0.077300,0.000500,0.015800,0.075600,0.042600,0.000800,0.001600,0.000300,0.001600,0.006600,0.001200,0.003900,0.035300,0.1491,0.055900,0.081700,0.1509,0.045500,0.1881,0.022000,0.1639,0.000100,0.005600,0.062500,0.008100,0.001100,0.000600,0.025900,0.006800,0.012500,0.001100,0.1372,0.014800,0.043100,0.2297,0.067900,0.001100,0.040200,0.002300,0.045500,0.024300,0.017900,8.7011,0.064100,0.006300,0.000100,0,10.7424,0,0,0,0,0,0,0,50,0,0,0,0,1,1,9,9,2,1,1,4,1,1,1,1,1,1,7,7,1,1,50,9,6,42,76,794,950,0,0,0,0,0,-100,-100,-100,-100,600,1440,107.7673,0,0,-0.000000,-1,0,0,0,1,0,13.7344,5,50,75.1289,13.7344,0,0,48.9844,0,100,0,0,0,0,0,0,0,0,0,0.5094,0.5094,1,0.5094,0.5094,51.7878,8.9635,20141,90,568,135,12244.7734,3604.0703,7254.2305,0,15863.3672,11.0517,2.1959,7.2994,11.0517,2.1959,3.6260,33.3333,5.4477,25.8144,0.000300,0.023100,0.000600,0.000700,0.001700,0.008600,0.000600,0.1074,0,0.028800,0.026300,0.038300,0.3725,0.2875,0.021500,0.005100,0.064200,0,0.046100,0.017300,0.1907,0,0.032700,0.1346,0.019300,0.1241,0.4651,0.6667,0.4007,0.056300,2.0706,0.093200,0.031700,0.049700,0.7242,0.086900,0.002200,0.002700,0.063700,0.2057,0.050200,0.000700,0.6303,920,385140,0,0,0,0,0,0,0.001800,0,0.009000,0,0,0,0,0,0,0,0,0,0,0,0,0,0,0,0,0,0,0
,0.018000,0.008400,2,57,0,55,0,0,13,233,11,0,454,3,0,0,12,2,0,0,0,0,0.009500,0.016900,0.3504,0.018700,0.009600,0.001300,0.9521,0.2342,0.070800,0.1523,0.002000,0.056000,0.002300,0,768,256,11229,3565.7148,15494.9102,239.1602,0.001500,3,0.000100,0.012200,0.002600,0.034800,0.1795,0,0,0.063200,0.2414,2.7610,0.068500,0.000200,0.001300,0.000300,0.000200,0.007300,0.009000,0.044600,0.005600,0.040500,0.1112,0.010900,0.006200,1.3375,0.030800,0.009100,0.039500,0.011900,0.018200,0.094900,0.011400,0.075900,0.002100,0.1148,0.008000,0.2023,0.6185,0.005000,2.4613,0.000400,0.2097,0.000900,0.000300,0.031800,0.4493,0.9186,0.026800,0.9518,0.7131,0.002400,0.011800,0.000500,0.037200,0,10.6774,8.7628,13.0955,634,16,0.2500,0,16,3.8438,1,0,0,629,1,0,115,102,13,0,-1,-1,0,-1,-1,13.9904,4.9185,0,1525.2227,1525.2227,1525.0977,95,871,551,321,0,0,0.000900,0,0,0.017700,0.082900,0.000600,0.012200,0.070300,0.042600,0.000900,0.001800,0.000300,0.001500,0.006300,0.000900,0.004600,0.023300,0.1583,0.061800,0.078900,0.1566,0.038300,0.2224,0.024100,0.019100,0.000500,0.001900,0.071500,0.008700,0.001400,0.000500,0.029400,0.006600,0.012400,0.001000,0.1536,0.016800,0.045000,0.1910,0.066700,0.001000,0.040100,0.002500,0.017900,0.023500,0.016000,10.0944,0.097200,0.007300,0.000100,0,10.9661,0,0,0,0,0,0,0,50,0,0,0,0,1,1,9,9,2,1,1,4,1,1,1,1,1,1,7,7,1,1,50,9,6,42,76,794,950,0,0,0,0,0,-100,-100,-100,-100,600,1440,107.7673,0,0,-0.000000,-1,0,0,0,1,0,13.7344,5,50,75.1289,13.7344,0,0,48.9844,0,100,0,0,0,0,0,0,0,0,0,0.4237,0.4237,1,0.4237,0.4237,64.1007,8.9635,20141,90,568,135,12173.5117,3604.0703,7254.2305,0,15848.8438,12.2528,2.1885,7.5012,12.2528,2.1885,3.0649,33.3333,5.2540,25.8081,0.000300,0.019500,0.000500,0.000700,0.001600,0.013300,0.003700,0.072900,0,0.022500,0.028100,0.036000,0.3583,0.1895,0.019400,0.005200,0.067200,0,0.046500,0.025000,0.1931,0.005100,0.032800,0.1355,0.015300,0.088600,0.4290,0.6964,0.3112,0.057300,2.4220,0.095300,0.031700,0.039800,0.6958,0.077500,0.002000,0.002600,0.063000,0.1999,0.050100,0.000600,0.6834,935,388706,0,0,0,0,0,0,0.004900,0,0.008500,0,0,0,0,0,0,0,0,0,0,0,0,0,0,0,0,0,0,0
,0.028600,0.014100,2,57,0,55,0,0,13,233,9,0,454,3,0,0,12,2,0,0,0,0,0.008900,0.014500,0.3102,0.005000,0.009200,0.001000,0.8193,0.1671,0.047200,0.1204,0.001500,0.025200,0,0,768,256,11229,3565.7148,15494.9102,239.1602,0.001700,4,0.000400,0.009000,0.002500,0.019500,0.1987,0,0,0.065800,0.3095,2.6393,0.077800,0.000200,0.001600,0.000200,0.000300,0.007400,0.008500,0.044200,0.006700,0.033100,0.1881,0.010700,0.006200,1.3631,0.034300,0.010400,0.046200,0.013000,0.020200,0.086300,0.012500,0.083900,0.002400,0.2945,0.008100,0.068800,0.6312,0.005700,2.4457,0.000400,0.1998,0.000500,0.000300,0.035900,0.3327,1.3213,0.029900,1.0227,0.1082,0.002500,0.012500,0.000600,0.058100,0,9.3543,8.7628,13.0955,634,16,0.2500,0,16,3.8438,1,0,0,629,1,0,115,102,13,0,-1,-1,0,-1,-1,13.9904,4.9185,0,1525.2227,1525.2227,1525.0977,95,871,551,321,0,0,0.000800,0,0,0.016100,0.080700,0.000600,0.012400,0.073500,0.042300,0.001000,0.001600,0.000200,0.001800,0.007100,0.001000,0.004000,0.024300,0.1382,0.057200,0.077600,0.1572,0.047900,0.2045,0.021900,0.8617,0.000200,0.002000,0.067100,0.009300,0.001300,0.000700,0.029100,0.007200,0.013600,0.001400,0.1453,0.017400,0.040200,0.2076,0.080000,0.001200,0.024300,0.002400,0.032700,0.022900,0.022800,8.9021,0.061500,0.006800,0.000100,0.003100,12.3252,0,0,0,0,0,0,0,50,0,0,0,0,1,1,9,9,2,1,1,4,1,1,1,1,1,1,7,7,1,1,50,9,6,42,76,794,950,0,0,0,0,0,-100,-100,-100,-100,600,1440,107.7673,0,0,-0.000000,-1,0,0,0,1,0,13.7344,5,50,75.1289,13.7344,0,0,48.9844,0,100,0,0,0,0,0,0,0,0,0,1.2305,1.2305,1,1.2305,1.2305,13.5892,8.9635,20141,90,568,135,12130.4062,3604.0703,7254.2305,0,15777.5820,11.7422,3.0127,7.4213,11.7422,3.0137,3.0220,33.3333,4.9833,27.7338,0.000200,0.020900,0.000600,0.000600,0.001800,0.009000,0.000700,0.075000,0,0.022500,0.027300,0.035300,0.3559,0.2027,0.020500,0.007100,0.064600,0,0.047000,0.022800,0.2175,0,0.4538,0.1453,0.018200,0.094400,0.4305,0.7174,0.3476,0.058400,2.5293,0.094200,0.031800,0.039800,0.6939,0.067100,0.002100,0.002700,0.074600,0.2182,0.050100,0.000600,0.6344,970,397274,0,2131,1258,0,2.0709,0,0,0.001100,0.008400,0,0,0,0,0,0,0,0,0,0,0,0,0,0,0,0,0,0,0
,0.020700,0.030400,2,64,0,62,0,0,13,233,45,0,454,3,0,0,12,2,0,0,0,0,0.012800,0.005100,0.3388,0.006200,0.008500,0.001000,0.8731,0.2155,0.059000,0.1642,0.000900,0.021700,0,0,768,256,11229,3565.7148,15494.9102,239.1602,0.001400,7,0.000200,0.010900,0.002300,0.020100,0.2089,0,0,0.096000,0.5700,3.2135,0.061700,0.000300,0.001200,0.000200,0.000300,0.008000,0.008500,0.051000,0.005900,0.035600,0.1601,0.012000,0.006400,0.1740,0.032000,0.009300,0.028100,0.011600,0.019900,0.1449,0.016800,0.088600,0.002500,0.1357,0.012000,0.084800,0.7619,0.007100,2.5661,0.000500,0.2287,0.000600,0.000400,0.035500,0.3464,0.7427,0.032300,1.0515,0.1802,0.002400,0.012100,0.000400,0.035900,0.058700,9.7362,8.7628,13.0955,634,16,0.2500,0,16,3.8438,1,0,0,629,1,0,115,102,13,0,-1,-1,0,-1,-1,13.9904,4.9185,0,1525.2227,1525.2227,1525.0977,95,876,561,321,0,0,0.001100,0,0,0.016500,0.089500,0.000900,0.013100,0.083300,0.039800,0.000800,0.001200,0.000200,0.001600,0.006000,0.001100,0.003800,0.023000,0.1399,0.060900,0.080800,0.1497,0.041700,0.3448,0.018200,0,0.000200,0.001700,0.065900,0.008800,0.001400,0.000400,0.025400,0.006400,0.012200,0.001000,0.1655,0.014300,0.043300,0.2611,0.079000,0.001400,0.035300,0.001700,0.036900,0.026700,0.018900,9.6158,0.067200,0.008500,0.000100,0,11.8696,0,0,0,0,0,0,0,50,0,0,0,0,1,1,9,9,2,1,1,4,1,1,1,1,1,1,7,7,1,1,50,9,6,42,76,794,950,0,0,0,0,0,-100,-100,-100,-100,600,1440,107.7673,0,0,-0.000000,-1,0,0,0,1,0,13.7344,5,50,75.1289,13.7344,0,0,48.9844,0,100,0,0,0,0,0,0,0,0,0,0.4651,0.4651,1,0.4651,0.4651,25.5528,8.9635,20141,90,568,135,12250.3203,3604.0703,7254.2305,0,15734.4766,11.6022,2.2356,7.8994,11.6022,2.2365,3.8867,33.3333,5.3937,25.2266,0.000300,0.022900,0.000600,0.000600,0.001700,0.007900,0.000600,0.073300,0,0.017400,0.019000,0.026400,0.3768,0.1990,0.020500,0.005100,0.062900,0,0.047700,0.020100,0.1856,0,0.031600,0.1446,0.016500,0.095900,0.4333,0.6888,0.3086,0.059500,2.2970,0.095300,0.031700,0.039700,1.1148,0.4793,0.002100,0.002900,0.062600,0.2058,0.051200,0.000600,0.6413,923,385154,0.070000,0,0,0,0,0.4686,0.006400,0.001000,0.008300,0,0,0,0,0,0,0,0,0,0,0,0,0,0,0,0,0,0,0
,0.094900,0.006000,2,57,0,55,0,0,13,233,12,0,454,3,0,0,12,2,0,0,0,0,0.008900,0.003700,0.3294,0.007700,0.008600,0.001200,0.8529,0.2167,0.053800,0.1331,0.001400,0.028900,0,0,768,256,11229,3565.7148,15494.9102,239.1602,0.001200,1,0.000300,0.009500,0.002100,0.020500,0.2349,0,0,0.063900,0.2125,2.5498,0.062600,0.000200,0.001400,0.000200,0.000400,0.008700,0.007600,0.041100,0.005500,0.032200,0.1039,0.011700,0.005900,0.4016,0.028500,0.008300,0.040900,0.011000,0.018400,0.075300,0.008100,0.071600,0.002600,0.097900,0.008900,0.078000,0.6086,0.005600,2.4249,0.000500,0.2066,0.000600,0.000400,0.031100,0.3109,0.6838,0.025800,0.9808,0.1323,0.001800,0.009500,0.000500,0.034800,0,8.9471,8.7628,13.0955,634,16,0.2500,0,16,3.8438,1,0,0,629,1,0,115,102,13,0,-1,-1,0,-1,-1,13.9904,4.9185,0,1525.2227,1525.2227,1525.0977,95,876,561,321,0,0,0.001200,0,0,0.020400,0.1092,0.000800,0.015400,0.083000,0.049800,0.001000,0.003300,0.000300,0.001700,0.008700,0.001400,0.005800,0.027200,0.1335,0.075900,0.1007,0.1797,0.048900,0.4534,0.015900,0,0.000200,0.002300,0.072700,0.008500,0.001500,0.000500,0.027900,0.007900,0.015100,0.001400,0.1686,0.017900,0.049600,0.2264,0.1003,0.001700,0.060500,0.001900,0.021900,0.028200,0.023200,8.2568,0.059600,0.006600,0.000100,0,12.0016,0,0,0,0,0,0,0,50,0,0,0,0,1,1,9,9,2,1,1,4,1,1,1,1,1,1,7,7,1,1,50,9,6,42,76,794,950,0,0,0,0,0,-100,-100,-100,-100,600,1440,107.7673,0,0,-0.000000,-1,0,0,0,1,0,13.7344,5,50,75.1289,13.7344,0,0,48.9844,0,100,0,0,0,0,0,0,0,0,0,0.5047,0.5047,1,0.5047,0.5047,36.4482,8.9635,20141,90,568,135,12201.2188,3604.0703,7254.2305,0,15854.3906,11.4244,2.6090,7.4837,11.4244,2.6090,3.2080,33.3333,5.5398,25.3926,0.000600,0.021700,0.000600,0.000700,0.001700,0.008700,0.000600,0.074200,0.001000,0.017500,0.022100,0.025500,0.3596,0.1830,0.020500,0.007200,0.062600,0,0.047000,0.009100,0.1956,0.005100,0.032800,0.1408,0.015800,0.093300,0.4176,0.6861,0.3115,0.057300,2.2546,0.094200,0.031800,0.038200,0.6916,0.077900,0.002000,0.002500,0.064400,0.1988,0.050200,0.000600,0.6169,961,393278,0,0,0,0,0,0,0.007000,0,0.007900,0,0,0,0,0,0,0,0,0,0,0,0,0,0,0,0,0,0,0
,0.014600,0.019200,2,60,0,58,0,0,13,233,29,0,454,3,0,0,12,2,0,0,0,0,0.009500,0.015100,0.3446,0.005400,0.009500,0.001100,0.8200,0.1989,0.049000,0.1254,0.001000,0.023900,0,0,768,256,11229,3565.7148,15494.9102,239.1602,0.002100,3,0.000100,0.4719,0.001900,0.015900,0.1818,0,0,0.055500,0.2308,3.2655,0.065900,0.000500,0.001300,0.000200,0.000200,0.007600,0.006800,0.046300,0.005300,0.033300,0.1622,0.011600,0.007200,0.7161,0.029700,0.009200,0.027400,0.011900,0.019500,0.3027,0.015700,0.089200,0.002700,0.1131,0.010000,0.079000,0.6538,0.005500,2.4966,0.000400,0.2166,0.000500,0.000500,0.032700,0.3364,0.7049,0.027300,0.9835,0.7017,0.002000,0.010100,0.000500,0.034900,0.4702,7.5417,8.7628,13.0955,634,16,0.2500,0,16,3.8438,1,0,0,629,1,0,115,102,13,0,-1,-1,0,-1,-1,13.9904,4.9185,0,1525.2227,1525.2227,1525.0977,95,878,561,321,0,0,0.000900,0,0,0.014800,0.081800,0.000500,0.012200,0.075400,0.038200,0.001100,0.001600,0.000300,0.002000,0.006600,0.000900,0.004300,0.022900,0.1468,0.058200,0.079000,0.1668,0.044900,0.1820,0.017500,0.3191,0.000300,0.002100,0.069900,0.011100,0.002500,0.000700,0.028400,0.006600,0.011800,0.001100,0.1394,0.015800,0.044400,0.2032,0.067700,0.001100,0.044200,0.003300,0.032300,0.023500,0.016800,7.2219,0.059200,0.006200,0.000100,0,10.8385,0,0,0,0,0,0,0,50,0,0,0,0,1,1,9,9,2,1,1,4,1,1,1,1,1,1,7,7,1,1,50,9,6,42,76,794,950,0,0,0,0,0,-100,-100,-100,-100,600,1440,107.7673,0,0,-0.000000,-1,0,0,0,1,0,13.7344,5,50,75.1289,13.7344,0,0,48.9844,0,100,0,0,0,0,0,0,0,0,0,0.6571,0.6571,1,0.6571,0.6571,46.0576,8.9635,20141,90,568,135,12165.2500,3604.0703,7254.2305,0,15805.2891,9.3953,2.5280,7.4386,9.3953,2.5280,3.1163,33.3333,5.6500,26.5314,0.000200,0.022000,0.000600,0.001000,0.001600,0.007700,0.000700,0.073000,0,0.017300,0.029200,0.039300,0.3417,0.3118,0.019500,0.006100,0.066300,0,0.045300,0.007200,0.1997,0.005100,0.032300,0.1420,0.016900,0.1088,0.4220,0.7020,0.3816,0.055300,2.0656,0.095200,0.031700,0.043200,0.6939,0.094100,0.002400,0.004600,0.062700,0.1987,0.050200,0.000700,0.6401,966,396302,0,0,0,0,0,0,0,0,0.008100,0,0,0,0,0,0,0,0,0,0,0,0,0,0,0,0,0,0,0
,0.016000,0.075200,2,64,0,62,0,0,13,233,26,0,454,3,0,0,12,2,0,0,0,0,0.009300,0.004200,0.3297,0.005700,0.008700,0.001100,1.5315,0.1932,0.074700,0.1565,0.001200,0.077300,0,1,768,256,11229,3565.7148,15494.9102,239.1602,0.001700,4,0.000400,0.007900,0.002300,0.018900,0,0,0,0.070400,0.3266,2.6450,0.066100,0.000300,0.001200,0.000200,0.000400,0.007100,0.007100,0.042300,0.005200,0.032000,0.1079,0.010100,0.006100,1.4089,0.028500,0.008300,0.047500,0.011400,0.019600,0.1017,0.010000,0.079600,0.002200,0.086700,0.008600,0.064100,0.5986,0.004700,2.3646,0.000300,0.1957,0.000600,0.000400,0.031700,0.3173,0.6450,0.026400,0.9493,0.8813,0.002300,0.010700,0.000500,0.034000,0.014700,10.0052,8.7628,13.0955,634,16,0.2500,0,16,3.8438,1,0,0,629,1,0,115,102,13,0,-1,-1,0,-1,-1,13.9904,4.9185,0,1525.2227,1525.2227,1441.5039,95,876,551,321,0,0,0.000900,0,0,0.014800,0.083900,0.000600,0.011600,0.078100,0.041200,0.001000,0.001800,0.000400,0.001400,0.006500,0.000900,0.003800,0.022100,0.1501,0.053800,0.078500,0.1740,0.042600,0.1762,0.034600,0.1784,0.000300,0.001700,0.072800,0.010300,0.002000,0.000700,0.034100,0.008400,0.012800,0.001500,0.1585,0.015900,0.046100,0.2115,0.075500,0.001300,0.042800,0.002700,0.033400,0.022900,0.016600,9.4441,0.061400,0.006300,0.000100,0,9.6048,0,0,0,0,0,0,0,50,0,0,0,0,1,1,9,9,2,1,1,4,1,1,1,1,1,1,7,7,1,1,50,9,6,42,76,794,950,0,0,0,0,0,-100,-100,-100,-100,600,1440,107.7673,0,0,-0.000000,-1,0,0,0,1,0,13.7344,5,50,75.1289,13.7344,0,0,48.9844,0,100,0,0,0,0,0,0,0,0,0,0.5478,0.5478,1,0.5478,0.5478,57.8221,8.9635,20141,90,568,135,12125.3750,3604.0703,7254.2305,0,15769.3203,11.9587,2.2720,7.4240,11.9587,2.2733,2.9608,33.3333,5.3711,26.9384,0.000200,0.021200,0.000600,0.000600,0.001600,0.008000,0.000500,0.072900,0.001000,0.017400,0.027700,0.034700,0.3613,0.1897,0.019400,0.005200,0.061600,0,0.045400,0.007100,0.1953,0.005100,0.033100,0.1411,0.015800,0.090900,0.4295,0.6426,0.3987,0.057300,2.0946,0.094200,0.031800,0.039900,1.2742,0.083600,0.001900,0.002600,0.063500,0.8296,0.072700,0.000700,0.8875,950,391158,0,0,0,0,0,0,0,0.001300,0.007500,0,0,0,0,0,0,0,0,0,0,0,0,0,0,0,0,0,0,0
,0.017500,0.079100,2,57,0,55,0,0,13,233,14,0,454,3,0,0,12,2,0,0,0,0,0.008200,0.009700,0.3238,0.006900,0.008400,0.001100,0.8275,0.2107,0.043600,0.1252,0.001100,0.7111,0,0,768,256,11229,3565.7148,15494.9102,239.1602,0.001900,4,0.000100,0.007600,0.001800,0.017300,0.1750,0,0,0.1168,0.3149,2.6765,0.064200,0.000200,0.001600,0.000200,0.000400,0.007100,0.008400,0.041600,0.005500,0.031900,0.1067,0.011600,0.005400,1.5755,0.029200,0.009200,0.041800,0.012300,0.021400,0.095400,0.010600,0.080200,0.002400,0.083500,0.009300,0.071000,0.6149,0.004800,2.4096,0.000400,0.2052,0.000600,0.000300,0.032300,0.3217,1.1256,0.030700,0.9722,0.1250,0.002200,0.012900,0.000500,0.039200,0,9.5968,8.7628,13.0955,634,16,0.2500,0,16,3.8438,1,0,0,629,1,0,115,102,13,0,-1,-1,0,-1,-1,13.9904,4.9185,0,1525.2227,1525.2227,1441.5039,95,870,551,322,0,0,0.001100,0,0,0.014900,0.080900,0.000500,0.013000,0.070400,0.041300,0.001000,0.001700,0.000200,0.001500,0.006500,0.001400,0.004100,0.022200,0.1560,0.059100,0.087400,0.1740,0.046200,0.1965,0.018900,0.059000,0.000300,0.001800,0.065400,0.009400,0.001300,0.000300,0.026100,0.007000,0.012200,0.001300,0.1419,0.017300,0.042200,0.1907,0.067900,0.001100,0.041400,0.002900,0.017500,0.024100,0.019700,9.0006,0.063500,0.007100,0.000100,0,11.7625,0,0,0,0,0,0,0,50,0,0,0,0,1,1,9,9,2,1,1,4,1,1,1,1,1,1,7,7,1,1,50,9,6,42,76,794,950,0,0,0,0,0,-100,-100,-100,-100,600,1440,107.7673,0,0,-0.000000,-1,0,0,0,1,0,13.7344,5,50,75.1289,13.7344,0,0,48.9844,0,100,0,0,0,0,0,0,0,0,0,0.4370,0.4370,1,0.4370,0.4370,6.7796,8.9635,20141,90,568,135,12117.5625,3604.0703,7254.2305,0,15729.4453,11.1564,2.2003,8.7508,11.1564,2.2013,3.1177,33.3333,5.3145,26.8327,0.000300,0.021300,0.000600,0.000600,0.001900,0.008800,0.000600,0.072800,0.001000,0.023400,0.023900,0.035900,0.4088,0.2482,0.018500,0.006100,0.062800,0,0.046300,0.020100,0.1963,0,0.032100,0.1363,0.016000,0.088400,0.4846,0.9016,0.4539,0.083800,2.3070,0.099300,0.071700,0.062600,0.7484,0.087100,0.002100,0.002500,0.1477,0.2192,0.069700,0.000800,1.0081,942,389664,0,2340,1262,0,0.8201,0,0,0.001200,0.007700,0,0,0,0,0,0,0,0,0,0,0,0,0,0,0,0,0,0,0
,0.021300,0.030600,2,60,0,58,0,0,13,233,27,0,454,3,0,0,12,2,0,0,0,0,0,0.005600,0.3285,0.006700,0.009100,0.001000,0.8546,0.1913,0.056400,0.1343,0,0.022900,0.001000,0,768,256,11229,3565.7148,15494.9102,239.1602,0,2,0.000300,0.011400,0.002400,0.013600,0.1767,0,0,0.064900,0.2263,2.6349,0.086500,0.000200,0.001400,0.000300,0.000300,0.007000,0.008200,0.054700,0.005700,0.032300,0.1229,0.010600,0.006100,1.8701,0.031000,0.009800,0.028500,0.012000,0.020100,0.080900,0.010700,0.079700,0.002400,0.083200,0.008400,0.085200,0.7012,0.006100,2.4239,0.000300,0.2201,0.000700,0.000400,0.034500,0.4316,0.7285,0.028700,1.0020,0.1376,0.002200,0.012500,0.000400,0.038700,0.3651,9.6018,8.7628,13.0955,634,16,0.2500,0,16,3.8438,1,0,0,629,1,0,115,102,13,0,-1,-1,0,-1,-1,13.9904,4.9185,0,1525.2227,1525.2227,1525.0977,95,870,551,322,0,0,0.001000,0,0,0.017300,0.092300,0.000600,0.013600,0.068900,0.039600,0.001100,0.001900,0.000200,0.001500,0.007000,0.000900,0.004700,0.023800,0.1312,0.056800,0.081600,0.1429,0.038900,0.2075,0.019700,0.1757,0.000200,0.001700,0.061800,0.008300,0.001000,0.000300,0.023500,0.005900,0.011600,0.001100,0.1285,0.013700,0.037100,0.2095,0.065300,0.001000,0.038500,0.002600,0.030100,0.023600,0.031700,9.0314,0.063800,0.012100,0.000100,0,11.1924,0,0,0,0,0,0,0,50,0,0,0,0,1,1,9,9,2,1,1,4,1,1,1,1,1,1,7,7,1,1,50,9,6,42,76,794,950,0,0,0,0,0,-100,-100,-100,-100,600,1440,107.7673,0,0,-0.000000,-1,0,0,0,1,0,13.7344,5,50,75.1289,13.7344,0,0,48.9844,0,100,0,0,0,0,0,0,0,0,0,0.4916,0.4916,1,0.4916,0.4916,18.0029,8.9635,20141,90,568,135,12117.5703,3604.0703,7254.2305,0,15721.6328,11.2293,2.2414,8.7313,11.2293,2.2414,3.0294,33.3333,4.8306,27.7371,0.000600,0.021700,0.000600,0.000600,0.001700,0.007700,0.000600,0.073200,0,0.032700,0.028900,0.034700,0.3635,0.2993,0.020500,0.006100,0.067200,0,0.044500,0.011700,0.2010,0,0.4515,0.1930,0.017700,0.1028,0.4627,0.9851,0.3849,0.085000,2.2795,0.1003,0.069700,0.047700,0.7216,0.079400,0.002000,0.002700,0.1577,0.2570,0.065500,0.000600,1.1049,952,392748,0,0,0,0,0,0,0.003200,0,0.008100,0,0,0,0,0,0,0,0,0,0,0,0,0,0,0,0,0,0,0
,0.015400,0.006500,2,64,0,62,0,0,13,233,29,0,454,3,0,0,12,2,0,0,0,0,0.019500,0.005800,0.3163,0.005600,0.010300,0.000800,0.8347,0.1764,0.049500,0.1327,0.002200,0.022700,0.005300,0,768,256,11229,3565.7148,15494.9102,239.1602,0.004500,4,0.000100,0.009300,0.002100,0.013700,0.1837,0,0,0.062900,0.2364,2.5885,0.075400,0.000300,0.001100,0.000300,0.000200,0.007200,0.008200,0.042500,0.005000,0.029900,0.1214,0.012300,0.006300,1.6144,0.029600,0.009100,0.043100,0.011900,0.019400,0.077500,0.008600,0.073700,0.002400,0.081300,0.007300,0.069600,0.5967,0.004500,2.3866,0.000300,0.2035,0.000700,0.000300,0.030900,0.3176,0.6889,0.027800,0.9318,0.1502,0.002300,0.010300,0.000600,0.048300,0.4900,10.0949,8.7628,13.0955,634,16,0.2500,0,16,3.8438,1,0,0,629,1,0,115,102,13,0,-1,-1,0,-1,-1,13.9904,4.9185,0,1525.2227,1525.2227,1525.0977,95,873,561,322,0,0,0.000700,0,0,0.016200,0.082700,0.000800,0.013200,0.071400,0.042000,0.001000,0.001500,0.000200,0.001500,0.006000,0.000800,0.004100,0.022600,0.1495,0.058000,0.079200,0.1422,0.043700,0.2405,0.019800,0.023700,0.000400,0.005500,0.067900,0.008700,0.001400,0.000400,0.025900,0.007000,0.013100,0.001200,0.1389,0.015100,0.042200,0.1979,0.068400,0.001100,0.022000,0.003300,0.031500,0.025100,0.015700,10.3938,0.064900,0.007200,0.000100,0,11.2556,0,0,0,0,0,0,0,50,0,0,0,0,1,1,9,9,2,1,1,4,1,1,1,1,1,1,7,7,1,1,50,9,6,42,76,794,950,0,0,0,0,0,-100,-100,-100,-100,600,1440,107.7673,0,0,-0.000000,-1,0,0,0,1,0,13.7344,5,50,75.1289,13.7344,0,0,48.9844,0,100,0,0,0,0,0,0,0,0,0,0.4376,0.4376,1,0.4376,0.4376,30.5250,8.9635,20141,90,568,135,12133.7266,3604.0703,7254.2305,0,15721.6406,11.7431,2.1359,8.9499,11.7431,2.1368,3.1035,33.3333,4.9827,26.7883,0.000600,0.022500,0.023000,0.000600,0.001800,0.007900,0.000600,0.073100,0,0.018400,0.029500,0.041400,0.3464,0.1883,0.018400,0.005100,0.061900,0,0.047700,0.012500,0.2120,0,0.032800,0.1384,0.017300,0.093700,0.4504,0.6707,0.3018,0.6635,3.0934,0.095200,0.030700,0.040200,1.4153,0.3634,0.002300,0.002400,0.063800,0.5704,0.047100,0.000700,0.6657,921,384702,0,0,0,0,0,0,0,0.001100,0.008800,0,0,0,0,0,0,0,0,0,0,0,0,0,0,0,0,0,0,0
,0.027900,0.018000,0,0,0,0,0,0,0,0,0,0,0,0,0,0,0,0,0,0,0,0,0,0.002800,0.4488,0.014100,0.009900,0.001000,0.9686,0.1874,0.053300,0.1455,0,0.024800,0.001300,0,768,256,11229,3565.7148,15494.9102,239.1602,0,2,0.000100,0.008600,0.002000,0.013300,0.1835,0,0,0,0.2235,2.4498,0.063100,0.000300,0.001500,0.000600,0.000300,0.006900,0.008000,0.039700,0.005300,0.031100,0.1390,0.010500,0.005800,2.0276,0.026800,0.008700,0.026500,0.011300,0.018400,0.077600,0.008400,0.071600,0.002200,0.082400,0.007600,0.073100,0.6244,0.005900,2.3356,0.000400,0.2026,0.000600,0.000500,0.028400,0.3034,1.0855,0.024700,0.9758,0.1337,0.001900,0.009600,0.000500,0.034300,0.6286,8.2337,8.7628,13.0955,634,16,0.2500,0,16,3.8438,1,0,0,629,1,0,115,102,13,0,-1,-1,0,-1,-1,13.9904,4.9185,0,1525.2227,1525.2227,1525.0977,95,844,535,318,0,0,0.000800,0,0,0.016600,0.086700,0.000800,0.013700,0.076600,0.039600,0.001000,0.002100,0.000500,0.001700,0.007500,0.001000,0.004800,0.023800,0.1415,0.062600,0.083200,0.1704,0.041700,0.1663,0.033000,0.4873,0.000300,0.002000,0.068500,0.009200,0.002000,0.000400,0.030600,0.007500,0.011700,0.001100,0.1444,0.013300,0.042500,0.3053,0.067800,0.001400,0.038100,0.002400,0.028800,0.023400,0.1146,7.7091,0.059200,0.007200,0.000300,0,12.5097,0,0,0,0,0,0,0,50,0,0,0,0,1,1,9,9,2,1,1,4,1,1,1,1,1,1,7,7,1,1,50,9,6,42,76,794,950,0,0,0,0,0,-100,-100,-100,-100,600,1440,107.7673,0,0,-0.000000,-1,0,0,0,1,0,13.7344,5,50,75.1289,13.7344,0,0,48.9844,0,100,0,0,0,0,0,0,0,0,0,0.8325,0.8325,1,0.8325,0.8325,40.9149,8.9635,20141,90,568,135,12254.5547,3604.0703,7254.2305,0,15737.7969,11.1041,2.5566,8.9499,11.1041,2.5566,3.1071,33.3333,4.8820,25.2350,0.000200,0.021700,0.000600,0.000900,0.001700,0.010300,0.000600,0.6397,0.001000,0.017300,0.027000,0.035100,0.9449,0.9134,0.021600,0.006100,0.067200,0,0.043800,0.6011,0.2042,0.006200,0.045300,0.7672,0.020400,0.1070,0.4468,2.0395,0.9888,0.057300,4.8652,0.097200,0.031800,0.039500,1.4442,0.094400,0.003700,0.002700,0.061600,0.3349,0.047100,0.000700,0.6579,921,384512,0.2226,0,0,0,0,0,0,0,0.008300,0,0,0,0,0,0,0,0,0,0,0,0,0,0,0,0,0,0,0
,0.011600,0.005700,2,57,0,55,0,0,13,233,12,0,454,3,0,0,12,2,0,0,0,0,0.022400,0.008000,0.3328,0.005500,0.008900,0.000800,0.7876,0.2014,0.048300,0.1272,0.002600,0.026300,0.001000,1,768,256,11229,3565.7148,15494.9102,239.1602,0.003100,2,0.000100,0.022300,0.001900,0.012100,0.1736,0,0,0.1151,0.2534,2.3645,0.074200,0.000200,0.001100,0.000200,0.000200,0.006600,0.006400,0.040600,0.006000,0.029000,0.096400,0.010600,0.005200,6.3316,0.033800,0.010000,0.039000,0.011400,0.018600,0.071400,0.011800,0.066400,0.002100,0.077500,0.008700,0.068100,0.5886,0.005200,2.3548,0.000400,0.1887,0.001000,0.000400,0.028600,0.3179,0.7295,0.024700,0.8958,0.7573,0.001700,0.010400,0.000400,0.037200,0,10.1212,8.7628,13.0955,634,16,0.2500,0,16,3.8438,1,0,0,629,1,0,115,102,13,0,-1,-1,0,-1,-1,13.9904,4.9185,0,1525.2227,1525.2227,1525.0977,95,844,535,318,0,0,0.001100,0,0,0.013900,0.074700,0.000400,0.011600,0.066900,0.041800,0.000900,0.001700,0.000400,0.001500,0.006500,0.000900,0.003900,0.021800,0.1761,0.056100,0.082700,0.1478,0.041500,0.1895,0.033800,0.076400,0.000300,0.001400,0.057700,0.008300,0.001200,0.000600,0.023800,0.005700,0.011700,0.001600,0.1227,0.012200,0.036900,0.1879,0.062300,0.001000,0.044400,0.002200,0.031200,0.020500,0.015400,9.6706,0.058200,0.006700,0.000100,0,10.4013,0,0,0,0,0,0,0,50,0,0,0,0,1,1,9,9,2,1,1,4,1,1,1,1,1,1,7,7,1,1,50,9,6,42,76,794,950,0,0,0,0,0,-100,-100,-100,-100,600,1440,107.7673,0,0,-0.000000,-1,0,0,0,1,0,13.7344,5,50,75.1289,13.7344,0,0,48.9844,0,100,0,0,0,0,0,0,0,0,0,0.4858,0.4858,1,0.4858,0.4858,52.6886,8.9635,20141,90,568,135,12254.2109,3604.0703,7254.2305,0,15858.6250,11.8467,2.2559,9.8981,11.8467,2.2559,2.8622,33.3333,4.9888,27.4434,0.000600,0.022800,0.000500,0.000700,0.001400,0.012800,0.000700,0.3958,0.001000,0.019500,0.027000,0.036000,0.4884,0.2931,0.020500,0.006100,0.066200,0,0.047000,0.011300,0.5302,0.006200,0.038100,0.1850,0.017600,0.5584,0.9276,1.3177,0.9839,0.057400,4.4011,0.097300,0.032800,0.039600,0.6995,0.9181,0.002000,0.002800,0.065900,0.2058,0.051200,0.000600,1.2410,912,384514,0,0,0,0,0,0,0,0,0.008800,0,0,0,0,0,0,0,0,0,0,0,0,0,0,0,0,0,0,0
,0.016000,0.080000,2,57,0,55,0,0,13,233,11,0,454,3,0,0,12,2,0,0,0,0,0.011800,0.008500,0.3182,0.007700,0.010900,0.001200,0.7703,0.1695,0.084200,0.2817,0.001200,0.6283,0.001400,0,768,256,11229,3565.7148,15494.9102,239.1602,0.003000,5,0.000100,0.007900,0.002000,0.013400,0.3395,0,0,0.059800,0.2658,2.4193,0.075700,0.000300,0.002000,0.000300,0.000200,0.007500,0.009300,0.046000,0.005900,0.034000,0.1109,0.012600,0.007000,5.7109,0.033100,0.009200,0.044300,0.012200,0.020300,0.079900,0.009000,0.074700,0.002200,0.077200,0.008200,0.078800,0.5891,0.004800,2.3074,0.000400,0.1982,0.000600,0.000300,0.027600,0.3129,1.6677,0.025100,0.8954,0.1656,0.002100,0.008900,0.000400,0.034700,0.1693,13.9677,8.7628,13.0955,634,16,0.2500,0,16,3.8438,1,0,0,629,1,0,115,102,13,0,-1,-1,0,-1,-1,13.9904,4.9185,0,1525.2227,1525.2227,1441.5039,95,844,535,318,0,0,0.001400,0,0,0.014700,0.080400,0.000700,0.012800,0.069100,0.042100,0.000900,0.002000,0.000300,0.001400,0.006400,0.001200,0.003800,0.023700,0.1419,0.060600,0.076800,0.1653,0.042900,0.1546,0.025500,0.098100,0.000200,0.001700,0.061900,0.007900,0.001600,0.000600,0.025300,0.006200,0.012000,0.001200,0.1273,0.013900,0.038900,0.1901,0.064800,0.001100,0.038500,0.002200,0.032100,0.021000,0.015000,13.5292,0.064500,0.006700,0.000100,0,11.7724,0,0,0,0,0,0,0,50,0,0,0,0,1,1,9,9,2,1,1,4,1,1,1,1,1,1,7,7,1,1,50,9,6,42,76,794,950,0,0,0,0,0,-100,-100,-100,-100,600,1440,107.7673,0,0,-0.000000,-1,0,0,0,1,0,13.7344,5,50,75.1289,13.7344,0,0,48.9844,0,100,0,0,0,0,0,0,0,0,0,0.4335,0.4335,1,0.4335,0.4335,5.1350,8.9635,20141,90,568,135,12254.2578,3604.0703,7254.2305,0,15858.2812,15.5967,2.0796,15.2593,15.5967,2.0796,2.8166,33.3333,3.6337,28.4774,0.000600,0.022900,0.000600,0.000600,0.001600,0.012700,0.000600,0.075400,0.001000,0.020400,0.028300,0.037500,0.5118,0.5284,0.2253,0.006100,0.065300,0,0.045700,0.015600,0.068600,0.006200,0.037400,0.3281,0.031300,0.1037,0.4462,1.7871,0.5587,0.1852,4.3052,0.096300,0.031700,0.039100,1.8887,0.6357,0.002100,0.002700,0.063900,0.2018,1.2964,0.000600,1.3663,911,384502,0,1981,1105,0,0.9965,0,0,0,0.008600,0,0,0,0,0,0,0,0,0,0,0,0,0,0,0,0,0,0,0
,0.019700,0.1798,2,57,0,55,0,0,13,233,12,0,454,3,0,0,12,2,0,0,0,0,0.011200,0,0.3132,0.006300,0.008300,0.001000,1.0422,0.2162,0.043500,0.1393,0.001200,0.029500,0,0,768,256,11229,3565.7148,15494.9102,239.1602,0.001900,2,0.000100,0.007400,0.001800,0.1233,0.4008,0,0,0.058500,0.2118,2.7552,0.080300,0.000400,0.001400,0.000200,0.000200,0.006800,0.006800,0.041500,0.005200,0.029500,0.095100,0.010200,0.005500,7.4629,0.058300,0.008400,0.041900,0.012100,0.018200,0.072000,0.009700,0.074200,0.002200,0.073500,0.008300,0.067400,0.6267,0.004600,2.3226,0.000300,0.1803,0.000500,0.000400,0.027000,0.3039,0.7265,0.024300,0.9249,0.079000,0.001800,0.008900,0.000500,0.031700,0,13.8792,8.7628,13.0955,634,16,0.2500,0,16,3.8438,1,0,0,629,1,0,115,102,13,0,-1,-1,0,-1,-1,13.9904,4.9185,0,1525.2227,1525.2227,1525.0977,95,880,535,318,0,0,0.001000,0,0,0.015300,0.1091,0.000500,0.014100,0.076300,0.043600,0.001100,0.001600,0.000300,0.001800,0.006600,0.000800,0.004900,0.024100,0.1698,0.056100,0.091000,0.1565,0.043600,0.1954,0.034700,0.054000,0.000500,0.001300,0.068000,0.008800,0.001300,0.000400,0.028200,0.007200,0.012500,0.001300,0.1317,0.014600,0.040300,0.1929,0.075300,0.000900,0.045900,0.002700,0.018600,0.026300,0.018100,13.2914,0.058100,0.006200,0.000100,0,15.6016,0,0,0,0,0,0,0,50,0,0,0,0,1,1,9,9,2,1,1,4,1,1,1,1,1,1,7,7,1,1,50,9,6,42,76,794,950,0,0,0,0,0,-100,-100,-100,-100,600,1440,107.7673,0,0,-0.000000,-1,0,0,0,1,0,13.7344,5,50,75.1289,13.7344,0,0,48.9844,0,100,0,0,0,0,0,0,0,0,0,0.4513,0.4513,1,0.4513,0.4513,20.6270,8.9635,20141,90,568,135,12254.2500,3604.0703,7254.2305,0,15858.3281,15.5675,2.1418,13.0807,15.5675,2.1427,2.9802,33.3333,4.0021,27.7712,0.000300,0.023700,0.000700,0.000700,0.001800,0.014500,0.000600,0.076600,0,0.021500,0.029400,0.036700,0.9421,0.8973,0.022500,0.006200,0.065900,0,0.045300,0.015000,0.066300,0.007200,0.043000,0.7576,0.020200,0.1051,1.3111,1.0308,0.8958,0.057400,2.9164,0.094200,0.031800,0.039100,0.6907,0.069100,0.002000,0.002400,0.059300,0.2018,0.049200,0.000700,1.2463,956,396598,0,0,0,0,0,0,0,0.001100,0.008400,0,0,0,0,0,0,0,0,0,0,0,0,0,0,0,0,0,0,0
,0.013300,0.058500,2,57,0,55,0,0,13,233,11,0,454,3,0,0,12,2,0,0,0,0,0,0.008400,0.4380,0.005000,0.009200,0.001100,0.5297,0.1603,0.002300,0,0,0.022500,0.000800,1,768,256,11229,3565.7148,15494.9102,239.1602,0,3,0,0.006900,0.001900,0.011600,0.2107,0,0,0,0.2423,2.8654,0.061100,0.000300,0.001400,0.000200,0.000300,0.008200,0.005200,0.079200,0.005500,0.048400,0.1360,0.010700,0.005600,2.3845,0.029000,0.009700,0.033100,0.012200,0.018800,0.071100,0.015100,0.070500,0.002400,0.1118,0.031800,0.067800,0.6134,0.006500,2.3737,0.000300,0.1734,0.000500,0.000400,0.028500,0.3702,2.1917,0.025200,0.8326,0.2544,0.002200,0.010700,0.000500,0.035900,1.3900,14.7713,8.7628,13.0955,634,16,0.2500,0,16,3.8438,1,0,0,629,1,0,115,102,13,0,-1,-1,0,-1,-1,13.9904,4.9185,0,1525.2227,1525.2227,1525.0977,95,880,535,318,0,0,0.000900,0,0,0.015100,0.080600,0.000600,0.011800,0.073200,0.041300,0.000900,0.001500,0.000300,0.001500,0.005900,0.001000,0.004000,0.022600,0.1823,0.059600,0.079200,0.1532,0.040300,0.1856,0.022900,0.1265,0.000400,0.001900,0.070100,0.009200,0.001600,0.000400,0.027500,0.006800,0.011600,0.001200,0.1444,0.016400,0.042000,0.2123,0.069200,0.001100,0.043900,0.002600,0.033700,0.023500,0.018300,14.8218,0.056700,0.005800,0.000100,0,15.5214,0,0,0,0,0,0,0,50,0,0,0,0,1,1,9,9,2,1,1,4,1,1,1,1,1,1,7,7,1,1,50,9,6,42,76,794,950,0,0,0,0,0,-100,-100,-100,-100,600,1440,107.7673,0,0,-0.000000,-1,0,0,0,1,0,13.7344,5,50,75.1289,13.7344,0,0,48.9844,0,100,0,0,0,0,0,0,0,0,0,0.4164,0.4164,1,0.4164,0.4164,37.6960,8.9635,20141,90,568,135,12254.2500,3604.0703,7254.2305,0,15858.3203,16.4482,2.2548,14.0723,16.4482,2.2548,2.9270,33.3333,2.9686,29.2859,0.000700,0.022800,0.000600,0.000700,0.001800,0.013300,0.000500,0.8649,0,0.038900,0.025900,0.036200,0.8699,0.2365,0.022500,0.006200,0.068400,0,0.044600,0.013700,0.084100,0.005100,0.032800,0.1282,0.020500,0.1031,1.4441,1.9388,0.3266,0.057300,4.7574,0.6830,0.031700,0.041500,0.6848,0.2149,0.002200,0.002500,0.061000,0.1985,0.050100,0.000600,0.6587,1026,393476,0,0,0,0,0,0,0,0,0.008200,0,0,0,0,0,0,0,0,0,0,0,0,0,0,0,0,0,0,0
,0.014500,0.007800,2,64,0,62,0,0,13,233,42,0,454,3,0,0,12,2,0,0,0,0,0.008200,0.002800,0.2943,0.007600,0.008800,0.001100,1.0280,0.8905,0.086700,0.1927,0.001700,0.022900,0.001000,1,768,256,11229,3565.7148,15494.9102,239.1602,0.001400,2,0,0.006600,0.001800,0.012200,0.1876,0,0,0.1191,0.2234,2.9216,0.070000,0.000300,0.001100,0.000500,0.000300,0.006200,0.006100,0.049800,0.005300,0.035000,0.1310,0.010900,0.005700,2.4708,0.031200,0.008900,0.037100,0.013000,0.018300,0.082300,0.011000,0.073100,0.002200,0.075100,0.008300,0.066300,0.7759,0.008000,2.3187,0.000200,0.1864,0.000500,0.000300,0.030300,0.2961,0.7138,0.024300,1.0401,0.1381,0.001700,0.009200,0.000400,0.033700,1.9752,11.9654,8.7628,13.0955,634,16,0.2500,0,16,3.8438,1,0,0,629,1,0,115,102,13,0,-1,-1,0,-1,-1,13.9904,4.9185,0,1525.2227,1525.2227,1525.0977,95,879,535,317,0,0,0.001000,0,0,0.014200,0.078600,0.000600,0.011900,0.065900,0.038000,0.000800,0.001600,0.000500,0.001300,0.005700,0.000900,0.003800,0.021200,0.1288,0.058000,0.076800,0.1732,0.041400,0.7940,0.015000,0,0.000100,0.001600,0.063800,0.008700,0.001300,0.000500,0.025700,0.006600,0.011500,0.001200,0.1370,0.015500,0.040800,0.2051,0.069800,0.001100,0.046900,0.002300,0.033200,0.021200,0.023700,11.5423,0.069400,0.006100,0.000100,0,17.0441,0,0,0,0,0,0,0,50,0,0,0,0,1,1,9,9,2,1,1,4,1,1,1,1,1,1,7,7,1,1,50,9,6,42,76,794,950,0,0,0,0,0,-100,-100,-100,-100,600,1440,107.7673,0,0,-0.000000,-1,0,0,0,1,0,13.7344,5,50,75.1289,13.7344,0,0,48.9844,0,100,0,0,0,0,0,0,0,0,0,0.8429,0.8429,1,0.8429,0.8429,51.8743,8.9635,20141,90,568,135,12254.1953,3604.0703,7254.2305,0,15858.3203,14.6643,2.6331,11.9993,14.6643,2.6331,4.1205,33.3333,3.4973,28.5286,0.000200,0.022100,0.000600,0.001100,0.001700,0.012200,0.000600,0.081000,0,0.019400,0.026300,0.034100,0.9498,0.2845,0.020500,0.006100,0.068200,0,0.044200,0.013900,1.1995,0.006200,0.042100,0.1775,0.033800,0.6986,1.0732,1.8991,0.3162,0.058400,5.3442,0.098300,0.032800,0.039200,1.7708,0.6073,0.002200,0.002400,0.062000,0.3605,0.048100,0.000600,0.6486,1053,394844,0,0,0,0,0,0,0,0,0.008300,0,0,0,0,0,0,0,0,0,0,0,0,0,0,0,0,0,0,0
,0.021100,0.005300,2,57,0,55,0,0,13,233,13,0,454,3,0,0,12,2,0,0,0,0,0.008900,0.009300,0.2796,0.004800,0.007700,0.000900,0.7682,0.2238,0.037500,0.3161,0.001400,0.029500,0.000900,16,768,256,11229,3565.7148,15494.9102,239.1602,0.001600,3,0.000200,0.007300,0.001700,0.012200,0.1928,0,0,0.052100,0.2250,2.9149,0.1081,0.000300,0.001400,0.000400,0.000300,0.007600,0.006600,0.045400,0.005100,0.032400,0.1232,0.009700,0.006400,7.3819,0.030300,0.008700,0.036600,0.012200,0.018800,0.082200,0.009200,0.074100,0.002000,0.1114,0.007700,0.072500,0.6109,0.006600,2.3101,0.000500,0.1797,0.000500,0.000300,0.027800,0.2871,0.7845,0.023000,0.9310,0.1760,0.002100,0.009500,0.000500,0.035400,0.9150,12.0382,8.7628,13.0955,634,16,0.2500,0,16,3.8438,1,0,0,629,1,0,115,102,13,0,-1,-1,0,-1,-1,13.9904,4.9185,0,1525.2227,1525.2227,1525.0977,95,880,535,317,0,0,0.000900,0,0,0.014400,0.080500,0.000500,0.011900,0.068000,0.040900,0.000900,0.001400,0.000400,0.001700,0.006200,0.001000,0.003700,0.021200,0.1407,0.069000,0.077500,0.1454,0.042000,0.2448,0.018100,0.2377,0.000200,0.005300,0.063100,0.007600,0.001300,0.000700,0.024400,0.006500,0.011800,0.001100,0.1337,0.013800,0.039800,0.1842,0.067400,0.001100,0.022200,0.002800,0.016000,0.023500,0.015500,11.8011,0.056900,0.005800,0,0,14.1723,0,0,0,0,0,0,0,50,0,0,0,0,1,1,9,9,2,1,1,4,1,1,1,1,1,1,7,7,1,1,50,9,6,42,76,794,950,0,0,0,0,0,-100,-100,-100,-100,600,1440,107.7673,0,0,-0.000000,-1,0,0,0,1,0,13.7344,5,50,75.1289,13.7344,0,0,48.9844,0,100,0,0,0,0,0,0,0,0,0,0.6439,0.6439,1,0.6439,0.6439,3.5487,8.9635,20141,90,568,135,12254.2188,3604.0703,7254.2305,0,15858.2656,13.9329,2.3238,13.7376,13.9329,2.3238,3.0834,33.3333,4.2571,26.3548,0.000200,0.021900,0.000600,0.000600,0.001900,0.009100,0.000600,0.077200,0.001000,0.021500,0.028000,0.035200,0.8405,0.8673,0.021500,0.006200,0.061500,0,0.045800,0.023200,0.088100,0.006200,0.034000,0.1875,0.031300,0.1120,0.7546,1.8533,0.3296,0.057300,3.3138,0.1014,0.5017,0.039900,1.0710,0.086800,0.004400,0.005000,0.063100,0.3595,0.047100,0.000500,1.3793,1052,399486,0,1584,888,0,0.9687,0,0,0,0.008000,0,0,0,0,0,0,0,0,0,0,0,0,0,0,0,0,0,0,0
,0.014100,0.005700,2,60,0,58,0,0,13,233,26,0,454,3,0,0,12,2,0,0,0,0,0.007500,0.005500,0.2979,0.006400,0.009400,0.001000,0.7694,0.2202,0.019000,0,0.000700,0.035400,0.002200,1,768,256,11229,3565.7148,15494.9102,239.1602,0.001000,2,0.000200,0.007100,0.002100,0.018500,0.1913,0,0,0,0.2280,3.3137,0.072200,0.000400,0.001100,0.000200,0.000300,0.008000,0.006300,0.051500,0.005600,0.032800,0.1503,0.011300,0.006900,3.6744,0.031200,0.008800,0.031300,0.013200,0.019700,0.1035,0.011400,0.079700,0.002200,0.1222,0.012700,0.068500,0.6118,0.004700,2.4373,0.000300,0.1883,0.000800,0.000300,0.028800,0.3118,1.0661,0.023700,1.0309,0.2158,0.001800,0.011000,0.000400,0.033500,0.7791,15.8212,8.7628,13.0955,634,16,0.2500,0,16,3.8438,1,0,0,629,1,0,115,102,13,0,-1,-1,0,-1,-1,13.9904,4.9185,0,1525.2227,1525.2227,1525.0977,95,880,535,317,0,0,0.001000,0,0,0.014000,0.075500,0.000700,0.012000,0.065700,0.038800,0.000800,0.001700,0.000200,0.001400,0.006000,0.000900,0.004000,0.020800,0.1604,0.054800,0.076300,0.1338,0.041300,0.2185,0.049900,0.069000,0.000200,0.001400,0.062200,0.008000,0.001100,0.000400,0.023100,0.006300,0.010700,0.001000,0.1309,0.013300,0.037600,0.1957,0.066000,0.001100,0.028900,0.002200,0.031800,0.021600,0.016200,15.4369,0.056800,0.006200,0.000100,0,14.0564,0,0,0,0,0,0,0,50,0,0,0,0,1,1,9,9,2,1,1,4,1,1,1,1,1,1,7,7,1,1,50,9,6,42,76,794,950,0,0,0,0,0,-100,-100,-100,-100,600,1440,107.7673,0,0,-0.000000,-1,0,0,0,1,0,13.7344,5,50,75.1289,13.7344,0,0,48.9844,0,100,0,0,0,0,0,0,0,0,0,0.5045,0.5045,1,0.5045,0.5045,21.0606,8.9635,20141,90,568,135,12254.2188,3604.0703,7254.2305,0,15858.2891,17.6532,2.0712,15.5559,17.6532,2.0721,2.7541,33.3333,3.1696,28.1761,0.000200,0.025000,0.000600,0.001200,0.001900,0.008800,0.000700,0.078000,0,0.020500,0.027300,0.035800,0.3747,0.3014,0.023600,0.006100,0.069400,0,0.049200,0.024700,0.090200,0.006200,0.035500,0.1803,0.017700,0.1001,0.7912,1.7624,0.4739,0.058300,3.5770,0.6902,0.030700,0.039500,1.4096,0.094700,0.001900,0.002500,0.061300,0.5980,0.047100,0.000600,1.3700,1024,393720,0.052600,0,0,0,0,0,0,0.001100,0.008900,0,0,0,0,0,0,0,0,0,0,0,0,0,0,0,0,0,0,0
,0.069800,0.014200,2,64,0,62,0,0,13,233,29,0,454,3,0,0,12,2,0,0,0,0,0.010700,0.003200,0.3015,0.005200,0.008800,0.000800,0.7725,0.1805,0.081800,0.2709,0.002100,0.021200,0.004400,0,768,256,11229,3565.7148,15494.9102,239.1602,0.003100,3,0.000200,0.007400,0.001900,0.017300,0.2351,0,0,0.1154,0.2151,3.4426,0.069600,0.000300,0.001200,0.000200,0.000200,0.006700,0.005800,0.043800,0.004800,0.030300,0.1089,0.008900,0.006300,2.3940,0.028700,0.008100,0.031300,0.011500,0.018200,0.086900,0.010600,0.075000,0.002500,0.1104,0.007900,0.073100,0.5942,0.004400,2.3119,0.000300,0.1756,0.000500,0.000300,0.028100,0.3292,0.6965,0.025100,0.9465,0.1605,0.001900,0.009200,0.000500,0.033500,0.3221,13.0017,8.7628,13.0955,634,16,0.2500,0,16,3.8438,1,0,0,629,1,0,115,102,13,0,-1,-1,0,-1,-1,13.9904,4.9185,0,1525.2227,1525.2227,1525.0977,95,909,561,321,0,0,0.001000,0,0,0.015900,0.078000,0.000500,0.011600,0.070100,0.045100,0.000800,0.001800,0.000400,0.002000,0.007300,0.001200,0.004200,0.023700,0.1652,0.060700,0.082400,0.1556,0.041600,0.1691,0.047700,0.1211,0.000200,0.001400,0.064100,0.008400,0.001300,0.000600,0.027000,0.006000,0.010900,0.001100,0.1388,0.015900,0.039200,0.2029,0.068200,0.001000,0.046600,0.002300,0.033800,0.022500,0.015500,12.6853,0.058200,0.005700,0.000100,0,17.5779,0,0,0,0,0,0,0,50,0,0,0,0,1,1,9,9,2,1,1,4,1,1,1,1,1,1,7,7,1,1,50,9,6,42,76,794,950,0,0,0,0,0,-100,-100,-100,-100,600,1440,107.7673,0,0,-0.000000,-1,0,0,0,1,0,13.7344,5,50,75.1289,13.7344,0,0,48.9844,0,100,0,0,0,0,0,0,0,0,0,0.5073,0.5073,1,0.5073,0.5073,35.9899,8.9635,20141,90,568,135,12254.2188,3604.0703,7254.2305,0,15858.2891,14.8274,2.2004,12.5969,14.8274,2.2015,3.0246,33.3333,4.1735,27.3564,0.000600,0.4993,0.000600,0.001000,0.002100,0.014700,0.000600,0.1778,0,0.017400,0.028100,0.036000,0.9401,0.8814,0.020400,0.006200,0.067300,0,0.045700,0.6116,0.088800,0.006100,0.041200,0.1844,0.034500,0.1141,0.4635,2.7051,0.3864,0.057300,5.5523,0.097300,0.031700,0.2097,0.6991,0.069600,0.001900,0.002400,0.061600,0.1966,0.050100,0.000600,1.2121,1043,397558,0,0,0,0,0,0,0,0.001300,0.008000,0,0,0,0,0,0,0,0,0,0,0,0,0,0,0,0,0,0,0
,0.018200,0.013200,2,57,0,55,0,0,13,233,13,0,454,3,0,0,12,2,0,0,0,0,0.008200,0.005900,0.2933,0.005800,0.008900,0.001500,1.1535,0.2205,0.036700,0.1272,0,0.022600,0.000900,1,768,256,11229,3565.7148,15494.9102,239.1602,0,4,0.000100,0.006500,0.001600,0.016600,0.2209,0,0,0.063300,0.2273,2.8161,0.073100,0.000300,0.001400,0.000200,0.000200,0.007200,0.006000,0.043300,0.004700,0.031700,0.2215,0.010600,0.005400,6.2762,0.029700,0.008200,0.039100,0.012300,0.018900,0.088800,0.009600,0.078800,0.001900,0.1102,0.007800,0.071600,0.6413,0.007200,2.3238,0.000400,0.1922,0.000500,0.000300,0.028900,0.2938,0.7598,0.025500,0.9631,0.7279,0.002000,0.009900,0.000400,0.033500,0.5491,10.5032,8.7628,13.0955,634,16,0.2500,0,16,3.8438,1,0,0,629,1,0,115,102,13,0,-1,-1,0,-1,-1,13.9904,4.9185,0,1525.2227,1525.2227,1525.0977,95,874,561,321,0.000800,0.000800,0.000900,0,0,0.014300,0.077400,0.000600,0.011500,0.068200,0.037400,0.000900,0.001800,0.000400,0.001600,0.006700,0.000900,0.003900,0.021500,0.1496,0.054000,0.073300,0.1379,0.042300,0.2504,0.019700,0.2295,0.000400,0.001400,0.061700,0.007900,0.001600,0.000700,0.024800,0.006500,0.011900,0.001000,0.1323,0.014000,0.039800,0.1823,0.067900,0.001100,0.040200,0.002900,0.017400,0.022800,0.014700,10.1094,0.053800,0.005800,0.000200,0,14.8698,0,0,0,0,0,0,0,50,0,0,0,0,1,1,9,9,2,1,1,4,1,1,1,1,1,1,7,7,1,1,50,9,6,42,76,794,950,0,0,0,0,0,-100,-100,-100,-100,600,1440,107.7673,0,0,-0.000000,-1,0,0,0,1,0,13.7344,5,50,75.1289,13.7344,0,0,48.9844,0,100,0,0,0,0,0,0,0,0,0,0.6529,0.6529,1,0.6529,0.6529,48.3368,8.9635,20141,90,568,135,12254.2148,3604.0703,7254.2305,0,15858.2891,12.4661,2.2778,12.4119,12.4661,2.2788,2.9683,33.3333,5.0163,27.6404,0.000300,0.022400,0.000600,0.000500,0.001800,0.009300,0.000600,0.2323,0,0.019400,0.027600,0.036200,0.7272,0.7986,0.020500,0.006100,0.066100,0,0.1801,0.024400,0.2002,0.006100,0.036100,0.6789,0.018300,0.1055,1.0457,1.2962,0.3871,0.057400,4.8671,0.097300,0.031700,0.6326,1.8332,0.6510,0.001800,0.002300,0.064600,0.7967,0.047100,0.000600,1.3768,1057,398266,0,0,0,0,0,0,0,0.001200,0.008300,0,0,0,0,0,0,0,0,0,0,0,0,0,0,0,0,0,0,0
,0.017900,0.008600,2,60,0,58,0,0,13,233,26,0,454,3,0,0,12,2,0,0,0,0,0.016000,0.011000,0.2927,0.004900,0.009300,0.000900,0.8722,0.1728,0.045400,0.1138,0.002700,0.021000,0.001000,1,768,256,11229,3565.7148,15494.9102,239.1602,0.003800,3,0.000100,0.007400,0.001900,0.017200,0.1830,0,0,0.056300,0.2576,2.6944,0.068700,0.000300,0.001300,0.000200,0.000300,0.006200,0.007800,0.044100,0.005400,0.032700,0.1433,0.011400,0.005600,7.4176,0.031800,0.008200,0.034500,0.012300,0.019500,0.079800,0.010000,0.092400,0.001900,0.1011,0.007800,0.071100,0.6596,0.006800,2.3624,0.000300,0.2281,0.000600,0.000300,0.031000,0.4074,0.6906,0.026100,0.9508,0.1857,0.001800,0.011300,0.000500,0.035900,0.1080,15.0768,8.7628,13.0955,634,16,0.2500,0,16,3.8438,1,0,0,629,1,0,115,102,13,0,-1,-1,0,-1,-1,13.9904,4.9185,0,1525.2227,1525.2227,1525.0977,95,871,551,321,0,0,0.000800,0,0,0.013700,0.077300,0.000500,0.011600,0.066700,0.040800,0.000800,0.002000,0.000400,0.001600,0.006600,0.000800,0.003900,0.023000,0.1405,0.054800,0.071700,0.1678,0.039000,0.1716,0.020500,0.1337,0.000200,0.001600,0.061400,0.008100,0.001300,0.000600,0.027100,0.006100,0.011800,0.001200,0.1368,0.013900,0.041200,0.2189,0.069000,0.001200,0.047000,0.002500,0.034200,0.023100,0.020700,14.6743,0.055100,0.005700,0,0,12.3600,0,0,0,0,0,0,0,50,0,0,0,0,1,1,9,9,2,1,1,4,1,1,1,1,1,1,7,7,1,1,50,9,6,42,76,794,950,0,0,0,0,0,-100,-100,-100,-100,600,1440,107.7673,0,0,-0.000000,-1,0,0,0,1,0,13.7344,5,50,75.1289,13.7344,0,0,48.9844,0,100,0,0,0,0,0,0,0,0,0,0.4644,0.4644,1,0.4644,0.4644,2.5865,8.9635,20141,90,568,135,12254.1953,3604.0703,7254.2305,0,15858.2852,16.7728,2.0961,15.7095,16.7736,2.0961,2.9891,33.3333,4.1611,28.3478,0.000200,0.5879,0.000700,0.000800,0.001900,0.009800,0.000600,0.080500,0,0.020500,0.027500,0.039000,0.9671,0.4537,0.022600,0.005100,0.5941,0.001100,0.048300,0.008500,0.2209,0.006200,0.036700,0.1845,0.017200,0.1174,1.0396,1.1686,0.5268,0.059500,5.0104,0.096300,0.030700,0.039300,1.3031,0.5038,0.004500,0.004400,0.062300,0.3564,0.048100,0.000600,0.6643,926,385340,0,1620,889,0,0.8341,0,0,0,0.008500,0,0,0,0,0,0,0,0,0,0,0,0,0,0,0,0,0,0,0
,0.021000,0.005600,2,64,0,62,0,0,13,233,32,0,454,3,0,0,12,2,0,0,0,0,0,0.004500,0.3049,0.004600,0.007400,0.001100,0.8144,0.2116,0.062600,0.1279,0,0.021100,0.002800,0,768,256,11229,3565.7148,15494.9102,239.1602,0,3,0.000100,0.008200,0.001700,0.016800,0.2069,0,0,0,0.2344,2.6495,0.071700,0.000300,0.001400,0.000300,0.000300,0.006700,0.005100,0.042600,0.004900,0.029900,0.1239,0.010400,0.005700,4.7820,0.026000,0.007300,0.036700,0.011100,0.018000,0.090000,0.007900,0.069200,0.002100,0.094900,0.007900,0.070900,0.5925,0.005400,2.4088,0.000200,0.1931,0.000600,0.000300,0.029100,0.3135,0.6435,0.024100,0.9031,0.1500,0.001900,0.009100,0.000500,0.047800,0.5233,15.2038,8.7628,13.0955,634,16,0.2500,0,16,3.8438,1,0,0,629,1,0,115,102,13,0,-1,-1,0,-1,-1,13.9904,4.9185,0,1525.2227,1525.2227,1525.0977,95,871,551,321,0,0,0.000700,0,0,0.013000,0.077200,0.000500,0.011400,0.067200,0.037800,0.000800,0.001500,0.000100,0.001400,0.005900,0.001000,0.003400,0.022000,0.1313,0.055900,0.078700,0.1392,0.047300,0.1894,0.032400,0.076200,0.000100,0.001400,0.061400,0.008700,0.001500,0.000300,0.024100,0.006100,0.012100,0.001100,0.1340,0.015100,0.038000,0.1919,0.063900,0.001200,0.040700,0.002800,0.033000,0.022000,0.014800,14.8357,0.054800,0.006100,0.000100,0,16.8193,0,0,0,0,0,0,0,50,0,0,0,0,1,1,9,9,2,1,1,4,1,1,1,1,1,1,7,7,1,1,50,9,6,42,76,794,950,0,0,0,0,0,-100,-100,-100,-100,600,1440,107.7673,0,0,-0.000000,-1,0,0,0,1,0,13.7344,5,50,75.1289,13.7344,0,0,48.9844,0,100,0,0,0,0,0,0,0,0,0,0.4420,0.4420,1,0.4420,0.4420,19.5332,8.9635,20141,90,568,135,12253.9844,3604.0703,7254.2305,0,15858.2656,16.8803,2.0901,15.3850,16.8803,2.0901,2.9082,33.3333,3.7580,28.6777,0.000300,0.023100,0.000600,0.000600,0.001700,0.012200,0.001600,0.074900,0,0.019400,0.026400,0.035200,0.5012,0.3046,0.023500,0.005100,0.066600,0,0.045500,0.010500,0.4301,0,0.037900,0.1685,0.018500,0.2572,0.6520,1.1578,0.5236,0.058400,4.3193,0.096300,0.034800,0.039800,0.7423,0.1868,0.002000,0.002400,0.062700,0.2048,0.050200,0.000600,0.7793,925,385178,0,0,0,0,0,0,0,0,0.008200,0,0,0,0,0,0,0,0,0,0,0,0,0,0,0,0,0,0,0
,0.016900,0.007700,2,57,0,55,0,0,13,233,12,0,454,3,0,0,12,2,0,0,0,0,0.008500,0.016500,0.2872,0.005700,0.007800,0.001200,0.7104,0.2080,0.045400,0,0.001100,0.024300,0,1,768,256,11229,3565.7148,15494.9102,239.1602,0.001400,3,0.000100,0.007200,0.001800,0.029500,0.3822,0,0,0.067100,0.2376,2.8731,0.065700,0.000300,0.001100,0.000300,0.000200,0.006100,0.006200,0.045900,0.004500,0.031300,0.1264,0.010000,0.005500,3.8951,0.041600,0.009100,0.033200,0.011400,0.017700,0.086900,0.009000,0.070600,0.001800,0.079300,0.014700,0.063200,0.5974,0.007300,2.3088,0.000200,0.1746,0.000500,0.000300,0.026600,0.4478,0.9346,0.024900,0.9554,0.7992,0.001800,0.022900,0.000300,0.034800,1.0424,12.3598,8.7628,13.0955,634,16,0.2500,0,16,3.8438,1,0,0,629,1,0,115,102,13,0,-1,-1,0,-1,-1,13.9904,4.9185,0,1525.2227,1525.2227,1525.0977,95,885,535,317,0,0,0.000900,0,0,0.014300,0.076500,0.000600,0.011400,0.064900,0.037400,0.000800,0.001500,0.000200,0.001600,0.005900,0.001000,0.004100,0.020500,0.2408,0.053500,0.076200,0.1487,0.040800,0.2687,0.019000,0.091200,0.000300,0.001400,0.061100,0.008100,0.001300,0.000700,0.023300,0.006000,0.011200,0.001100,0.1300,0.013400,0.040000,1.0385,0.066100,0.001200,0.040500,0.002400,0.016400,0.022800,0.8725,11.0987,0.052400,0.005900,0.000100,0,16.9358,0,0,0,0,0,0,0,50,0,0,0,0,1,1,9,9,2,1,1,4,1,1,1,1,1,1,7,7,1,1,50,9,6,42,76,794,950,0,0,0,0,0,-100,-100,-100,-100,600,1440,107.7673,0,0,-0.000000,-1,0,0,0,1,0,13.7344,5,50,75.1289,13.7344,0,0,48.9844,0,100,0,0,0,0,0,0,0,0,0,0.6227,0.6227,1,0.6227,0.6227,33.7015,8.9635,20141,90,568,135,12253.9727,3604.0703,7254.2305,0,15858.0547,14.2834,2.2774,14.2166,14.2834,2.2774,3.0196,33.3333,4.2208,28.4835,0.000300,0.021600,0.000600,0.000600,0.001900,0.014600,0.000500,0.072700,0.001000,0.016400,0.024300,0.035000,0.5024,0.1938,0.022500,0.006100,0.066900,0,0.046000,0.008300,0.3776,0,0.031500,0.1344,0.017100,0.1948,1.0040,0.8670,0.5095,0.058400,3.0238,0.093200,0.030700,0.039100,0.9854,0.2268,0.001800,0.002800,0.063500,0.2182,0.048100,0.000600,0.8154,921,384702,0,0,0,0,0,0,0,0,0.007800,0,0,0,0,0,0,0,0,0,0,0,0,0,0,0,0,0.014700,0,0
,0.021700,0.006000,2,57,0,55,0,0,13,233,14,0,454,3,0,0,12,2,0,0,0,0,0.007200,0.011400,0.2876,0.006000,0.009100,0.001200,1.0764,0.1812,0.051800,0.2547,0.002400,0.021700,0,2,768,256,11229,3565.7148,15494.9102,239.1602,0.002400,6,0.000200,0.007500,0.001900,0.017400,0.1775,0,0,0.2433,0.2650,2.9960,0.071200,0.000300,0.001500,0.000300,0.000300,0.007800,0.007900,0.049000,0.005800,0.037900,0.1401,0.011400,0.006700,2.2215,0.029700,0.009500,0.036600,0.011900,0.019200,0.084400,0.009400,0.074900,0.002100,0.076500,0.009300,0.067000,0.5762,0.005700,2.8468,0.000400,0.2042,0.000600,0.000400,0.029500,0.3830,0.8743,0.024700,0.9734,0.1905,0.002700,0.010000,0.000500,0.036500,0.4319,12.1574,8.7628,13.0955,634,16,0.2500,0,16,3.8438,1,0,0,629,1,0,115,102,13,0,-1,-1,0,-1,-1,13.9904,4.9185,0,1525.2227,1525.2227,1525.0977,95,879,535,318,0,0,0.000800,0,0,0.015000,0.079200,0.000400,0.011900,0.070500,0.043000,0.000800,0.001600,0.000300,0.001500,0.006300,0.000900,0.004100,0.021900,0.1966,0.056000,0.083400,0.1532,0.039900,0.1707,0.024200,0.099300,0.000300,0.005800,0.061300,0.008100,0.001400,0.000600,0.027000,0.006500,0.012400,0.001200,0.1326,0.013300,0.040000,0.1943,0.064700,0.001100,0.022900,0.003700,0.031500,0.020400,0.018400,11.6251,0.059000,0.006100,0.000200,0,14.1878,0,0,0,0,0,0,0,50,0,0,0,0,1,1,9,9,2,1,1,4,1,1,1,1,1,1,7,7,1,1,50,9,6,42,76,794,950,0,0,0,0,0,-100,-100,-100,-100,600,1440,107.7673,0,0,-0.000000,-1,0,0,0,1,0,13.7344,5,50,75.1289,13.7344,0,0,48.9844,0,100,0,0,0,0,0,0,0,0,0,0.4941,0.4941,1,0.4941,0.4941,48.7165,8.9635,20141,90,568,135,12253.9570,3604.0703,7254.2305,0,15858.0430,15.1462,4.2539,10.9111,15.1462,4.2552,2.8201,33.3333,4.2864,28.2857,0.000300,0.022000,0.000700,0.000600,0.001500,0.009100,0.001100,0.2271,0,0.020500,0.027500,0.033200,0.4941,0.2416,0.019400,0.006200,0.068200,0,0.2019,0.020300,0.096900,0.005100,0.032500,0.1360,0.018700,0.1098,0.5984,1.0194,0.4822,0.057300,3.0780,0.093200,0.030700,0.039600,1.4552,0.2099,0.002200,0.002500,0.061500,0.7740,0.048200,0.000500,0.6464,1059,403802,0,0,0,0,0,0,0,0.001500,0.008400,0,0,0,0,0,0,0,0,0,0,0,0,0,0,0,0,0,0,0
,0.027600,0.006900,2,56,0,54,0,0,13,233,12,0,454,3,0,0,12,2,0,0,0,0,0.018000,0.006100,0.3448,0.005500,0.008900,0.001000,1.0082,0.1959,0.060700,0.1389,0.001400,0.035600,0.001700,0,768,256,11229,3565.7148,15494.9102,239.1602,0.001300,3,0,0.008300,0.001900,0.013800,0.1792,0,0,0.058400,0.4039,3.2650,0.083600,0.000300,0.001100,0.000200,0.000300,0.007100,0.008200,0.054500,0.006200,0.046800,0.1531,0.011500,0.007200,1.9143,0.035900,0.008800,0.042800,0.013200,0.020700,0.1209,0.011900,0.089800,0.002400,0.090800,0.010900,0.076400,0.6484,0.005000,2.3883,0.000400,0.1907,0.000600,0.000400,0.032100,0.3190,0.7245,0.027500,0.9680,0.1631,0.001700,0.009400,0.000500,0.032700,0.4750,10.8126,8.7628,13.0955,634,16,0.2500,0,16,3.8438,1,0,0,629,1,0,115,102,13,0,-1,-1,0,-1,-1,13.9904,4.9185,0,1525.2227,1525.2227,1525.0977,95,879,535,318,0,0,0.000900,0,0,0.017200,0.081800,0.000600,0.012300,0.069900,0.054700,0.001100,0.001600,0.000200,0.001400,0.006100,0.001100,0.004000,0.021700,0.1392,0.072500,0.082900,0.1516,0.043900,0.4970,0.021600,0.4000,0.000300,0.001700,0.062900,0.011300,0.001300,0.000700,0.027200,0.005900,0.012000,0.001100,0.1372,0.014700,0.040600,0.1914,0.066200,0.001400,0.030100,0.002800,0.030800,0.021500,0.014900,10.2175,0.059900,0.006500,0.000200,0,15.0282,0,0,0,0,0,0,0,50,0,0,0,0,1,1,9,9,2,1,1,4,1,1,1,1,1,1,7,7,1,1,50,9,6,42,76,794,950,0,0,0,0,0,-100,-100,-100,-100,600,1440,107.7673,0,0,-0.000000,-1,0,0,0,1,0,13.7344,5,50,75.1289,13.7344,0,0,48.9844,0,100,0,0,0,0,0,0,0,0,0,0.9846,0.9846,1,0.9846,0.9846,61.6960,8.9635,20141,90,568,135,12253.9453,3604.0703,7254.2305,0,15858.0273,12.8348,2.7501,10.0626,12.8348,2.7501,2.9073,33.3333,4.7150,27.3804,0.000800,0.021000,0.000600,0.000600,0.001700,0.012500,0.000600,0.074700,0.001100,0.021500,0.029000,0.036000,0.4075,0.1989,0.022500,0.007200,0.066600,0,0.048100,0.012100,0.080700,0.006100,0.031100,0.1430,0.015200,0.087400,0.4574,1.4617,0.3393,0.1147,2.5428,0.096200,0.030700,0.039300,0.7010,0.071100,0.002400,0.004600,0.1083,0.2313,0.053300,0.000700,1.4267,1066,402588,0.046800,0,0,0,0,0,0.010800,0,0.008100,0,0,0,0,0,0,0,0,0,0,0,0,0,0,0,0,0,0,0
,0.012900,0.008500,4,137,0,133,0,0,27,466,74,0,908,6,0,0,25,4,0,0,0,0,0.009200,0.002500,0.3107,0.005700,0.008900,0.000900,0.7818,0.2062,0.041600,0.1236,0.001300,0.024700,0,0,768,256,11229,3565.7148,15494.9102,239.1602,0.001300,1,0.000100,0.007600,0.001800,0.012700,0.2027,0,0,0.052700,0.2275,2.9637,0.1058,0.000200,0.001400,0.000200,0.000200,0.006800,0.005800,0.045100,0.004700,0.031600,0.094100,0.009700,0.005600,1.9562,0.025800,0.008100,0.050900,0.011400,0.019500,0.099100,0.012200,0.081500,0.002200,0.095100,0.008900,0.069300,0.6429,0.005500,2.3551,0.000300,0.1906,0.000700,0.000400,0.028900,0.3179,0.7378,0.025700,0.9464,0.1769,0.002000,0.009700,0.000400,0.032200,0.6239,10.7615,8.7628,13.0955,634,16,0.2500,0,16,3.8438,1,0,0,629,1,0,115,102,13,0,-1,-1,0,-1,-1,13.9904,4.9185,0,1525.2227,1525.2227,1525.0977,95,879,535,318,0,0,0.001100,0,0,0.014400,0.085000,0.000600,0.012800,0.069700,0.038300,0.001000,0.001800,0.000200,0.001600,0.006500,0.001000,0.004000,0.022900,0.2243,0.054600,0.078100,0.1780,0.039300,0.1347,0.019900,0.044700,0.000200,0.001700,0.065100,0.008600,0.001100,0.000600,0.026800,0.006400,0.012900,0.001300,0.1565,0.015600,0.045600,0.2093,0.078400,0.001200,0.057900,0.002400,0.018800,0.023300,0.017600,10.3589,0.055700,0.006200,0.000100,0,12.9972,0,0,0,0,0,0,0,50,0,0,0,0,1,1,9,9,2,1,1,4,1,1,1,1,1,1,7,7,1,1,50,9,6,42,76,794,950,0,0,0,0,0,-100,-100,-100,-100,600,1440,107.7673,0,0,-0.000000,-1,0,0,0,1,0,13.7344,5,50,75.1289,13.7344,0,0,48.9844,0,100,0,0,0,0,0,0,0,0,0,0.4304,0.4304,1,0.4304,0.4304,11.8780,8.9635,20141,90,568,135,12233.0586,3604.0703,7254.2305,0,15858.0156,12.5244,2.1290,9.4149,12.5244,2.1299,3.4324,33.3333,5.6255,26.0653,0.000200,0.021100,0.000500,0.000600,0.001700,0.007300,0.000600,0.074200,0,0.018500,0.025700,0.038300,0.3913,0.3249,0.020500,0.006100,0.065700,0,0.047700,0.017600,0.078100,0.006100,0.032800,0.1329,0.015400,0.1263,0.4292,0.7464,0.3469,0.058400,2.7944,0.5755,0.034800,0.067800,0.7358,0.067500,0.002100,0.002700,0.064700,0.2305,0.050200,0.000700,0.8614,1020,390120,0,1827,1029,0,2.8245,0,0,0.001100,0.008800,0,0,0,0,0,0,0,0,0,0,0,0,0,0,0,0,0,0,0
,0.086600,0.012200,2,57,0,55,0,0,13,233,11,0,454,3,0,0,12,2,0,0,0,0,0,0.005000,0.3069,0.005100,0.008400,0.001000,0.7849,0.4530,0.046000,0.1231,0,0.019600,0,1,768,256,11229,3565.7148,15494.9102,239.1602,0,4,0.000200,0.007500,0.001900,0.012900,0.1680,0,0,0.050600,0.2327,3.4614,0.067400,0.000300,0.001400,0.000200,0.000300,0.008400,0.007400,0.042300,0.005600,0.029700,0.1401,0.010900,0.007900,1.8606,0.030600,0.010200,0.030500,0.012200,0.019000,0.1178,0.014100,0.092600,0.002500,0.095500,0.008000,0.086500,0.6098,0.006000,2.5556,0.000400,0.2265,0.000600,0.000300,0.033800,0.3085,1.5739,0.028500,1.0676,0.1019,0.002500,0.011100,0.000400,0.037500,0.5957,10.0269,8.7628,13.0955,634,16,0.2500,0,16,3.8438,1,0,0,629,1,0,115,102,13,0,-1,-1,0,-1,-1,13.9904,4.9185,0,1525.2227,1525.2227,1525.0977,95,907,561,322,0,0,0.000800,0,0,0.015400,0.082600,0.000900,0.013200,0.075500,0.040200,0.000800,0.001700,0.000400,0.001600,0.006300,0.001300,0.004300,0.024700,0.1263,0.055100,0.073500,0.1586,0.037800,0.4884,0.018700,0,0.000400,0.001800,0.072700,0.010100,0.001700,0.001000,0.033900,0.007800,0.013600,0.001200,0.1545,0.020500,0.050300,0.2030,0.070300,0.001200,0.042900,0.002200,0.031800,0.022400,0.016600,9.5866,0.055700,0.006700,0.000100,0,12.5609,0,0,0,0,0,0,0,50,0,0,0,0,1,1,9,9,2,1,1,4,1,1,1,1,1,1,7,7,1,1,50,9,6,42,76,794,950,0,0,0,0,0,-100,-100,-100,-100,600,1440,107.7673,0,0,-0.000000,-1,0,0,0,1,0,13.7344,5,50,75.1289,13.7344,0,0,48.9844,0,100,0,0,0,0,0,0,0,0,0,0.4702,0.4702,1,0.4702,0.4702,23.8545,8.9635,20141,90,568,135,12233.0469,3604.0703,7254.2305,0,15837.1289,12.0456,2.4141,8.9285,12.0456,2.4152,3.0403,33.3333,5.3649,26.8182,0.000200,0.021800,0.000700,0.000600,0.001500,0.008200,0.001600,0.073000,0,0.022500,0.025700,0.036000,0.3753,0.2277,0.027600,0.007200,0.062700,0,0.052800,0.010900,0.082100,0.005200,0.030300,0.1298,0.023400,0.090300,0.4267,0.8089,0.3422,0.063500,2.5345,0.095200,0.031800,0.038800,0.6912,0.095800,0.002100,0.002400,0.060400,0.1955,0.050100,0.000600,0.7036,1041,394672,0,0,0,0,0,0,0,0.001300,0.008800,0,0,0,0,0,0,0,0,0,0,0,0,0,0,0,0,0,0,0
,0.016900,0.009400,2,60,0,58,0,0,13,233,26,0,454,3,0,0,12,2,0,0,0,0,0.018500,0.022000,0.3175,0.005400,0.009200,0.000800,0.8555,0.1971,0.046500,0.1393,0.003800,0.028100,0,2,768,256,11229,3565.7148,15494.9102,239.1602,0.002900,6,0.000500,0.008700,0.002100,0.014200,0.1946,0,0,0.059300,0.2914,2.7515,0.063600,0.000300,0.001200,0.000200,0.000300,0.007200,0.007700,0.040300,0.004800,0.031500,0.1411,0.010400,0.005600,1.7187,0.030100,0.022500,0.032200,0.012400,0.020000,0.079500,0.009900,0.076500,0.002100,0.078700,0.008200,0.070000,0.6356,0.006000,2.4997,0.000400,0.2176,0.000700,0.000400,0.034100,0.4391,0.7070,0.027700,1.0329,0.1965,0.002000,0.010100,0.000400,0.034700,0,11.9011,8.7628,13.0955,634,16,0.2500,0,16,3.8438,1,0,0,629,1,0,115,102,13,0,-1,-1,0,-1,-1,13.9904,4.9185,0,1525.2227,1525.2227,1525.0977,95,879,561,322,0,0,0.000900,0,0,0.020900,0.083900,0.000900,0.015700,0.070300,0.041400,0.000800,0.001700,0.000200,0.001700,0.006000,0.000900,0.003700,0.024400,0.1371,0.059200,0.080500,0.1557,0.2251,0.1395,0.014800,0,0.000200,0.001600,0.070900,0.008300,0.001600,0.000700,0.026300,0.006300,0.013200,0.001300,0.1378,0.014400,0.042600,0.1997,0.071900,0.001400,0.044500,0.002300,0.031900,0.022600,0.015800,11.3580,0.061500,0.005900,0.000100,0,11.9723,0,0,0,0,0,0,0,50,0,0,0,0,1,1,9,9,2,1,1,4,1,1,1,1,1,1,7,7,1,1,50,9,6,42,76,794,950,0,0,0,0,0,-100,-100,-100,-100,600,1440,107.7673,0,0,-0.000000,-1,0,0,0,1,0,13.7344,5,50,75.1289,13.7344,0,0,48.9844,0,100,0,0,0,0,0,0,0,0,0,0.4055,0.4055,1,0.4055,0.4055,37.4131,8.9635,20141,90,568,135,12205.5781,3604.0703,7254.2305,0,15837.1172,13.5718,2.2176,7.5145,13.5718,2.2185,3.1357,33.3333,5.4488,26.9853,0.000300,0.022500,0.000600,0.000500,0.001600,0.008800,0.001600,0.072500,0,0.018400,0.029300,0.039100,0.3417,0.1868,0.021500,0.005100,0.061300,0,0.045100,0.011400,0.2130,0.005100,0.032100,0.1359,0.016100,0.089600,0.4319,0.6732,0.2960,0.057200,2.3375,0.095300,0.030700,0.039900,0.6928,0.087900,0.002300,0.002600,0.073900,0.1997,0.049100,0.000700,0.6115,1104,407662,0,0,0,0,0,0,0,0.001100,0.009000,0,0,0,0,0,0,0,0,0,0,0,0,0,0,0,0,0,0,0
,0.029700,0.018500,2,80,0,78,0,0,14,233,41,0,454,3,0,0,13,2,0,0,0,0,0,0.002300,0.3563,0.006700,0.008900,0.000900,0.8723,0.1802,0.057700,0.1374,0,0.030800,0.001900,1,768,256,11229,3565.7148,15494.9102,239.1602,0,2,0.000200,0.3753,0.001800,0.012700,0.2440,0,0,0.057600,0.2199,3.2700,0.068200,0.000300,0.001300,0.000200,0.000400,0.007600,0.006500,0.043100,0.005800,0.034400,0.1363,0.009800,0.005800,1.4735,0.029800,0.009700,0.043600,0.012900,0.021700,0.1093,0.009400,0.079500,0.002400,0.094300,0.010600,0.075200,0.6331,0.005300,2.4632,0.000500,0.2172,0.000500,0.000400,0.034100,0.3399,0.8052,0.029300,1.0466,0.1893,0.002100,0.010600,0.000500,0.034100,0.3860,9.6256,8.7628,13.0955,634,16,0.2500,0,16,3.8438,1,0,0,629,1,0,115,102,13,0,-1,-1,0,-1,-1,13.9904,4.9185,0,1525.2227,1525.2227,1525.0977,95,904,561,322,0,0,0.001000,0,0,0.015200,0.080300,0.000500,0.010600,0.070800,0.041000,0.001000,0.001800,0.000200,0.001800,0.006900,0.001100,0.004200,0.025100,0.1672,0.070200,0.080700,0.1537,0.045900,0.1759,0.026600,0.1221,0.000100,0.001400,0.066600,0.008900,0.001700,0.000700,0.027500,0.007000,0.012500,0.001200,0.1523,0.017100,0.042200,0.1949,0.070700,0.001600,0.054600,0.002800,0.022200,0.023800,0.016700,9.0783,0.059800,0.007000,0.000100,0.005300,13.5440,0,0,0,0,0,0,0,50,0,0,0,0,1,1,9,9,2,1,1,4,1,1,1,1,1,1,7,7,1,1,50,9,6,42,76,794,950,0,0,0,0,0,-100,-100,-100,-100,600,1440,107.7673,0,0,-0.000000,-1,0,0,0,1,0,13.7344,5,50,75.1289,13.7344,0,0,48.9844,0,100,0,0,0,0,0,0,0,0,0,0.4897,0.4897,1,0.4897,0.4897,48.7212,8.9635,20141,90,568,135,12165.7695,3604.0781,7254.2305,0,15809.6562,11.3848,2.2096,7.4340,11.3848,2.2096,3.0882,33.3333,5.7254,26.7453,0.000300,0.022400,0.000600,0.000600,0.001600,0.007200,0.000500,0.075800,0.001000,0.024500,0.028500,0.036000,0.3613,0.2015,0.020500,0.006200,0.066500,0,0.045700,0.015800,0.2079,0.005100,0.032500,0.1349,0.016000,0.090800,0.4288,0.7213,0.8036,0.061400,3.1488,0.094200,0.032800,0.037800,0.6976,0.077700,0.002100,0.002800,0.064600,0.1977,0.049200,0.000700,0.6170,942,386608,0,0,0,0,0,0,0,0,0.008200,0,0,0,0,0,0,0,0,0,0,0,0,0,0,0,0,0,0,0
,0.080300,0.011600,2,57,0,55,0,0,13,233,12,0,454,3,0,0,12,2,0,0,0,0,0.009100,0.006800,0.3397,0.006100,0.009400,0.001000,0.8448,0.2031,0.051500,0.1319,0.002600,0.027700,0,1,768,256,11229,3565.7148,15494.9102,239.1602,0.004200,5,0.000300,0.008200,0.002200,0.014200,0.1880,0,0,0.057000,0.2451,3.2176,0.064100,0.000300,0.001200,0.000200,0.000300,0.008000,0.007600,0.046000,0.005800,0.033100,0.1207,0.011700,0.006000,1.6777,0.028300,0.008800,0.043500,0.012100,0.020900,0.082400,0.014500,0.084600,0.002600,0.084600,0.010100,0.086300,0.7266,0.006800,2.6705,0.000300,0.2664,0.000800,0.000400,0.035200,0.3582,0.8480,0.031400,1.1325,0.1430,0.002300,0.009900,0.000500,0.035700,0.5840,10.2516,8.7628,13.0955,634,16,0.2500,0,16,3.8438,1,0,0,629,1,0,115,102,13,0,-1,-1,0,-1,-1,13.9904,4.9185,0,1525.2227,1525.2227,1525.0977,95,880,535,318,0,0,0.001000,0,0,0.014000,0.077800,0.000800,0.012300,0.070600,0.044900,0.000900,0.002000,0.000400,0.001400,0.006700,0.001300,0.004000,0.024600,0.1488,0.077900,0.086600,0.1573,0.048600,0.2222,0.020300,0.1601,0.000300,0.001600,0.064800,0.008400,0.001100,0.000300,0.027100,0.006400,0.012200,0.001600,0.1362,0.015600,0.042800,0.2033,0.066800,0.001100,0.041000,0.002800,0.032500,0.022300,0.017500,9.8450,0.056400,0.006100,0.000200,0,11.3050,0,0,0,0,0,0,0,50,0,0,0,0,1,1,9,9,2,1,1,4,1,1,1,1,1,1,7,7,1,1,50,9,6,42,76,794,950,0,0,0,0,0,-100,-100,-100,-100,600,1440,107.7673,0,0,-0.000000,-1,0,0,0,1,0,13.7344,5,50,75.1289,13.7344,0,0,48.9844,0,100,0,0,0,0,0,0,0,0,0,0.5591,0.5591,1,0.5591,0.5591,60.8226,8.9635,20141,90,568,135,12123.6211,3604.0781,7254.2305,0,15769.8477,11.9970,2.2932,8.5369,11.9970,2.2932,3.0776,33.3333,5.6973,26.8833,0.000600,0.022700,0.000500,0.000500,0.001400,0.007200,0.000600,0.076700,0.001000,0.022600,0.019100,0.033400,0.3440,0.2028,0.019400,0.006200,0.063300,0,0.045600,0.014000,0.2105,0.006100,0.031900,0.1401,0.015600,0.1044,0.4408,0.8796,0.2824,0.056300,2.0747,0.092100,0.032800,0.039600,1.1236,0.079800,0.002100,0.002800,0.065100,0.2047,0.047200,0.000600,0.6153,1036,396212,0,0,0,0,0,0,0.003000,0,0.008200,0,0,0,0,0,0,0,0,0,0,0,0,0,0,0,0,0,0,0
,0.021300,0.009100,2,60,0,58,0,0,13,233,25,0,454,3,0,0,12,2,0,0,0,0,0.029300,0.009100,0.3219,0.005600,0.009800,0.001100,0.8535,0.1642,0.043800,0.1394,0.001000,0.034300,0,0,768,256,11229,3565.7148,15494.9102,239.1602,0.001800,5,0.000100,0.008400,0.001900,0.015000,0.1899,0,0,0.068200,0.3149,3.7672,0.080700,0.000500,0.001200,0.000200,0.000200,0.007100,0.008300,0.062000,0.006500,0.035400,0.1558,0.011400,0.006200,1.5927,0.031800,0.009100,0.035100,0.016600,0.031600,0.088600,0.015000,0.085000,0.002400,0.094500,0.010200,0.074400,0.6739,0.006400,2.5123,0.000300,0.2323,0.000700,0.000400,0.050100,0.3771,1.0842,0.030900,1.0718,0.1118,0.002400,0.011400,0.000500,0.042200,0.5050,10.9592,8.7628,13.0955,634,16,0.2500,0,16,3.8438,1,0,0,629,1,0,115,102,13,0,-1,-1,0,-1,-1,13.9904,4.9185,0,1525.2227,1525.2227,1525.0977,95,880,535,318,0,0,0.001100,0,0,0.013400,0.079500,0.000500,0.019600,0.069000,0.038700,0.000800,0.001300,0.000300,0.001800,0.006600,0.001000,0.004100,0.022500,0.1191,0.056100,0.075100,0.1549,0.035700,0.4331,0.015700,0,0.000200,0.001800,0.065800,0.009400,0.001200,0.000400,0.026700,0.006400,0.011700,0.001100,0.1410,0.015200,0.041100,0.1919,0.066300,0.001400,0.020900,0.003100,0.030500,0.020700,0.015600,10.6323,0.059900,0.010300,0.000100,0,12.1244,0,0,0,0,0,0,0,50,0,0,0,0,1,1,9,9,2,1,1,4,1,1,1,1,1,1,7,7,1,1,50,9,6,42,76,794,950,0,0,0,0,0,-100,-100,-100,-100,600,1440,107.7673,0,0,-0.000000,-1,0,0,0,1,0,13.7344,5,50,75.1289,13.7344,0,0,48.9844,0,100,0,0,0,0,0,0,0,0,0,0.4439,0.4439,1,0.4439,0.4439,9.6888,8.9635,20141,90,568,135,12119.1758,3604.0781,7254.2305,0,15727.6992,12.7852,2.2450,8.0193,12.7852,2.2468,3.1145,33.3333,5.4150,26.9617,0.000200,0.021600,0.000600,0.000600,0.001400,0.007200,0.000600,0.072500,0.001000,0.021400,0.029600,0.042300,0.3543,0.2097,0.019500,0.006100,0.061800,0,0.047000,0.012600,0.084000,0.006100,0.030500,0.1388,0.016000,0.090700,0.4359,0.7811,0.3187,0.058400,2.3050,0.095200,0.031700,0.042800,0.6911,0.074600,0.001900,0.002500,0.062300,0.2006,0.049200,0.000600,0.6118,1051,397538,0,2106,1185,0,1.1762,0,0,0.002100,0.008900,0,0,0,0,0,0,0,0,0,0,0,0,0,0,0,0,0,0,0
,0.031700,0.005900,2,64,0,62,0,0,13,233,28,0,454,3,0,0,12,2,0,0,0,0,0.009700,0.010200,0.4100,0.006100,0.011300,0.001400,0.9932,0.2258,0.049100,0.1551,0.001200,0.056300,0,0,768,256,11229,3565.7148,15494.9102,239.1602,0.001400,6,0.000100,0.008900,0.002500,0.020400,0.2219,0,0,0.063500,0.3962,3.1389,0.072300,0.000300,0.001600,0.000200,0.000300,0.008100,0.008300,0.047600,0.005200,0.032800,0.1002,0.010400,0.006200,0.4402,0.030200,0.009900,0.030500,0.011900,0.020900,0.1006,0.010900,0.073000,0.002200,0.082800,0.009400,0.066600,0.7590,0.006800,2.4261,0.000200,0.2260,0.000800,0.000600,0.035600,0.3424,0.9181,0.028300,1.1130,1.0970,0.002300,0.012500,0.000500,0.039700,0.8855,11.4982,8.7628,13.0955,634,16,0.2500,0,16,3.8438,1,0,0,629,1,0,115,102,13,0,-1,-1,0,-1,-1,13.9904,4.9185,0,1525.2227,1525.2227,1441.5039,95,879,535,317,0,0,0.001200,0,0,0.015700,0.080100,0.000800,0.017900,0.070600,0.039300,0.000900,0.001800,0.000300,0.001800,0.006900,0.001100,0.004100,0.022600,0.1334,0.057700,0.077500,0.1407,0.041100,0.3152,0.018100,0,0.000100,0.005800,0.062900,0.008300,0.001200,0.000600,0.023900,0.006600,0.011400,0.001200,0.1496,0.013800,0.042100,0.1940,0.076500,0.001000,0.042900,0.001900,0.017600,0.024000,0.020100,11.1310,0.071900,0.006800,0.000200,0,12.8525,0,0,0,0,0,0,0,50,0,0,0,0,1,1,9,9,2,1,1,4,1,1,1,1,1,1,7,7,1,1,50,9,6,42,76,794,950,0,0,0,0,0,-100,-100,-100,-100,600,1440,107.7673,0,0,-0.000000,-1,0,0,0,1,0,13.7344,5,50,75.1289,13.7344,0,0,48.9844,0,100,0,0,0,0,0,0,0,0,0,0.4599,0.4599,1,0.4599,0.4599,23.0034,8.9635,20141,90,568,135,12119.1719,3604.0781,7254.2305,0,15723.2539,13.2719,2.1139,7.3124,13.2719,2.1139,3.2377,33.3333,5.4041,26.0690,0.000600,0.021500,0.000600,0.000700,0.001700,0.008800,0.000600,0.073100,0,0.019500,0.019600,0.025700,0.3432,0.1878,0.021500,0.005200,0.062200,0,0.047000,0.012600,0.093300,0.005200,0.030500,0.1341,0.015600,0.087600,0.4261,0.7441,0.3488,0.057300,2.4791,0.095200,0.031700,0.038900,0.6959,0.091200,0.002500,0.002500,0.060800,0.1997,0.050200,0.000600,0.6700,1021,390558,1.7017,0,0,0,0,0.1856,0,0,0.008600,0,0,0,0,0,0,0,0,0,0,0,0,0,0,0,0,0,0,0
,0.024900,0.007200,2,57,0,55,0,0,13,233,12,0,454,3,0,0,12,2,0,0,0,0,0.008100,0.020600,0.3233,0.005900,0.009500,0.001100,0.8390,0.2260,0.050900,0.1342,0.001800,0.036900,0,0,768,256,11229,3565.7148,15494.9102,239.1602,0.001600,2,0.000100,0.007900,0.001900,0.014400,0.1906,0,0,0.062200,0.2339,3.1475,0.074400,0.000300,0.001100,0.000300,0.000400,0.008100,0.008600,0.041700,0.005400,0.031600,0.1117,0.011800,0.006000,1.1682,0.031600,0.010300,0.048500,0.013100,0.060500,0.1043,0.010000,0.077100,0.002600,0.1293,0.012500,0.075000,0.6936,0.005800,2.4495,0.000300,0.2190,0.000600,0.000500,0.037800,0.3236,1.5495,0.028100,1.0711,0.2173,0.002300,0.010700,0.000400,0.039100,0,10.9683,8.7628,13.0955,634,16,0.2500,0,16,3.8438,1,0,0,629,1,0,115,102,13,0,-1,-1,0,-1,-1,13.9904,4.9185,0,1525.2227,1525.2227,1525.0977,95,880,535,317,0,0,0.000900,0,0,0.017000,0.080900,0.000700,0.013100,0.070500,0.045300,0.000900,0.002000,0.000600,0.001800,0.007300,0.001200,0.004200,0.024000,0.1724,0.058400,0.082000,0.1570,0.042400,0.1982,0.023300,0.066400,0.000300,0.001900,0.063300,0.008800,0.001900,0.000700,0.025300,0.006000,0.011500,0.001000,0.1362,0.013700,0.040100,0.2024,0.066600,0.001700,0.042300,0.002600,0.032100,0.022500,0.020700,10.3868,0.068900,0.007800,0.000200,0,13.3141,0,0,0,0,0,0,0,50,0,0,0,0,1,1,9,9,2,1,1,4,1,1,1,1,1,1,7,7,1,1,50,9,6,42,76,794,950,0,0,0,0,0,-100,-100,-100,-100,600,1440,107.7673,0,0,-0.000000,-1,0,0,0,1,0,13.7344,5,50,75.1289,13.7344,0,0,48.9844,0,100,0,0,0,0,0,0,0,0,0,0.4285,0.4285,1,0.4285,0.4285,35.5917,8.9635,20141,90,568,135,12119.1641,3604.0781,7254.2305,0,15723.2500,12.7598,2.2085,7.2274,12.7598,2.2095,3.3301,33.3333,5.8084,26.8751,0.000200,0.022400,0.000500,0.000600,0.001700,0.021200,0.001800,0.073400,0,0.020500,0.019600,0.041500,0.3764,0.1903,0.019500,0.006100,0.060200,0,0.049600,0.023900,0.084400,0.005100,0.032000,0.1365,0.016600,0.092900,0.4412,0.7157,1.2148,0.056300,2.2988,0.095200,0.031800,0.039400,0.7014,0.088300,0.001800,0.002700,0.067000,0.1987,0.049100,0.000700,0.6077,1023,390310,0,0,0,0,0,0,0,0.001400,0.008400,0,0,0,0,0,0,0,0,0,0,0,0,0,0,0,0,0,0,0
,0.023500,0.6037,2,57,0,55,0,0,13,233,14,0,454,3,0,0,12,2,0,0,0,0,0.013500,0,0.3177,0.005300,0.013000,0.001000,0.8539,0.1881,0.042500,0.1414,0.001300,0.025200,0,1,768,256,11229,3565.7148,15494.9102,239.1602,0.001900,2,0.000200,0.008400,0.002600,0.022800,0.1775,0,0,0.063900,0.3146,3.4167,0.062600,0.000300,0.001600,0.000300,0.000200,0.007300,0.009100,0.043700,0.004800,0.030600,0.1084,0.009200,0.005600,0.4738,0.034200,0.010100,0.028200,0.012900,0.022600,0.085000,0.008700,0.077600,0.002300,0.1202,0.013900,0.1030,1.1002,0.013200,3.2808,0.000500,0.4090,0.000800,0.000800,0.043800,0.3639,1.2701,0.030800,1.0650,0.097700,0.002300,0.011100,0.000600,0.037200,0,9.6951,8.7628,13.0955,634,16,0.2500,0,16,3.8438,1,0,0,629,1,0,115,102,13,0,-1,-1,0,-1,-1,13.9904,4.9185,0,1525.2227,1525.2227,1525.0977,95,880,535,317,0,0,0.001100,0,0,0.015700,0.092600,0.000600,0.012700,0.079900,0.041200,0.000900,0.001600,0.000200,0.001800,0.006300,0.000900,0.003600,0.023000,0.1562,0.057600,0.077800,0.1686,0.036000,1.0163,0.020500,0,0.000400,0.002100,0.099000,0.009900,0.001800,0.000700,0.049800,0.008300,0.014100,0.001500,0.1912,0.021700,0.065800,0.2544,0.096400,0.001700,0.049900,0.002600,0.042900,0.025500,0.024900,9.1128,0.057300,0.005700,0.000100,0,12.6035,0,0,0,0,0,0,0,50,0,0,0,0,1,1,9,9,2,1,1,4,1,1,1,1,1,1,7,7,1,1,50,9,6,42,76,794,950,0,0,0,0,0,-100,-100,-100,-100,600,1440,107.7673,0,0,-0.000000,-1,0,0,0,1,0,13.7344,5,50,75.1289,13.7344,0,0,48.9844,0,100,0,0,0,0,0,0,0,0,0,0.3811,0.3811,1,0.3811,0.3811,47.8918,8.9635,20141,90,568,135,12119.1562,3604.0781,7254.2305,0,15723.2422,12.1618,3.0157,8.3179,12.1618,3.0157,3.3230,33.3333,5.4344,26.9100,0.000600,0.022300,0.000700,0.000600,0.001800,0.006800,0.000600,0.074800,0,0.018400,0.019800,0.031200,0.3476,0.1921,0.020500,0.006100,0.067200,0,0.043600,0.027300,0.072200,0.005200,0.030600,0.1366,0.015900,0.089800,0.4291,0.7779,0.3349,0.059500,2.5162,0.096200,0.042000,0.040300,1.1356,0.068200,0.002400,0.003800,0.065400,0.6441,0.049100,0.000700,0.6340,1024,390359,0,0,0,0,0,0,0,0,0.009400,0,0,0,0,0,0,0,0,0,0,0,0,0,0,0,0,0,0,0
,0.017700,0.5047,2,56,0,54,0,0,13,233,17,0,454,3,0,0,12,2,0,0,0,0,0,0.002500,0.3391,0.006200,0.010200,0.000800,0.8218,0.1683,0.042300,0.1264,0.001400,0.026900,0,1,768,256,11229,3565.7148,15494.9102,239.1602,0.001600,3,0.000200,0.008300,0.002000,0.019900,0.1788,0,0,0.058500,0.2270,3.0802,0.059900,0.000300,0.001200,0.000200,0.000300,0.007200,0.007500,0.038500,0.004700,0.030600,0.096500,0.011700,0.006400,1.2883,0.026400,0.008400,0.028400,0.011100,0.018400,0.1095,0.012000,0.1050,0.002100,0.1548,0.008900,0.071200,0.5906,0.004400,2.3643,0.000300,0.1890,0.000600,0.000300,0.029300,0.3054,0.9027,0.022600,0.8654,0.6974,0.001800,0.010700,0.000500,0.035100,0.086800,9.6532,8.7628,13.0955,634,16,0.2500,0,16,3.8438,1,0,0,629,1,0,115,102,13,0,-1,-1,0,-1,-1,13.9904,4.9185,0,1525.2227,1525.2227,1525.0977,95,908,561,321,0,0,0.001000,0,0,0.015100,0.2683,0.000800,0.020300,0.082000,0.043400,0.000900,0.001700,0.000300,0.001600,0.006700,0.000800,0.004100,0.023800,0.1732,0.061500,0.082000,0.1568,0.047500,0.1832,0.027100,1.1168,0.000500,0.002000,0.074900,0.010400,0.001400,0.000800,0.030800,0.007500,0.014900,0.001300,0.1740,0.016200,0.053200,0.2716,0.087600,0.001800,0.061000,0.002400,0.024600,0.030600,0.031700,8.9002,0.078200,0.006900,0.000100,0,12.3034,0,0,0,0,0,0,0,50,0,0,0,0,1,1,9,9,2,1,1,4,1,1,1,1,1,1,7,7,1,1,50,9,6,42,76,794,950,0,0,0,0,0,-100,-100,-100,-100,600,1440,107.7673,0,0,-0.000000,-1,0,0,0,1,0,13.7344,5,50,75.1289,13.7344,0,0,48.9844,0,100,0,0,0,0,0,0,0,0,0,1.5049,1.5049,1,1.5049,1.5049,60.4521,8.9635,20141,90,568,135,12119.1562,3604.0781,7254.2305,0,15723.2344,12.7485,3.6269,8.2887,12.7485,3.6269,3.1875,33.3333,5.4047,24.9830,0.000300,0.021700,0.000600,0.000700,0.001900,0.007500,0.000600,0.072200,0,0.021500,0.029700,0.037700,0.3601,0.1981,0.019400,0.006200,0.063200,0,0.046900,0.022900,0.083700,0.005100,0.030800,0.1351,0.016400,0.097700,0.4318,0.7535,0.4156,0.055400,2.0758,0.093200,0.031700,0.039700,0.6909,0.086700,0.001900,0.002500,0.060700,0.1978,0.049100,0.000600,0.6007,1058,400223,0,0,0,0,0,0,0.005000,0,0.008200,0,0,0,0,0,0,0,0,0,0,0,0,0,0,0,0,0,0,0
,0.015900,0.082700,2,73,0,71,0,0,14,233,26,0,454,3,0,0,13,2,0,0,0,0,0.016500,0.009300,0.3024,0.005500,0.007600,0.001100,0.7903,0.2151,0.071600,0.1632,0.001300,0.5676,0,0,768,256,11229,3565.7148,15494.9102,239.1602,0.001200,5,0.000200,0.007200,0.002200,0.019800,0.2001,0,0,0.063500,0.2372,2.8573,0.070500,0.000300,0.001400,0.000200,0.000200,0.007000,0.006600,0.041200,0.005300,0.032700,0.1076,0.010400,0.005800,1.9509,0.030200,0.009000,0.037400,0.011500,0.017800,0.077000,0.010300,0.076000,0.002000,0.1007,0.009400,0.076100,0.5887,0.004800,2.5230,0.000400,0.1986,0.000700,0.000500,0.031100,0.3228,0.7391,0.024200,0.9411,0.1396,0.002200,0.010900,0.000500,0.036800,0,9.8556,8.7628,13.0955,634,16,0.2500,0,16,3.8438,1,0,0,629,1,0,115,102,13,0,-1,-1,0,-1,-1,13.9904,4.9185,0,1525.2227,1525.2227,1525.0977,95,885,561,321,0,0,0.000900,0,0,0.014800,0.081200,0.000500,0.011800,0.068300,0.041400,0.000900,0.001600,0.000400,0.001400,0.006200,0.001000,0.004000,0.024000,0.1499,0.057300,0.079400,0.1561,0.088200,0.2005,0.019300,0.1741,0.000300,0.001200,0.065400,0.007700,0.001200,0.000400,0.024500,0.006100,0.012000,0.001400,0.1360,0.014000,0.038800,0.2174,0.067800,0.001200,0.045000,0.002800,0.032400,0.022700,0.017400,9.4183,0.063100,0.006900,0.000200,0.006300,12.5214,0,0,0,0,0,0,0,50,0,0,0,0,1,1,9,9,2,1,1,4,1,1,1,1,1,1,7,7,1,1,50,9,6,42,76,794,950,0,0,0,0,0,-100,-100,-100,-100,600,1440,107.7673,0,0,-0.000000,-1,0,0,0,1,0,13.7344,5,50,75.1289,13.7344,0,0,48.9844,0,100,0,0,0,0,0,0,0,0,0,0.4372,0.4372,1,0.4372,0.4372,9.1587,8.9635,20141,90,568,135,12131.0586,3604.0781,7254.2305,0,15723.2344,11.5549,2.4866,7.3293,11.5549,2.4866,3.1965,33.3333,5.6462,26.5286,0.000200,0.021500,0.000600,0.000700,0.001600,0.012000,0.000600,0.074500,0,0.020500,0.027400,0.036100,0.3411,0.1947,0.020500,0.007200,0.069400,0,0.046200,0.022300,0.1966,0.005100,0.033100,0.1356,0.016500,0.087300,0.4254,0.6891,0.3072,0.057300,2.5393,0.096300,0.034800,0.037900,0.6834,0.1007,0.002000,0.002500,0.061300,0.1956,0.049100,0.000500,0.6991,1073,402842,0,1979,1112,0,0.9603,0,0,0,0.008300,0,0,0,0,0,0,0,0,0,0,0,0,0,0,0,0,0,0,0
,0.014700,0.016500,2,64,0,62,0,0,13,233,43,0,454,3,0,0,12,2,0,0,0,0,0,0,0.3235,0.005600,0.008000,0.001000,0.2371,0.1893,0.002500,0,0,0.020500,0,1,768,256,11229,3565.7148,15494.9102,239.1602,0,1,0.000200,0.007700,0.002000,0.018400,0.1776,0,0,0,0.3065,3.3106,0.067200,0.000300,0.001400,0.000300,0.000300,0.007700,0.006300,0.044700,0.006300,0.048500,0.1295,0.015500,0.006500,0.8843,0.034600,0.011000,0.040500,0.012400,0.021400,0.1073,0.012700,0.081300,0.002600,0.1153,0.011600,0.087000,0.7014,0.006900,2.6196,0.000400,0.2817,0.000500,0.000600,0.038000,0.3487,0.9875,0.032600,1.0569,0.2119,0.002500,0.011500,0.000400,0.042100,1.2187,8.2363,8.7628,13.0955,634,16,0.2500,0,16,3.8438,1,0,0,629,1,0,115,102,13,0,-1,-1,0,-1,-1,13.9904,4.9185,0,1525.2227,1525.2227,1525.0977,95,896,561,321,0,0,0.000800,0,0,0.016200,0.080000,0.000800,0.013900,0.078800,0.041600,0.001200,0.001700,0.000200,0.001800,0.006500,0.000900,0.004200,0.021400,0.1207,0.056400,0.075800,0.1649,0.044100,1.5479,0.014700,0,0.000300,0.001600,0.063900,0.008600,0.001500,0.001000,0.025700,0.006300,0.012600,0.001000,0.1373,0.015000,0.041200,0.2213,0.066900,0.001000,0.048900,0.001800,0.030300,0.021300,0.023300,7.8020,0.058300,0.006100,0.000100,0,11.8484,0,0,0,0,0,0,0,50,0,0,0,0,1,1,9,9,2,1,1,4,1,1,1,1,1,1,7,7,1,1,50,9,6,42,76,794,950,0,0,0,0,0,-100,-100,-100,-100,600,1440,107.7673,0,0,-0.000000,-1,0,0,0,1,0,13.7344,5,50,75.1289,13.7344,0,0,48.9844,0,100,0,0,0,0,0,0,0,0,0,0.4213,0.4213,1,0.4213,0.4213,20.3996,8.9635,20141,90,568,135,12119.0781,3604.0781,7254.2305,0,15735.1367,11.3700,3.5450,7.3034,11.3700,3.5450,3.0250,33.3333,5.0191,27.4224,0.000200,0.020800,0.000500,0.000700,0.001500,0.007400,0.000600,0.076100,0,0.017400,0.019800,0.025900,0.3535,0.1966,0.019500,0.005100,0.062300,0,0.046100,0.007200,0.1828,0.005100,0.031600,0.1452,0.016300,0.090900,0.4263,0.6681,0.3021,0.056300,2.9345,0.096300,0.031700,0.039100,0.7073,0.1005,0.004000,0.004500,0.065000,0.1976,0.050200,0.000600,0.6228,961,386920,0,0,0,0,0,0,0,0,0.008200,0,0,0,0,0,0,0,0,0,0,0,0,0,0,0,0,0,0,0
,0.024700,0.006200,2,57,0,55,0,0,13,233,14,0,454,3,0,0,12,2,0,0,0,0,0.018800,0.007700,0.4044,0.005600,0.009900,0.001400,1.9038,0.2038,0.1213,0.3550,0.003000,0.027500,0,1,768,256,11229,3565.7148,15494.9102,239.1602,0.004300,2,0.000200,0.008700,0.002200,0.022300,0.1928,0,0,0.1452,0.2464,3.0982,0.072200,0.000300,0.001200,0.000200,0.000300,0.007300,0.008800,0.050800,0.006100,0.034400,0.1208,0.011800,0.006700,0.7233,0.029000,0.010100,0.032500,0.012300,0.020300,0.086400,0.008800,0.074200,0.002300,0.1050,0.010600,0.075100,0.7292,0.006900,2.5852,0.000300,0.2293,0.000500,0.000400,0.036200,0.3287,0.9363,0.029200,0.9589,0.1552,0.002500,0.010200,0.000500,0.035600,0.4012,11.1800,8.7628,13.0955,634,16,0.2500,0,16,3.8438,1,0,0,629,1,0,115,102,13,0,-1,-1,0,-1,-1,13.9904,4.9185,0,1525.2227,1525.2227,1525.0977,95,880,535,317,0,0,0.000900,0,0,0.015000,0.081900,0.000600,0.012400,0.072200,0.041800,0.000800,0.001400,0.000400,0.001500,0.006100,0.001300,0.003500,0.021600,0.1532,0.062000,0.081500,0.1492,0.040700,0.3426,0.019500,0,0.000300,0.002000,0.072600,0.009600,0.001700,0.000600,0.028500,0.007500,0.012200,0.000900,0.1574,0.016300,0.045400,0.1963,0.075300,0.001400,0.024700,0.003100,0.018600,0.023500,0.018900,10.5848,0.067500,0.006400,0.000200,0,11.1988,0,0,0,0,0,0,0,50,0,0,0,0,1,1,9,9,2,1,1,4,1,1,1,1,1,1,7,7,1,1,50,9,6,42,76,794,950,0,0,0,0,0,-100,-100,-100,-100,600,1440,107.7673,0,0,-0.000000,-1,0,0,0,1,0,13.7344,5,50,75.1289,13.7344,0,0,48.9844,0,100,0,0,0,0,0,0,0,0,0,0.4453,0.4453,1,0.4453,0.4453,33.2158,8.9635,20141,90,568,135,12078.8359,3604.0781,7254.2305,0,15723.1562,12.9083,2.2176,8.1825,12.9083,2.2195,2.9201,33.3333,5.6919,23.2171,0.000600,0.021800,0.001000,0.000600,0.001700,0.006900,0.000600,0.073200,0.001000,0.019400,0.028200,0.039900,0.3507,0.1982,0.019500,0.006100,0.062700,0,0.046800,0.007700,0.2069,0.005100,0.031000,0.1384,0.016300,0.1023,0.4352,0.6671,0.3013,0.057400,2.3099,0.095200,0.030800,0.039100,1.1212,0.089800,0.002200,0.002900,0.063600,0.2037,0.047100,0.000700,0.6438,1013,394862,0,0,0,0,0,0,0.003800,0.002000,0.009000,0,0,0,0,0,0,0,0,0,0,0,0,0,0,0,0,0,0,0
,0.021800,0.008600,2,60,0,58,0,0,13,233,27,0,454,3,0,0,12,2,0,0,0,0,0.010400,0.005900,0.3424,0.007100,0.010700,0.001200,0.9315,0.2100,0.057900,0.1370,0.001500,0.026800,0.005700,0,768,256,11229,3565.7148,15494.9102,239.1602,0.002100,4,0.000300,0.008900,0.002200,0.020000,0.1983,0,0,0.061700,0.2564,3.1047,0.070200,0.000300,0.001500,0.000300,0.000500,0.008900,0.007900,0.045700,0.005800,0.034300,0.3196,0.011500,0.006100,1.3380,0.028900,0.008800,0.034600,0.012200,0.020900,0.086500,0.010900,0.074800,0.002000,0.086200,0.015600,0.078700,0.6517,0.005100,2.4051,0.000300,0.2095,0.000800,0.000300,0.034200,0.3205,1.1565,0.025800,0.9257,0.5172,0.002000,0.012200,0.000700,0.039500,0.3496,9.7362,8.7628,13.0955,634,16,0.2500,0,16,3.8438,1,0,0,629,1,0,115,102,13,0,-1,-1,0,-1,-1,13.9904,4.9185,0,1525.2227,1525.2227,1525.0977,95,885,535,317,0,0,0.001000,0,0,0.015700,0.086600,0.000500,0.012800,0.076800,0.041100,0.001000,0.002200,0.000600,0.001600,0.007500,0.000900,0.004200,0.024800,0.1548,0.058500,0.077500,0.1510,0.047000,0.2974,0.020700,0,0.000300,0.002100,0.069000,0.008700,0.001200,0.000700,0.028900,0.006500,0.012200,0.001300,0.1514,0.016900,0.044000,0.2232,0.070700,0.001300,0.034300,0.002500,0.035600,0.025200,0.018000,9.1093,0.063400,0.006800,0.000100,0,12.8028,0,0,0,0,0,0,0,50,0,0,0,0,1,1,9,9,2,1,1,4,1,1,1,1,1,1,7,7,1,1,50,9,6,42,76,794,950,0,0,0,0,0,-100,-100,-100,-100,600,1440,107.7673,0,0,-0.000000,-1,0,0,0,1,0,13.7344,5,50,75.1289,13.7344,0,0,48.9844,0,100,0,0,0,0,0,0,0,0,0,0.4759,0.4759,1,0.4759,0.4759,44.5289,8.9635,20141,90,568,135,12041.7617,3604.0781,7254.2305,0,15682.9141,11.3542,2.1879,7.9146,11.3542,2.1888,3.4206,33.3333,6.1884,23.3567,0.000200,0.021300,0.000500,0.000800,0.001500,0.020500,0.001700,0.072500,0,0.022600,0.028200,0.038800,0.3406,0.1921,0.019400,0.007200,0.066100,0,0.046600,0.008500,0.082100,0.005100,0.032000,0.1329,0.016600,0.092100,0.4280,0.7144,0.3403,0.054300,2.4814,0.096200,0.030800,0.038100,0.6929,0.094100,0.002000,0.002200,0.061200,0.1944,0.050200,0.000700,0.6070,1056,397854,0.053100,0,0,0,0,0,0,0.001000,0.008600,0,0,0,0,0,0,0,0,0,0,0,0,0,0,0,0,0,0,0
,0.089300,0.4115,2,64,0,62,0,0,13,233,31,0,454,3,0,0,12,2,0,0,0,0,0.010100,0,0.3575,0.006000,0.009400,0.001000,0.9315,0.2129,0.055500,0.1316,0.001300,0.054500,0.003100,1,768,256,11229,3565.7148,15494.9102,239.1602,0.002500,2,0.000400,0.008900,0.002300,0.019800,0.1800,0,0,0.068800,0.2696,3.2215,0.082500,0.000200,0.001300,0.000300,0.000200,0.007000,0.009300,0.048700,0.005600,0.035800,0.1145,0.011500,0.006000,1.4850,0.033500,0.009100,0.034800,0.012500,0.020800,0.1069,0.009800,0.074400,0.002600,0.082900,0.008600,0.072200,0.6575,0.005900,2.4661,0.000400,0.2197,0.000600,0.000400,0.034100,0.3406,0.8375,0.031600,0.9970,0.1875,0.002300,0.010300,0.000500,0.038500,0,10.6485,8.7628,13.0955,634,16,0.2500,0,16,3.8438,1,0,0,629,1,0,115,102,13,0,-1,-1,0,-1,-1,13.9904,4.9185,0,1525.2227,1525.2227,1525.0977,95,907,561,322,0,0,0.001000,0,0,0.017400,0.085600,0.000700,0.013800,0.072100,0.044600,0.001000,0.001800,0.000200,0.001700,0.006700,0.001300,0.004100,0.024300,0.1561,0.061000,0.083200,0.1614,0.047500,0.1733,0.015200,0,0.000200,0.005600,0.064000,0.008300,0.001500,0.000400,0.025600,0.006400,0.012300,0.001100,0.1388,0.014300,0.039500,0.2014,0.074300,0.001100,0.045500,0.002500,0.032700,0.021900,0.016700,10.0651,0.062100,0.006700,0.000100,0,11.3748,0,0,0,0,0,0,0,50,0,0,0,0,1,1,9,9,2,1,1,4,1,1,1,1,1,1,7,7,1,1,50,9,6,42,76,794,950,0,0,0,0,0,-100,-100,-100,-100,600,1440,107.7673,0,0,-0.000000,-1,0,0,0,1,0,13.7344,5,50,75.1289,13.7344,0,0,48.9844,0,100,0,0,0,0,0,0,0,0,0,0.4464,0.4464,1,0.4464,0.4464,56.8881,8.9635,20141,90,568,135,12001.9727,3604.0781,7254.2305,0,15645.8398,12.3596,2.1538,7.2686,12.3596,2.3237,3.2238,33.3333,5.9788,23.5795,0.000700,0.022300,0.000600,0.000600,0.001700,0.007100,0.000700,0.086200,0,0.023600,0.020900,0.028900,0.3673,0.2397,0.019400,0.005100,0.062100,0,0.046300,0.021000,0.097600,0.006200,0.032600,0.5521,0.021500,0.097500,0.4394,0.7052,0.3213,0.056400,2.4689,0.095200,0.030800,0.037800,0.6907,0.084300,0.002300,0.002900,0.063200,0.1987,0.050200,0.000600,0.6016,1024,391536,0,0,0,0,0,0,0,0.1703,0.007800,0,0,0,0,0,0,0,0,0,0,0,0,0,0,0,0,0,0,0
,0.018000,0.010500,2,57,0,55,0,0,13,233,13,0,454,3,0,0,12,2,0,0,0,0,0,0,0.3507,0.006300,0.009500,0.001000,0.9084,1.4037,0.055100,0.1343,0,0.032300,0,0,768,256,11229,3565.7148,15494.9102,239.1602,0,4,0.000400,0.010200,0.002500,0.013900,0.1859,0,0,0.059900,0.2654,3.3138,0.1653,0.000300,0.001400,0.000200,0.000200,0.008600,0.008500,0.053900,0.005900,0.034200,0.1745,0.011800,0.005900,0.4845,0.031600,0.011000,0.030300,0.011500,0.019100,0.1044,0.011000,0.077000,0.002300,0.079400,0.010400,0.075300,0.6339,0.005500,2.5952,0.000300,0.2342,0.000800,0.000300,0.050300,0.3409,1.0090,0.031700,1.0541,0.1885,0.002200,0.011300,0.000500,0.042200,0.2173,8.7601,8.7628,13.0955,634,16,0.2500,0,16,3.8438,1,0,0,629,1,0,115,102,13,0,-1,-1,0,-1,-1,13.9904,4.9185,0,1525.2227,1525.2227,1525.0977,95,906,561,322,0,0,0.000900,0,0,0.017700,0.089300,0.000800,0.013500,0.086900,0.049900,0.001000,0.002000,0.000400,0.001800,0.008300,0.001200,0.005500,0.030700,0.1733,0.066400,0.091700,0.1683,0.064100,1.2941,0.020600,0,0.000300,0.002000,0.088200,0.011600,0.001800,0.000500,0.031900,0.006900,0.016100,0.001100,0.1729,0.015500,0.049200,0.1959,0.069800,0.001200,0.046300,0.002300,0.018500,0.024800,0.019500,8.1889,0.062900,0.010200,0.000100,0,12.3599,0,0,0,0,0,0,0,50,0,0,0,0,1,1,9,9,2,1,1,4,1,1,1,1,1,1,7,7,1,1,50,9,6,42,76,794,950,0,0,0,0,0,-100,-100,-100,-100,600,1440,107.7673,0,0,-0.000000,-1,0,0,0,1,0,13.7344,5,50,75.1289,13.7344,0,0,48.9844,0,100,0,0,0,0,0,0,0,0,0,0.4142,0.4142,1,0.4142,0.4142,5.8687,8.9635,20141,90,568,135,11956.7500,3604.0781,7254.2305,0,15606.0508,11.6088,3.3762,7.6805,11.6088,3.3762,3.1525,33.3333,5.6753,22.8333,0.000200,0.022600,0.000600,0.000600,0.001800,0.006800,0.002700,0.075500,0,0.018500,0.024900,0.035600,0.3513,0.1907,0.021500,0.006100,0.064500,0,0.043700,0.010800,0.1727,0.005100,0.032600,0.1355,0.015500,0.092200,1.4721,0.7060,0.3218,0.058400,2.1627,0.093200,0.044000,0.040000,0.7039,0.087500,0.002000,0.002600,0.063400,0.1987,0.050200,0.000700,0.6436,1050,394792,0,1982,1120,0,0.9619,0.042700,0,0,0.008200,0,0,0,0,0,0,0,0,0,0,0,0,0,0,0,0,0,0,0
,0.029400,0.007100,2,60,0,58,0,0,13,233,30,0,454,3,0,0,12,2,0,0,0,0,0.009300,0.008000,0.3555,0.006500,0.011200,0.001000,0.9580,0.2277,0.059400,0.1482,0.001300,0.025800,0,1,768,256,11229,3565.7148,15494.9102,239.1602,0.001800,5,0.000100,0.011600,0.003000,0.016300,0.1870,0,0,0.060300,0.3653,2.9771,0.068500,0.000200,0.001200,0.000200,0.000200,0.007700,0.008600,0.045500,0.005800,0.034700,0.1744,0.011700,0.006400,0.4935,0.029800,0.008900,0.027700,0.011400,0.019400,0.081000,0.009100,0.077300,0.002400,0.079400,0.009000,0.074100,0.6257,0.005700,2.4027,0.000200,0.2072,0.000600,0.000400,0.032600,0.3170,1.0199,0.028200,0.9714,0.1475,0.002600,0.010900,0.000400,0.036900,0.1825,9.9763,8.7628,13.0955,634,16,0.2500,0,16,3.8438,1,0,0,629,1,0,115,102,13,0,-1,-1,0,-1,-1,13.9904,4.9185,0,1525.2227,1525.2227,1441.5039,95,893,561,322,0,0,0.001100,0,0,0.015800,0.084900,0.000500,0.012800,0.071800,0.042700,0.001100,0.001600,0.000400,0.001700,0.006200,0.001200,0.004200,0.024300,0.1668,0.056600,0.086700,0.1596,0.043900,0.2640,0.021300,0.030300,0.000300,0.002200,0.068100,0.008500,0.001200,0.000500,0.024800,0.006100,0.011700,0.001200,0.1422,0.014400,0.042500,0.2117,0.074600,0.001300,0.041700,0.002300,0.034600,0.023500,0.018100,9.2883,0.066800,0.006700,0.000100,0,11.5268,0,0,0,0,0,0,0,50,0,0,0,0,1,1,9,9,2,1,1,4,1,1,1,1,1,1,7,7,1,1,50,9,6,42,76,794,950,0,0,0,0,0,-100,-100,-100,-100,600,1440,107.7673,0,0,-0.000000,-1,0,0,0,1,0,13.7344,5,50,75.1289,13.7344,0,0,48.9844,0,100,0,0,0,0,0,0,0,0,0,0.4717,0.4717,1,0.4717,0.4717,17.3470,8.9635,20141,90,568,135,11920.8750,3604.0781,7254.2305,0,15560.8281,11.4633,2.2002,8.4174,11.4633,2.2002,3.2430,33.3333,6.3109,22.7655,0.000300,0.021000,0.000600,0.000600,0.001700,0.008900,0.000600,0.075000,0,0.019500,0.023200,0.025900,0.3600,0.1973,0.018400,0.006200,0.062700,0,0.045300,0.011300,0.2009,0.005100,0.032400,0.1374,0.016200,0.089400,0.4264,0.7212,0.3670,0.056300,2.4728,0.094200,0.031800,0.039600,0.6915,0.071600,0.001900,0.002500,0.062000,0.1986,0.050200,0.000700,0.5919,1054,397654,0,0,0,0,0,0,0,0,0.008500,0,0,0,0,0,0,0,0,0,0,0,0,0,0,0,0,0,0,0
,0.023100,0.009600,2,64,0,62,0,0,13,233,29,0,454,3,0,0,12,2,0,0,0,0,0.019300,0.006500,0.6321,0.005400,0.009300,0.001000,0.9073,0.1745,0.058000,0.1423,0.002100,0.029800,0.007900,1,768,256,11229,3565.7148,15494.9102,239.1602,0.003500,2,0.000200,0.009500,0.002200,0.014800,0.1849,0,0,0.070000,0.2574,2.6912,0.074400,0.000400,0.001200,0.000300,0.000300,0.006700,0.008600,0.046200,0.005300,0.035800,0.1318,0.011500,0.006300,1.4602,0.034500,0.009200,0.045800,0.011600,0.020800,0.083700,0.010000,0.081200,0.002300,0.077200,0.008000,0.071100,0.6028,0.004700,2.3696,0.000300,0.1895,0.000600,0.000300,0.033300,0.3820,0.8062,0.027300,1.0007,0.4554,0.002900,0.012200,0.000500,0.037700,0.090100,9.0159,8.7628,13.0955,634,16,0.2500,0,16,3.8438,1,0,0,629,1,0,115,102,13,0,-1,-1,0,-1,-1,13.9904,4.9185,0,1525.2227,1525.2227,1525.0977,95,874,561,322,0,0,0.000700,0,0,0.016900,0.081600,0.000800,0.015400,0.071600,0.042400,0.000800,0.001800,0.000300,0.001800,0.006800,0.001100,0.004000,0.021600,0.1412,0.058100,0.083500,0.1602,0.044400,0.2301,0.022100,0.1060,0.000300,0.001500,0.065200,0.008900,0.001200,0.000500,0.028600,0.006900,0.011700,0.001400,0.1458,0.015500,0.041500,0.2159,0.071700,0.001500,0.040900,0.002900,0.033700,0.022700,0.018700,8.4800,0.1263,0.007300,0.000100,0,11.5083,0,0,0,0,0,0,0,50,0,0,0,0,1,1,9,9,2,1,1,4,1,1,1,1,1,1,7,7,1,1,50,9,6,42,76,794,950,0,0,0,0,0,-100,-100,-100,-100,600,1440,107.7673,0,0,-0.000000,-1,0,0,0,1,0,13.7344,5,50,75.1289,13.7344,0,0,48.9844,0,100,0,0,0,0,0,0,0,0,0,0.4500,0.4500,1,0.4500,0.4500,28.1337,8.9635,20141,90,568,135,11883.3477,3604.0781,7254.2305,0,15524.9531,10.6426,2.2422,7.3961,10.6426,2.2422,3.0685,33.3333,6.5786,23.1648,0.000200,0.020900,0.000500,0.000700,0.001700,0.007100,0.000500,0.074100,0.001000,0.019500,0.028000,0.035700,0.3395,0.2871,0.019400,0.005200,0.066800,0,0.044800,0.012300,0.2064,0.006100,0.4506,0.1948,0.027600,0.1045,0.4303,0.7059,0.3824,0.056300,2.0664,0.095200,0.030800,0.039600,0.6908,0.088800,0.001800,0.002500,0.063100,0.1966,0.050200,0.000700,0.6412,988,389394,0,0,0,0,0,0,0.002200,0,0.009700,0,300000,0,0,0,0,0.8000,50000,1,0,0,0,0,0,0,0,0,0,0
,0.074400,0.2391,2,57,0,55,0,0,13,233,14,0,454,3,0,0,12,2,0,0,0,0,0,0.004400,0.3431,0.006100,0.010900,0.000800,0.9144,0.2213,0.056600,0.1327,0,0.035700,0,2,768,256,11229,3565.7148,15494.9102,239.1602,0,2,0.000100,0.009000,0.002800,0.015800,0.1893,0,0,0.060600,0.2927,2.7373,0.062200,0.000400,0.001200,0.000200,0.000300,0.006900,0.008500,0.042800,0.005500,0.034800,0.1265,0.011600,0.006400,0.3907,0.031800,0.010900,0.034300,0.012100,0.020000,0.099100,0.011700,0.080000,0.002000,0.092500,0.009300,0.069500,0.6552,0.006000,2.5556,0.000300,0.2438,0.000700,0.000400,0.049700,0.3599,0.7437,0.027400,1.0493,0.1617,0.002100,0.011700,0.000500,0.037500,0.1165,9.4498,8.7628,13.0955,634,16,0.2500,0,16,3.8438,1,0,0,629,1,0,115,102,13,0,-1,-1,0,-1,-1,13.9904,4.9185,0,1525.2227,1525.2227,1525.0977,95,875,561,322,0,0,0.000800,0,0,0.015900,0.084000,0.000600,0.012900,0.077900,0.044300,0.000900,0.002000,0.000300,0.001600,0.006600,0.001200,0.004100,0.024300,0.1633,0.060000,0.084200,0.1579,0.048300,0.2090,0.035100,0.068900,0.000100,0.001800,0.069900,0.010200,0.001800,0.000300,0.029100,0.006400,0.013300,0.001200,0.1549,0.015500,0.045500,0.2010,0.070700,0.001300,0.041800,0.002500,0.018200,0.022400,0.018700,8.8613,0.062000,0.006600,0.000300,0,10.7846,0,0,0,0,0,0,0,50,0,0,0,0,1,1,9,9,2,1,1,4,1,1,1,1,1,1,7,7,1,1,50,9,6,42,76,794,950,0,0,0,0,0,-100,-100,-100,-100,600,1440,107.7673,0,0,-0.000000,-1,0,0,0,1,0,13.7344,5,50,75.1289,13.7344,0,0,48.9844,0,100,0,0,0,0,0,0,0,0,0,0.4785,0.4785,1,0.4785,0.4785,39.2243,8.9635,20141,90,568,135,11838.0508,3604.0781,7254.2305,0,15487.4258,11.2480,2.2989,7.5941,11.2480,2.2989,3.1900,33.3333,6.0490,23.2845,0.000600,0.022200,0.000800,0.000700,0.001800,0.008000,0.000600,0.074900,0,0.019500,0.020700,0.025900,0.3619,0.1962,0.019500,0.005100,0.066300,0,0.046200,0.011900,0.1813,0.005200,0.032600,0.1385,0.015700,0.090100,0.4423,0.6901,0.3564,0.055400,3.4017,0.098300,0.032800,0.039400,0.7091,0.085700,0.001700,0.002400,0.063300,0.1986,0.050200,0.000700,0.6322,929,386852,0,0,0,0,0,0,0,0,0.008700,0,0,0,0,0,0,0,0,0,0,0,0,0,0,0,0,0,0,0
,0.016700,0.009000,0,0,0,0,0,0,0,0,0,0,0,0,0,0,0,0,0,0,0,0,0.018700,0.005000,0.3418,0.005400,0.009900,0.001100,0.9116,0.2124,0.066200,0.1399,0.002500,0.025000,0,1,768,256,11229,3565.7148,15494.9102,239.1602,0.002900,4,0.000400,0.011300,0.002400,0.015900,0.1863,0,0,0.062000,0.3192,2.5979,0.072300,0.000300,0.001200,0.000300,0.000300,0.007300,0.008900,0.041200,0.005400,0.033500,0.1608,0.011700,0.006400,0.8583,0.030600,0.010400,0.030700,0.011700,0.019800,0.1033,0.019300,0.074900,0.002000,0.083500,0.008800,0.071600,0.6035,0.005000,2.4129,0.000300,0.1924,0.000800,0.000400,0.032600,0.3829,0.8155,0.027400,0.9891,0.2252,0.005600,0.010000,0.000400,0.037600,0,8.7100,8.7628,13.0955,634,16,0.2500,0,16,3.8438,1,0,0,629,1,0,115,102,13,0,-1,-1,0,-1,-1,13.9904,4.9185,0,1525.2227,1525.2227,1525.0977,95,875,561,322,0,0,0.000800,0,0,0.019500,0.083300,0.000500,0.011600,0.070100,0.039600,0.000900,0.001900,0.000300,0.001500,0.007000,0.001200,0.004000,0.026700,0.1294,0.061000,0.081600,0.1588,0.044100,0.2009,0.023600,0.1411,0.000200,0.001800,0.067000,0.007900,0.001400,0.000500,0.027500,0.006500,0.011500,0.001300,0.1378,0.016000,0.041100,0.2014,0.067200,0.001100,0.020500,0.002700,0.031000,0.022400,0.022500,8.0467,0.082200,0.008500,0.000100,0,11.0895,0,0,0,0,0,0,0,50,0,0,0,0,1,1,9,9,2,1,1,4,1,1,1,1,1,1,7,7,1,1,50,9,6,42,76,794,950,0,0,0,0,0,-100,-100,-100,-100,600,1440,107.7673,0,0,-0.000000,-1,0,0,0,1,0,13.7344,5,50,75.1289,13.7344,0,0,48.9844,0,100,0,0,0,0,0,0,0,0,0,0.5033,0.5033,1,0.5033,0.5033,49.4719,8.9635,20141,90,568,135,11803.7656,3604.0781,7254.2305,0,15442.1289,10.2207,2.2243,7.5941,10.2207,2.2243,3.0544,33.3333,6.6457,22.6449,0.000600,0.022100,0.000600,0.000600,0.001800,0.010300,0.000600,0.075900,0,0.028700,0.022400,0.025300,0.3398,0.1891,0.020500,0.006100,0.061500,0.001000,0.046600,0.015100,0.1835,0.005100,0.032300,0.1401,0.015100,0.089300,0.4425,0.6721,0.3188,0.057300,2.4556,0.094200,0.030800,0.039400,0.7023,0.091800,0.002000,0.002700,0.061700,0.1987,0.049100,0.000700,0.6238,1013,406092,0,0,0,0,0,0.069400,0,0,0.008100,0,0,0,0,0,0,0,0,0,0,0,0,0,0,0,0,0,0,0
,0.1288,0.007000,4,137,0,133,0,0,27,466,50,0,908,6,0,0,25,4,0,0,0,0,0,0.026000,0.3606,0.007800,0.010300,0.001100,0.9151,0.2070,0.060900,0.1368,0,0.031200,0,0,768,256,11229,3565.7148,15494.9102,239.1602,0,5,0.000100,0.009000,0.002300,0.016400,0.1866,0,0,0.067000,0.2874,3.1217,0.076500,0.000200,0.001300,0.000200,0.000200,0.008100,0.008500,0.062600,0.006100,0.032300,0.1230,0.011500,0.006400,1.8194,0.033600,0.009500,0.037100,0.015600,0.020700,0.083600,0.009800,0.086500,0.002400,0.092700,0.010600,0.084600,0.6880,0.006900,2.5685,0.000400,0.2251,0.000700,0.000400,0.036100,0.3626,0.7458,0.029200,1.0302,0.1740,0.002200,0.010500,0.000400,0.038200,0.1004,8.7603,8.7628,13.0955,634,16,0.2500,0,16,3.8438,1,0,0,629,1,0,115,102,13,0,-1,-1,0,-1,-1,13.9904,4.9185,0,1525.2227,1525.2227,1525.0977,95,878,561,322,0,0,0.001000,0,0,0.016300,0.083200,0.000700,0.013300,0.072200,0.046600,0.001000,0.001700,0.000300,0.001600,0.006700,0.000900,0.004000,0.023800,0.1508,0.061800,0.084900,0.1788,0.044600,0.1917,0.020100,0.1567,0.000200,0.001400,0.063000,0.009200,0.001400,0.000500,0.025600,0.006200,0.012100,0.001100,0.1446,0.014700,0.044900,0.2076,0.074300,0.001500,0.031100,0.003100,0.034200,0.023800,0.016300,8.1106,0.061600,0.007100,0.000200,0.005400,10.2964,0,0,0,0,0,0,0,50,0,0,0,0,1,1,9,9,2,1,1,4,1,1,1,1,1,1,7,7,1,1,50,9,6,42,76,794,950,0,0,0,0,0,-100,-100,-100,-100,600,1440,107.7673,0,0,-0.000000,-1,0,0,0,1,0,13.7344,5,50,75.1289,13.7344,0,0,48.9844,0,100,0,0,0,0,0,0,0,0,0,0.5237,0.5237,1,0.5237,0.5237,59.8898,8.9635,20141,90,568,135,11769.7500,3604.0781,7254.2305,0,15407.8438,10.4383,2.2914,7.3467,10.4383,2.2914,3.0197,33.3333,6.5570,23.3451,0.000700,0.022000,0.000700,0.000600,0.001700,0.007800,0.000800,0.073900,0,0.019500,0.025700,0.038200,0.3670,0.2192,0.019500,0.005100,0.061500,0.001000,0.046200,0.013400,0.1992,0.006100,0.032700,0.1366,0.017700,0.1006,0.8625,0.7655,0.3294,0.055300,2.4658,0.095200,0.030800,0.039400,0.6948,0.086800,0.001900,0.002600,0.062200,0.1956,0.050200,0.000600,0.6634,933,388704,0.051900,0,0,0,0,0,0,0,0.008500,0,0,0,0,0,0,0,0,0,0,0,0,0,0,0,0,0,0,0
,0.033700,0.006500,2,57,0,55,0,0,13,233,9,0,454,3,0,0,12,2,0,0,0,0,0.007400,0.013500,0.3641,0.006100,0.009700,0.001000,0.8947,0.1790,0.053700,0.1324,0.001200,0.031100,0,1,768,256,11229,3565.7148,15494.9102,239.1602,0.001400,4,0,0.009300,0.001700,0.016700,0.2244,0,0,0.058800,0.2693,2.7805,0.068000,0.000200,0.001500,0.000300,0.000200,0.008300,0.007700,0.059400,0.005600,0.034000,0.1528,0.011900,0.006600,0.4608,0.033000,0.009400,0.030200,0.012800,0.019300,0.083800,0.009000,0.069700,0.002200,0.080500,0.008300,0.072200,0.6345,0.005800,2.5699,0.000400,0.2694,0.000800,0.000400,0.035600,0.3266,1.1214,0.040200,0.9570,0.5233,0.002300,0.012100,0.000500,0.037800,0.2103,10.4275,8.7628,13.0955,634,16,0.2500,0,16,3.8438,1,0,0,629,1,0,115,102,13,0,-1,-1,0,-1,-1,13.9904,4.9185,0,1525.2227,1525.2227,1525.0977,95,875,561,322,0,0,0.000900,0,0,0.016400,0.085500,0.000800,0.013000,0.069300,0.041700,0.001000,0.001500,0.000300,0.001500,0.006000,0.000800,0.004300,0.022100,0.1544,0.060000,0.090400,0.1622,0.049200,0.1629,0.024700,0.1265,0.000300,0.001700,0.085800,0.008300,0.001200,0.000500,0.026400,0.007000,0.012300,0.001300,0.1372,0.013900,0.038400,0.2042,0.066800,0.001100,0.047700,0.002700,0.017800,0.027300,0.021000,9.8253,0.063400,0.007100,0.000100,0,10.3870,0,0,0,0,0,0,0,50,0,0,0,0,1,1,9,9,2,1,1,4,1,1,1,1,1,1,7,7,1,1,50,9,6,42,76,794,950,0,0,0,0,0,-100,-100,-100,-100,600,1440,107.7673,0,0,-0.000000,-1,0,0,0,1,0,13.7344,5,50,75.1289,13.7344,0,0,48.9844,0,100,0,0,0,0,0,0,0,0,0,0.4754,0.4754,1,0.4754,0.4754,8.0939,8.9635,20141,90,568,135,11734.3047,3604.0781,7254.2305,0,15373.8281,12.0940,2.2436,7.8917,12.0940,2.2436,3.1225,33.3333,5.9945,22.8474,0.000200,0.021700,0.000600,0.000600,0.001600,0.007300,0.000500,0.075400,0,0.016400,0.021200,0.029200,0.3451,0.1970,0.020400,0.007200,0.062700,0,0.046300,0.013300,0.1838,0.005100,0.032700,0.1429,0.015700,0.089800,0.4282,0.6391,0.3845,0.056300,2.0706,0.1065,0.031700,0.039800,1.6874,0.076000,0.002000,0.002400,0.076000,0.2027,0.046100,0.000500,0.6176,995,403276,0,2369,1342,0,1.2201,0,0,0,0.008300,0,0,0,0,0,0,0,0,0,0,0,0,0,0,0,0,0,0,0
,0.017400,0.008700,2,64,0,62,0,0,13,233,47,0,454,3,0,0,12,2,0,0,0,0,0.009200,0.005800,0.3611,0.006000,0.009500,0.000900,0.9010,0.1972,0.059400,0.1362,0.002300,0.2496,0,0,768,256,11229,3565.7148,15494.9102,239.1602,0.003200,5,0.000200,0.008700,0.001800,0.017300,0.1859,0,0,0.070200,0.2903,2.7764,0.066000,0.000300,0.001400,0.000200,0.000200,0.007100,0.009500,0.041900,0.005600,0.032300,0.1021,0.009900,0.005800,0.9469,0.028900,0.009700,0.028100,0.011900,0.020300,0.1036,0.010600,0.075100,0.002400,0.083000,0.009000,0.078700,0.6558,0.006600,2.5553,0.000700,0.2238,0.000800,0.000400,0.032500,0.3410,0.7403,0.027800,1.1001,0.4119,0.002100,0.014400,0.000400,0.037900,0,9.5962,8.7628,13.0955,634,16,0.2500,0,16,3.8438,1,0,0,629,1,0,115,102,13,0,-1,-1,0,-1,-1,13.9904,4.9185,0,1525.2227,1525.2227,1441.5039,95,875,561,321,0,0,0.001200,0,0,0.015300,0.087400,0.000600,0.012600,0.067900,0.039200,0.000900,0.001800,0.000200,0.001700,0.006600,0.000900,0.004200,0.025100,0.1357,0.057400,0.079100,0.1481,0.043900,0.2797,0.017800,0,0.000300,0.001700,0.063100,0.007700,0.001600,0.000700,0.024700,0.006000,0.011600,0.001400,0.1418,0.016500,0.040500,0.2112,0.073400,0.001200,0.042000,0.002200,0.034100,0.023800,0.016800,8.9582,0.068700,0.006200,0.000100,0,12.0205,0,0,0,0,0,0,0,50,0,0,0,0,1,1,9,9,2,1,1,4,1,1,1,1,1,1,7,7,1,1,50,9,6,42,76,794,950,0,0,0,0,0,-100,-100,-100,-100,600,1440,107.7673,0,0,-0.000000,-1,0,0,0,1,0,13.7344,5,50,75.1289,13.7344,0,0,48.9844,0,100,0,0,0,0,0,0,0,0,0,0.4424,0.4424,1,0.4424,0.4424,19.1603,8.9635,20141,90,568,135,11700.5625,3604.0781,7254.2305,0,15338.3828,11.0493,2.0919,7.7456,11.0493,2.0919,3.1631,33.3333,6.2871,22.8065,0.000200,0.022900,0.000600,0.000600,0.001600,0.009200,0.000600,0.076400,0,0.018400,0.021600,0.034100,0.3605,0.1868,0.019500,0.005100,0.062600,0,0.047200,0.012200,0.1891,0.005100,0.032600,0.1423,0.015200,0.089000,0.4302,0.7095,0.3670,0.055300,2.4871,0.095200,0.031800,0.039200,0.6906,0.088200,0.001800,0.002800,0.063500,0.1976,0.050200,0.000500,0.5968,934,387580,0,0,0,0,0,0,0,0,0.009300,0,0,0,0,0,0,0,0,0,0,0,0,0,0,0,0,0,0,0
,0.020400,0.007300,2,57,0,55,0,0,13,233,15,0,454,3,0,0,12,2,0,0,0,0,0.021400,0.004400,0.3326,0.005000,0.009900,0.000900,0.8944,0.1741,0.053100,0.1351,0.001000,0.027500,0,73,768,256,11229,3565.7148,15494.9102,239.1602,0.001800,5,0.000300,0.008600,0.002000,0.013100,0.1902,0,0,0.062600,0.2184,3.5201,0.071300,0.000300,0.001700,0.000200,0.000600,0.007800,0.007700,0.044000,0.006000,0.033100,0.1787,0.013800,0.007300,0.4562,0.035400,0.008800,0.041800,0.015800,0.022000,0.1042,0.010500,0.081400,0.002300,0.1365,0.009400,0.072800,0.6226,0.005800,2.4145,0.000300,0.2090,0.000700,0.000300,0.032600,0.3631,0.7229,0.027900,0.9890,0.1316,0.002600,0.010400,0.000400,0.036000,0.055500,9.3981,8.7628,13.0955,634,16,0.2500,0,16,3.8438,1,0,0,629,1,0,115,102,13,0,-1,-1,0,-1,-1,13.9904,4.9185,0,1525.2227,1525.2227,1525.0977,95,874,561,321,0,0,0.001000,0,0,0.016800,0.084500,0.000600,0.012200,0.070400,0.041000,0.001000,0.001500,0.000300,0.001800,0.006400,0.001400,0.004700,0.024600,0.1668,0.058400,0.083300,0.1534,0.038600,0.1571,0.019400,0.1215,0.000300,0.005600,0.065200,0.008700,0.001300,0.000800,0.025900,0.006400,0.012900,0.001000,0.1413,0.014000,0.039100,0.2121,0.072000,0.001200,0.040800,0.002600,0.034400,0.023600,0.017400,8.8113,0.062200,0.006700,0.000100,0,11.0556,0,0,0,0,0,0,0,50,0,0,0,0,1,1,9,9,2,1,1,4,1,1,1,1,1,1,7,7,1,1,50,9,6,42,76,794,950,0,0,0,0,0,-100,-100,-100,-100,600,1440,107.7673,0,0,-0.000000,-1,0,0,0,1,0,13.7344,5,50,75.1289,13.7344,0,0,48.9844,0,100,0,0,0,0,0,0,0,0,0,0.4663,0.4663,1,0.4663,0.4663,30.0877,8.9635,20141,90,568,135,11667.6758,3604.0781,7254.2305,0,15304.6406,10.9209,2.1447,7.4103,10.9209,2.1466,2.9604,33.3333,6.2844,23.6525,0.000300,0.022100,0.000500,0.000600,0.001600,0.007300,0.000600,0.081200,0,0.018500,0.020000,0.026900,0.3731,0.2116,0.019500,0.006100,0.061900,0,0.046200,0.016200,0.1979,0.005100,0.032200,0.7511,0.020700,0.1550,0.4447,0.7778,0.4125,0.7883,2.2783,0.094200,0.043000,0.2983,0.7276,0.089200,0.002300,0.002600,0.075700,0.2016,0.049200,0.000700,0.6429,952,392772,0,0,0,0,0,0,0.001600,0.002100,0.008400,0,0,0,0,0,0,0,0,0,0,0,0,0,0,0,0,0,0,0
,0.078000,0.011900,2,59,0,57,0,0,13,233,24,0,454,3,0,0,12,2,0,0,0,0,0.008600,0.016600,0.3335,0.005400,0.010000,0.000900,0.9358,0.2602,0.057800,0.1374,0.001200,0.028400,0,1,768,256,11229,3565.7148,15494.9102,239.1602,0.002300,2,0.000100,0.009800,0.002000,0.020600,0.1945,0,0,0.061600,0.2833,2.6475,0.072000,0.000200,0.001400,0.000200,0.000300,0.007200,0.008000,0.053600,0.005100,0.038800,0.1523,0.012200,0.007200,1.3245,0.028300,0.009100,0.029600,0.013300,0.020200,0.079900,0.010600,0.076900,0.002500,0.1161,0.008100,0.069000,0.6757,0.006300,2.4653,0.000300,0.2259,0.000700,0.000400,0.036500,0.3253,0.7810,0.031500,1.3632,1.0862,0.002200,0.011900,0.000600,0.093300,0.1594,8.9394,8.7628,13.0955,634,16,0.2500,0,16,3.8438,1,0,0,629,1,0,115,102,13,0,-1,-1,0,-1,-1,13.9904,4.9185,0,1525.2227,1525.2227,1441.6289,95,875,561,321,0,0,0.001100,0,0,0.014400,0.086300,0.000500,0.012100,0.078400,0.044700,0.000900,0.001500,0.000200,0.001400,0.006200,0.001000,0.004200,0.022800,0.1606,0.068200,0.1127,0.1762,0.044300,0.3700,0.025900,0,0.000200,0.002000,0.074400,0.009900,0.002000,0.001100,0.032500,0.007700,0.035500,0.001100,0.1686,0.018700,0.049800,0.2181,0.072600,0.001400,0.043000,0.002600,0.018700,0.026000,0.028200,8.3266,0.067700,0.007700,0.000200,0.003000,10.9908,0,0,0,0,0,0,0,50,0,0,0,0,1,1,9,9,2,1,1,4,1,1,1,1,1,1,7,7,1,1,50,9,6,42,76,794,950,0,0,0,0,0,-100,-100,-100,-100,600,1440,107.7673,0,0,-0.000000,-1,0,0,0,1,0,13.7344,5,50,75.1289,13.7344,0,0,48.9844,0,100,0,0,0,0,0,0,0,0,0,0.5004,0.5004,1,0.5004,0.5004,40.8595,8.9635,20141,90,568,135,11633.7266,3604.0781,7254.2305,0,15271.7539,10.7680,2.3820,7.4103,10.7680,2.3820,3.2475,33.3333,6.2503,22.6959,0.000200,0.022900,0.000600,0.001000,0.001900,0.008900,0.000500,0.073100,0,0.019500,0.031300,0.038100,0.3429,0.1867,0.021500,0.006100,0.065700,0.001100,0.044400,0.028000,0.1953,0.006100,0.031800,0.1376,0.016000,0.092800,0.4274,0.7009,0.3088,0.057300,2.5384,0.095300,0.030700,0.039100,0.6985,0.082800,0.002200,0.002600,0.061400,0.2006,0.051200,0.000600,0.6201,1009,403750,0,0,0,0,0,0,0,0,0.008400,0,0,0,0,0,0,0,0,0,0,0,0,0,0,0,0,0,0,0
,0.3906,0.010300,2,80,0,78,0,0,14,233,44,0,454,3,0,0,13,2,0,0,0,0,0.012000,0.007300,0.3563,0.006200,0.009200,0.001100,0.9131,0.1701,0.054200,0.1314,0.002500,0.5625,0,0,768,256,11229,3565.7148,15494.9102,239.1602,0.002600,3,0.000100,0.009100,0.001900,0.021600,0.2243,0,0,0.062500,0.2796,2.5975,0.063800,0.000200,0.001400,0.000200,0.000300,0.007000,0.009100,0.042200,0.005800,0.033500,0.1154,0.011600,0.007900,0.6674,0.029200,0.009500,0.033700,0.012000,0.020300,0.078400,0.011100,0.078700,0.002200,0.1152,0.009200,0.069200,0.6107,0.005100,2.3098,0.000300,0.1790,0.000600,0.000400,0.028400,0.3085,0.7414,0.023700,0.9274,0.4957,0.002000,0.014400,0.000700,0.043400,0,10.7378,8.7628,13.0955,634,16,0.2500,0,16,3.8438,1,0,0,629,1,0,115,102,13,0,-1,-1,0,-1,-1,13.9904,4.9185,0,1525.2227,1525.2227,1441.5039,95,879,561,321,0,0,0.001200,0,0,0.015200,0.081200,0.000800,0.012900,0.069600,0.041300,0.000900,0.001900,0.000300,0.001800,0.007200,0.001000,0.004100,0.023100,0.1459,0.057800,0.091500,0.1543,0.044200,0.2147,0.022000,0.051700,0.000200,0.001900,0.066300,0.008300,0.001400,0.000600,0.025300,0.006600,0.012100,0.000900,0.1482,0.014900,0.043000,0.2227,0.070200,0.001100,0.044100,0.002600,0.034900,0.024500,0.021000,10.1353,0.060700,0.006500,0.000100,0,10.8095,0,0,0,0,0,0,0,50,0,0,0,0,1,1,9,9,2,1,1,4,1,1,1,1,1,1,7,7,1,1,50,9,6,42,76,794,950,0,0,0,0,0,-100,-100,-100,-100,600,1440,107.7673,0,0,-0.000000,-1,0,0,0,1,0,13.7344,5,50,75.1289,13.7344,0,0,48.9844,0,100,0,0,0,0,0,0,0,0,0,0.4123,0.4123,1,0.4123,0.4123,53.2030,8.9635,20141,90,568,135,11599.7266,3604.0820,7254.2305,0,15237.8086,12.3424,2.2447,7.3803,12.3424,2.2447,2.9414,33.3333,5.3599,24.0291,0.000600,0.021200,0.000600,0.000600,0.001700,0.008100,0.000600,0.075900,0,0.019400,0.020400,0.037500,0.3631,0.1976,0.019400,0.005200,0.062400,0,0.045300,0.022400,0.1874,0.005100,0.032100,0.1361,0.015400,0.087700,0.4211,0.7598,0.3333,0.056400,2.4863,0.094200,0.031700,0.039100,0.6924,0.096900,0.002100,0.002300,0.061400,0.1975,0.049200,0.000600,0.6104,934,387558,0,0,0,0,0,0,0,0,0.007800,0,0,0,0,0,0,0,0,0,0,0,0,0,0,0,0,0,0,0
,0.1036,0.011000,2,57,0,55,0,0,13,233,13,0,454,3,0,0,12,2,0,0,0,0,0.009000,0.003800,0.3990,0.005400,0.009800,0.001200,0.9184,0.2100,0.056100,0.1354,0.001500,0.028000,0,1,768,256,11229,3565.7148,15494.9102,239.1602,0.001400,3,0.000300,0.008900,0.002300,0.024400,0.1750,0,0,0.069000,0.2131,2.5667,0.070600,0.000200,0.001500,0.000200,0.000300,0.007100,0.008100,0.042900,0.004500,0.032600,0.8625,0.011500,0.006100,0.5705,0.030700,0.009000,0.039600,0.012300,0.020200,0.096200,0.012900,0.073000,0.002200,0.1033,0.008900,0.071100,0.6206,0.005600,2.3699,0.000300,0.1890,0.000600,0.000400,0.031700,0.3018,0.8100,0.1049,0.9207,0.1802,0.002100,0.010500,0.000400,0.035600,0,7.6585,8.7628,13.0955,634,16,0.2500,0,16,3.8438,1,0,0,629,1,0,115,102,13,0,-1,-1,0,-1,-1,13.9904,4.9185,0,1525.2227,1525.2227,1525.0977,95,875,561,321,0,0,0.000800,0,0,0.015900,0.085700,0.000700,0.013300,0.075700,0.049000,0.001100,0.001800,0.000400,0.001800,0.007100,0.001500,0.004000,0.024200,0.1534,0.067300,0.8038,0.1573,0.048000,0.1921,0.019700,0.055100,0.000200,0.001800,0.066900,0.009000,0.001400,0.000400,0.026100,0.006200,0.012900,0.001000,0.1455,0.014900,0.042700,0.2033,0.070100,0.001100,0.023200,0.003000,0.032800,0.022100,0.020200,7.0890,0.069200,0.006700,0.000100,0,12.3605,0,0,0,0,0,0,0,50,0,0,0,0,1,1,9,9,2,1,1,4,1,1,1,1,1,1,7,7,1,1,50,9,6,42,76,794,950,0,0,0,0,0,-100,-100,-100,-100,600,1440,107.7673,0,0,-0.000000,-1,0,0,0,1,0,13.7344,5,50,75.1289,13.7344,0,0,48.9844,0,100,0,0,0,0,0,0,0,0,0,0.4236,0.4236,1,0.4236,0.4236,63.2152,8.9635,20141,90,568,135,11586.3125,3604.0820,7254.2305,0,15203.8086,10.0187,2.9622,7.3594,10.0187,2.9622,2.9806,33.3333,5.6083,23.5351,0.000200,0.021600,0.000500,0.000700,0.001800,0.008200,0.000500,0.073200,0,0.020400,0.027800,0.040900,0.3405,0.1883,0.020400,0.005200,0.064400,0,0.046900,0.019800,0.1767,0.006100,0.032800,0.1418,0.016000,0.089000,0.4267,0.7657,0.3307,0.057300,2.4936,0.094200,0.031700,0.038800,0.6950,0.082700,0.002000,0.002600,0.061700,0.1988,0.050100,0.000700,0.6302,975,396854,0,0,0,0,0,0,0.001700,0,0.008400,0,0,0,0,0,0,0,0,0,0,0,0,0,0,0,0,0,0,0
,0.021600,0.019800,2,60,0,58,0,0,13,233,28,0,454,3,0,0,12,2,0,0,0,0,0,0.002300,0.3353,0.006000,0.009800,0.001100,0.8995,0.2103,0.054100,0.1302,0,0.027600,0.003000,0,768,256,11229,3565.7148,15494.9102,239.1602,0,5,0.000300,0.010600,0.001900,0.018800,0.1917,0,0,0.057600,0.2906,2.7031,0.078800,0.000200,0.001400,0.000200,0.000200,0.006300,0.007500,0.045800,0.005600,0.034400,0.1570,0.010300,0.006500,1.3100,0.030700,0.009900,0.037900,0.011300,0.020200,0.074000,0.015100,0.082400,0.002900,0.1065,0.008700,0.073900,0.6516,0.005900,2.4479,0.000400,0.2305,0.000600,0.000500,0.033900,0.3261,0.6673,0.029000,0.9981,0.1526,0.002500,0.010600,0.000500,0.038100,0.011800,8.9274,8.7628,13.0955,634,16,0.2500,0,16,3.8438,1,0,0,629,1,0,115,102,13,0,-1,-1,0,-1,-1,13.9904,4.9185,0,1525.2227,1525.2227,1525.0977,95,876,561,321,0,0,0.000800,0,0,0.016200,0.083900,0.000500,0.012100,0.072300,0.040900,0.001100,0.001300,0.000200,0.001600,0.005900,0.001400,0.003900,0.022900,0.1512,0.059100,0.080000,0.1664,0.048800,0.1863,0.028200,0.1471,0.000200,0.001700,0.069100,0.010300,0.001700,0.000500,0.026700,0.006600,0.012900,0.001300,0.1513,0.014700,0.043400,0.2121,0.073700,0.001200,0.030200,0.002300,0.019100,0.024800,0.026300,8.2791,0.059100,0.006700,0.000100,0,9.9162,0,0,0,0,0,0,0,50,0,0,0,0,1,1,9,9,2,1,1,4,1,1,1,1,1,1,7,7,1,1,50,9,6,42,76,794,950,0,0,0,0,0,-100,-100,-100,-100,600,1440,107.7673,0,0,-0.000000,-1,0,0,0,1,0,13.7344,5,50,75.1289,13.7344,0,0,48.9844,0,100,0,0,0,0,0,0,0,0,0,0.5274,0.5274,1,0.5274,0.5274,11.5524,8.9635,20141,90,568,135,11581.7539,3604.0820,7254.2305,0,15190.3945,10.4988,2.1842,8.0125,10.4988,2.1842,3.0269,33.3333,5.5249,22.5828,0.000200,0.022200,0.000600,0.000700,0.001500,0.008500,0.000600,0.074000,0,0.019400,0.028500,0.041700,0.3519,0.1908,0.019400,0.006200,0.066300,0,0.046200,0.008900,0.2026,0.005100,0.032400,0.1385,0.015600,0.089000,0.4282,0.7157,0.3333,0.057400,2.4840,0.094200,0.030800,0.040600,0.7364,0.088800,0.001900,0.002700,0.060100,0.1966,0.050200,0.000500,0.5926,959,395082,0.1073,2049,1192,0,1.8787,0,0.007700,0,0.008300,0,0,0,0,0,0,0,0,0,0,0,0,0,0,0,0,0,0,0
,0.025600,0.006600,2,64,0,62,0,0,13,233,24,0,454,3,0,0,12,2,0,0,0,0,0.017600,0.008200,0.3432,0.005100,0.009400,0.000900,0.9090,0.2024,0.056300,0.1323,0.002400,0.022000,0.001800,0,768,256,11229,3565.7148,15494.9102,239.1602,0.003300,4,0.000200,0.008800,0.001700,0.019100,0.2165,0,0,0.056200,0.2382,2.6581,0.066100,0.000200,0.001400,0.000200,0.000200,0.006700,0.007300,0.053900,0.005200,0.033700,0.1349,0.011900,0.006700,1.5030,0.027600,0.008400,0.037400,0.012500,0.019400,0.088900,0.009700,0.079900,0.002300,0.1028,0.008200,0.076600,0.5847,0.004900,2.3110,0.000400,0.1832,0.000500,0.000400,0.028800,0.4543,0.6530,0.024600,0.9831,0.1162,0.001800,0.009500,0.000500,0.033500,0.2958,9.2423,8.7628,13.0955,634,16,0.2500,0,16,3.8438,1,0,0,629,1,0,115,102,13,0,-1,-1,0,-1,-1,13.9904,4.9185,0,1525.2227,1525.2227,1525.0977,95,879,561,321,0,0,0.001100,0,0,0.015500,0.082300,0.000700,0.016500,0.076800,0.042200,0.000900,0.001500,0.000300,0.001400,0.006400,0.001000,0.004000,0.022600,0.1780,0.056300,0.085400,0.1596,0.048800,0.1830,0.019300,0.1658,0.000200,0.001300,0.066000,0.008700,0.001500,0.000900,0.027300,0.006800,0.012700,0.001300,0.1445,0.015600,0.042600,0.2071,0.067700,0.001000,0.044500,0.002700,0.033400,0.024200,0.017200,8.6076,0.059600,0.007100,0.000100,0,10.4080,0,0,0,0,0,0,0,50,0,0,0,0,1,1,9,9,2,1,1,4,1,1,1,1,1,1,7,7,1,1,50,9,6,42,76,794,950,0,0,0,0,0,-100,-100,-100,-100,600,1440,107.7673,0,0,-0.000000,-1,0,0,0,1,0,13.7344,5,50,75.1289,13.7344,0,0,48.9844,0,100,0,0,0,0,0,0,0,0,0,0.5112,0.5112,1,0.5112,0.5112,22.3214,8.9635,20141,90,568,135,11566.1484,3604.0820,7254.2305,0,15185.8359,10.7457,2.1569,7.3906,10.7457,2.1569,2.8605,33.3333,5.4242,22.5679,0.000600,0.023000,0.000700,0.000600,0.001500,0.008500,0.000700,0.072900,0.001000,0.029700,0.020300,0.039800,0.3485,0.1915,0.018500,0.006100,0.066100,0,0.046200,0.008800,0.2001,0.005100,0.032400,0.1352,0.015500,0.089800,0.4311,0.7073,0.3309,0.057400,2.2466,0.1976,0.047100,0.039500,0.6858,0.065100,0.002100,0.002600,0.061900,0.1955,0.049200,0.000800,1.5157,939,388754,0,0,0,0,0,0,0.006600,0,0.008400,0,0,0,0,0,0,0,0,0,0,0,0,0,0,0,0,0,0,0
,0.016900,0.009400,2,57,0,55,0,0,13,233,13,0,454,3,0,0,12,2,0,0,0,0,0,0.018200,0.3293,0.005200,0.008600,0.001100,0.8700,0.1918,0.051800,0.1242,0.000800,0.024200,0.008100,0,768,256,11229,3565.7148,15494.9102,239.1602,0.001800,4,0.000100,0.008300,0.002100,0.018200,0.1886,0,0,0.059300,0.2430,2.6168,0.090800,0.000200,0.001800,0.000200,0.000300,0.006800,0.006900,0.047400,0.005300,0.032900,0.1145,0.011800,0.005900,1.3141,0.026200,0.009000,0.033100,0.012000,0.019900,0.079500,0.011200,0.079800,0.002600,0.084100,0.008900,0.069100,0.5961,0.004100,2.3086,0.000200,0.1858,0.001100,0.000300,0.029600,0.3965,0.6177,0.025000,0.8859,0.1421,0.002000,0.009400,0.000500,0.036800,0.1321,9.3146,8.7628,13.0955,634,16,0.2500,0,16,3.8438,1,0,0,629,1,0,115,102,13,0,-1,-1,0,-1,-1,13.9904,4.9185,0,1525.2227,1525.2227,1525.0977,95,883,561,321,0,0,0.001000,0,0,0.015400,0.081800,0.000500,0.012300,0.072000,0.042200,0.000800,0.001400,0.000300,0.001700,0.005900,0.001100,0.004200,0.022000,0.1447,0.057800,0.080900,0.1481,0.048000,0.2448,0.021300,0.041600,0.000200,0.001600,0.066400,0.008600,0.001400,0.000600,0.026400,0.006200,0.013000,0.001200,0.1408,0.014800,0.041200,0.2085,0.072400,0.001200,0.041700,0.002300,0.033400,0.023200,0.016900,8.7840,0.061700,0.007600,0.000100,0,10.9285,0,0,0,0,0,0,0,50,0,0,0,0,1,1,9,9,2,1,1,4,1,1,1,1,1,1,7,7,1,1,50,9,6,42,76,794,950,0,0,0,0,0,-100,-100,-100,-100,600,1440,107.7673,0,0,-0.000000,-1,0,0,0,1,0,13.7344,5,50,75.1289,13.7344,0,0,48.9844,0,100,0,0,0,0,0,0,0,0,0,0.4596,0.4596,1,0.4596,0.4596,33.3001,8.9635,20141,90,568,135,11563.8086,3604.0820,7254.2305,0,15170.2305,10.9507,2.2020,8.0991,10.9507,2.2029,2.9759,33.3333,5.3948,23.8743,0.000200,0.020700,0.000500,0.000600,0.001700,0.007300,0.000700,0.073300,0,0.019500,0.030600,0.038100,0.3496,0.1919,0.019500,0.005100,0.066400,0,0.047300,0.008800,0.2024,0.005100,0.032700,0.1350,0.016600,0.089100,0.4308,1.5391,0.3517,0.056200,2.4639,0.095300,0.031700,0.039300,0.6907,0.089400,0.001800,0.002500,0.062700,0.1966,0.050200,0.000600,0.6100,952,391874,0,0,0,0,0,0,0.002500,0.001100,0.008300,0,0,0,0,0,0,0,0,0,0,0,0,0,0,0,0,0,0,0
,0.012600,0.012300,2,56,0,54,0,0,13,233,13,0,454,3,0,0,12,2,0,0,0,0,0.025000,0.010600,0.4993,0.005400,0.009800,0.001200,0.8590,0.1966,0.049600,0.1262,0.001200,0.029300,0.001100,0,768,256,11229,3565.7148,15494.9102,239.1602,0.001700,4,0.000100,0.007000,0.002100,0.020500,0.1874,0,0,0.055400,0.2213,2.7324,0.068300,0.000200,0.001200,0.000300,0.000200,0.007200,0.007000,0.045600,0.005100,0.036700,0.1358,0.012100,0.006500,1.4538,0.027300,0.008800,0.037300,0.011400,0.019500,0.086300,0.009600,0.072900,0.002100,0.078900,0.008100,0.080100,0.6530,0.007200,2.4919,0.000200,0.2085,0.000700,0.000500,0.031300,0.3247,0.7339,0.024500,1.0016,0.2336,0.002300,0.011200,0.000700,0.035900,0.3522,8.8615,8.7628,13.0955,634,16,0.2500,0,16,3.8438,1,0,0,629,1,0,115,102,13,0,-1,-1,0,-1,-1,13.9904,4.9185,0,1525.2227,1525.2227,1525.0977,95,881,561,322,0,0,0.000800,0,0,0.015300,0.080500,0.000700,0.013400,0.069500,0.039600,0.001100,0.001700,0.000300,0.001900,0.006600,0.001400,0.003700,0.022700,0.1411,0.055400,0.075200,0.1644,0.050100,0.1878,0.020000,0.046900,0.000200,0.001300,0.062000,0.008200,0.001300,0.000500,0.026600,0.006000,0.012100,0.001100,0.1420,0.013800,0.043100,0.1940,0.070800,0.001200,0.039400,0.002300,0.017200,0.023300,0.017200,8.3178,0.059100,0.006600,0.000100,0.004600,10.8267,0,0,0,0,0,0,0,50,0,0,0,0,1,1,9,9,2,1,1,4,1,1,1,1,1,1,7,7,1,1,50,9,6,42,76,794,950,0,0,0,0,0,-100,-100,-100,-100,600,1440,107.7673,0,0,-0.000000,-1,0,0,0,1,0,13.7344,5,50,75.1289,13.7344,0,0,48.9844,0,100,0,0,0,0,0,0,0,0,0,0.4090,0.4090,1,0.4090,0.4090,43.5804,8.9635,20141,90,568,135,11548.8672,3604.0820,7254.2305,0,15167.8906,10.3300,1.9860,8.2163,10.3300,1.9860,2.8599,33.3333,5.4709,24.4004,0.000600,0.022200,0.000700,0.000600,0.001500,0.007100,0.000600,0.072800,0,0.020400,0.027500,0.040600,0.3424,0.1923,0.019400,0.005200,0.065800,0,0.045600,0.019900,0.1950,0.005100,0.033200,0.1349,0.014800,0.089400,0.4270,0.7085,0.3359,0.056300,2.4976,0.095200,0.031800,0.039100,0.7003,0.087000,0.001900,0.002600,0.062900,0.1976,0.049200,0.000700,0.6110,947,390700,0,0,0,0,0,0,0.002100,0,0.009500,0,0,0,0,0,0,0,0,0,0,0,0,0,0,0,0,0,0,0
,0.014900,0.076800,2,56,0,54,0,0,13,233,15,0,454,3,0,0,12,2,0,0,0,0,0.008200,0.004000,0.3517,0.005300,0.008800,0.000900,0.9038,0.1917,0.054300,0.1405,0.000900,0.039500,0,1,768,256,11229,3565.7148,15494.9102,239.1602,0.001600,4,0.000300,0.2819,0.001700,0.012100,0.1794,0,0,0.065200,0.3025,2.6115,0.064200,0.000200,0.001100,0.000200,0.000200,0.006400,0.006900,0.043700,0.005300,0.031900,0.1161,0.010800,0.006400,1.4131,0.026800,0.007600,0.035900,0.011200,0.018900,0.081500,0.012300,0.074500,0.002100,0.078000,0.007700,0.069000,0.5846,0.004600,2.3650,0.000400,0.2048,0.000600,0.000300,0.030000,0.3460,0.6292,0.024400,0.9188,0.1265,0.002100,0.009700,0.000500,0.035100,0,9.7989,8.7628,13.0955,634,16,0.2500,0,16,3.8438,1,0,0,629,1,0,115,102,13,0,-1,-1,0,-1,-1,13.9904,4.9185,0,1525.2227,1525.2227,1525.0977,95,882,561,322,0,0,0.001100,0,0,0.015000,0.079900,0.000800,0.011300,0.069400,0.039300,0.000800,0.001700,0.000300,0.001700,0.006600,0.000900,0.003900,0.022100,0.1347,0.056100,0.075800,0.1462,0.045500,0.2575,0.021300,0,0.000200,0.001600,0.064700,0.009100,0.001100,0.000500,0.026100,0.006400,0.011900,0.001000,0.1397,0.013600,0.040200,0.2044,0.070600,0.001300,0.041400,0.002400,0.032800,0.023200,0.015800,9.2957,0.060100,0.006000,0.000100,0,10.4730,0,0,0,0,0,0,0,50,0,0,0,0,1,1,9,9,2,1,1,4,1,1,1,1,1,1,7,7,1,1,50,9,6,42,76,794,950,0,0,0,0,0,-100,-100,-100,-100,600,1440,107.7673,0,0,-0.000000,-1,0,0,0,1,0,13.7344,5,50,75.1289,13.7344,0,0,48.9844,0,100,0,0,0,0,0,0,0,0,0,0.4283,0.4283,1,0.4283,0.4283,55.0412,8.9635,20141,90,568,135,11545.6797,3604.0820,7254.2305,0,15152.9492,11.3091,2.1516,7.3454,11.3091,2.1516,2.9372,33.3333,5.4804,23.7477,0.000600,0.020600,0.000700,0.000600,0.002100,0.008900,0.000600,0.072600,0.001000,0.018500,0.026800,0.035900,0.3640,0.1885,0.019500,0.006100,0.062500,0,0.047200,0.010500,0.1871,0.006100,0.032900,0.1416,0.015800,0.091400,0.4219,0.6506,0.3009,0.058400,2.3439,0.094200,0.031700,0.039000,0.6856,0.090800,0.002500,0.004600,0.061100,0.1955,0.050200,0.000700,0.6178,1016,417558,0,0,0,0,0,0,0,0,0.008500,0,0,0,0,0,0,0,0,0,0,0,0,0,0,0,0,0,0,0
,0.026200,0.018000,2,73,0,71,0,0,14,233,30,0,454,3,0,0,13,2,0,0,0,0,0.011400,0.006200,0.3312,0.005800,0.010400,0.000900,0.8649,0.1875,0.052700,0.1205,0.001100,0.036100,0,1,768,256,11229,3565.7148,15494.9102,239.1602,0.001500,3,0.000200,0.008400,0.002500,0.013700,0.1748,0,0,0.057700,0.2306,2.6324,0.059800,0.000300,0.001400,0.000300,0.000300,0.007400,0.006200,0.043800,0.004400,0.031300,0.1194,0.011700,0.006800,0.4748,0.024800,0.008200,0.028000,0.011500,0.018200,0.084300,0.008700,0.069800,0.002100,0.084800,0.008300,0.070100,0.6145,0.006000,2.3626,0.000400,0.1881,0.000800,0.000300,0.029300,0.3028,0.6309,0.023600,0.9191,0.1370,0.001900,0.010200,0.000600,0.035700,0.9396,8.7137,8.7628,13.0955,634,16,0.2500,0,16,3.8438,1,0,0,629,1,0,115,102,13,0,-1,-1,0,-1,-1,13.9904,4.9185,0,1525.2227,1525.2227,1525.0977,95,880,561,322,0,0,0.000900,0,0,0.015100,0.084500,0.001000,0.013700,0.072600,0.042600,0.000900,0.001600,0.000300,0.001800,0.006300,0.001000,0.003900,0.023400,0.1538,0.058100,0.078400,0.1489,0.044800,0.1736,0.016700,0.043000,0.000400,0.005400,0.066200,0.008400,0.001500,0.000700,0.028600,0.006600,0.011900,0.001100,0.1412,0.016300,0.041500,0.2094,0.068100,0.001300,0.042500,0.003100,0.033600,0.023400,0.018400,8.2101,0.073600,0.006500,0.000200,0,11.3360,0,0,0,0,0,0,0,50,0,0,0,0,1,1,9,9,2,1,1,4,1,1,1,1,1,1,7,7,1,1,50,9,6,42,76,794,950,0,0,0,0,0,-100,-100,-100,-100,600,1440,107.7673,0,0,-0.000000,-1,0,0,0,1,0,13.7344,5,50,75.1289,13.7344,0,0,48.9844,0,100,0,0,0,0,0,0,0,0,0,0.3906,0.3906,1,0.3906,0.3906,2.7605,8.9635,20141,90,568,135,11531.8672,3604.0820,7254.2305,0,15149.7617,10.3383,2.0346,7.4555,10.3383,2.0346,2.8659,33.3333,5.4202,24.1744,0.000200,0.020300,0.000500,0.000600,0.001600,0.008600,0.000500,0.073000,0,0.020500,0.022100,0.025500,0.3538,0.1878,0.019400,0.006200,0.066900,0,0.045100,0.010400,0.1942,0.005100,0.032700,0.1341,0.015800,0.089500,0.4266,0.7173,0.3553,0.056400,3.2683,0.094200,0.034800,0.038000,0.6919,0.092300,0.001900,0.002600,0.062700,0.1966,0.049200,0.000600,0.6069,1009,420962,0,2334,1263,0,0.9978,0,0,0,0.008800,0,0,0,0,0,0,0,0,0,0,0,0,0,0,0,0,0,0,0
,0.013400,0.006000,0,0,0,0,0,0,0,0,0,0,0,0,0,0,0,0,0,0,0,0,0.008600,0.005300,0.3257,0.005800,0.008600,0.001200,0.8665,0.1842,0.051600,0.1248,0.001300,0.026700,0.002300,1,768,256,11229,3565.7148,15494.9102,239.1602,0.001400,4,0.000200,0.009600,0.002000,0.014300,0.1814,0,0,0.057000,0.3030,2.5639,0.071500,0.000200,0.001500,0.000200,0.000300,0.007100,0.006800,0.041200,0.005300,0.030200,0.1392,0.009800,0.006100,1.3482,0.027700,0.008900,0.027000,0.011700,0.019100,0.097000,0.010500,0.073900,0.002000,0.078100,0.008200,0.070900,0.6257,0.004700,2.3394,0.000400,0.1841,0.000500,0.000400,0.030400,0.3774,0.6856,0.024000,0.9288,0.2347,0.001900,0.010500,0.000600,0.035500,0.021100,8.5721,8.7628,13.0955,634,16,0.2500,0,16,3.8438,1,0,0,629,1,0,115,102,13,0,-1,-1,0,-1,-1,13.9904,4.9185,0,1525.2227,1525.2227,1525.0977,95,879,561,322,0,0,0.000800,0,0,0.014900,0.076800,0.000600,0.011200,0.065900,0.037400,0.001000,0.001400,0.000200,0.001400,0.006100,0.000900,0.003500,0.020800,0.1273,0.054300,0.075500,0.1666,0.039200,0.4488,0.015100,0,0.000200,0.001700,0.064000,0.008000,0.001800,0.000500,0.024400,0.006000,0.012400,0.001200,0.1345,0.013400,0.039800,0.1893,0.065700,0.001100,0.023100,0.003100,0.017600,0.023000,0.017500,7.9697,0.057200,0.006500,0.000200,0,10.3290,0,0,0,0,0,0,0,50,0,0,0,0,1,1,9,9,2,1,1,4,1,1,1,1,1,1,7,7,1,1,50,9,6,42,76,794,950,0,0,0,0,0,-100,-100,-100,-100,600,1440,107.7673,0,0,-0.000000,-1,0,0,0,1,0,13.7344,5,50,75.1289,13.7344,0,0,48.9844,0,100,0,0,0,0,0,0,0,0,0,0.4238,0.4238,1,0.4238,0.4238,12.9462,8.9635,20141,90,568,135,11528.6133,3604.0820,7254.2305,0,15135.9492,10.2694,2.2927,7.4555,10.2694,2.2927,2.8464,33.3333,5.5110,23.9384,0.000300,0.021100,0.000600,0.000900,0.001800,0.007900,0.000600,0.073800,0.001100,0.021500,0.026700,0.039100,0.3492,0.1903,0.019400,0.005100,0.067000,0,0.047300,0.011000,0.1772,0.005200,0.033300,0.1318,0.016700,0.089500,0.4336,0.7597,0.2968,0.057300,2.4189,0.095200,0.030800,0.042100,0.6991,0.078400,0.002000,0.005000,0.059900,0.1996,0.049100,0.000700,0.6298,964,394756,0,0,0,0,0,0,0,0,0.007600,0,0,0,0,0,0,0,0,0,0,0,0,0,0,0,0,0,0,0
,0.083800,0.019500,4,121,0,117,0,0,26,466,54,0,908,6,0,0,24,4,0,0,0,0,0.008600,0.007400,0.3325,0.007400,0.008900,0.001200,0.8665,0.2117,0.055100,0.1339,0.001000,0.021500,0.000900,1,768,256,11229,3565.7148,15494.9102,239.1602,0.001300,4,0.000100,0.009200,0.002100,0.013900,0.1838,0,0,0.060800,0.2908,2.6150,0.066300,0.000200,0.001400,0.000300,0.000200,0.007500,0.007900,0.048600,0.004900,0.036400,0.2102,0.011200,0.020000,1.8176,0.029800,0.009300,0.031600,0.011300,0.018400,0.076600,0.009100,0.064100,0.002000,0.081600,0.007900,0.069100,0.5891,0.004300,2.3339,0.000200,0.1830,0.000900,0.000400,0.029000,0.4475,0.6649,0.025700,0.9039,0.1468,0.002100,0.010000,0.000500,0.037600,0,8.9954,8.7628,13.0955,634,16,0.2500,0,16,3.8438,1,0,0,629,1,0,115,102,13,0,-1,-1,0,-1,-1,13.9904,4.9185,0,1525.2227,1525.2227,1525.0977,95,878,561,322,0,0,0.001100,0,0,0.014600,0.078800,0.000700,0.011800,0.068800,0.044100,0.000900,0.001700,0.000200,0.001700,0.006700,0.001100,0.003900,0.020600,0.1630,0.057600,0.088800,0.1496,0.036800,0.2653,0.019600,0,0.000300,0.001800,0.065600,0.008700,0.001800,0.000400,0.024200,0.006500,0.012800,0.001100,0.1370,0.013500,0.040900,0.2021,0.066200,0.001100,0.030100,0.003000,0.032000,0.023000,0.017300,8.5576,0.063700,0.006600,0.000200,0,10.1766,0,0,0,0,0,0,0,50,0,0,0,0,1,1,9,9,2,1,1,4,1,1,1,1,1,1,7,7,1,1,50,9,6,42,76,794,950,0,0,0,0,0,-100,-100,-100,-100,600,1440,107.7673,0,0,-0.000000,-1,0,0,0,1,0,13.7344,5,50,75.1289,13.7344,0,0,48.9844,0,100,0,0,0,0,0,0,0,0,0,0.4386,0.4386,1,0.4386,0.4386,23.6142,8.9635,20141,90,568,135,11514.8945,3604.0820,7254.2305,0,15132.6953,10.4792,2.0790,7.4186,10.4792,2.0790,2.8757,33.3333,5.8183,23.7907,0.000600,0.022400,0.000500,0.000600,0.001400,0.011300,0.000600,0.075600,0.001000,0.017400,0.028100,0.034300,0.7997,0.3128,0.022500,0.006200,0.068200,0,0.046100,0.012700,0.2029,0.007200,0.041700,0.1874,0.025300,0.1029,0.4204,0.7042,0.3864,0.056400,2.0582,0.094300,0.034800,0.039300,0.6882,0.087600,0.001800,0.002700,0.061900,0.1986,0.051200,0.000600,1.0171,974,421676,0.050000,0,0,0,0,0,0.003200,0,0.008700,0,0,0,0,0,0,0,0,0,0,0,0,0,0,0,0,0,0,0
,0.097000,0.008200,2,60,0,58,0,0,13,233,30,0,454,3,0,0,12,2,0,0,0,0,0,0.007900,0.3334,0.005300,0.008100,0.001000,0.8800,0.1660,0.049700,0.1347,0.001300,0.033300,0,1,768,256,11229,3565.7148,15494.9102,239.1602,0.002100,3,0.000300,0.009600,0.002200,0.015400,0.1828,0,0,0.062600,0.2904,2.7063,0.066900,0.000200,0.001200,0.000200,0.000200,0.006100,0.006400,0.053800,0.005200,0.032500,0.1475,0.011100,0.005900,0.6911,0.027200,0.008800,0.029100,0.011800,0.018300,0.1156,0.014200,0.084700,0.002500,0.079000,0.010300,0.068200,0.6164,0.005300,2.3694,0.000200,0.1924,0.000600,0.000300,0.030900,0.3092,0.9245,0.023100,0.9415,0.1298,0.001600,0.010000,0.000700,0.036400,0.3201,9.1597,8.7628,13.0955,634,16,0.2500,0,16,3.8438,1,0,0,629,1,0,115,102,13,0,-1,-1,0,-1,-1,13.9904,4.9185,0,1525.2227,1525.2227,1441.5039,95,873,561,322,0,0,0.001100,0,0,0.015000,0.082900,0.000700,0.012500,0.069000,0.043800,0.001000,0.001700,0.000200,0.001800,0.006900,0.000900,0.004000,0.024400,0.1581,0.074000,0.081800,0.1700,0.040900,0.1648,0.022700,0.1477,0.000200,0.001700,0.063500,0.008400,0.001300,0.000600,0.026600,0.006500,0.012600,0.001100,0.1401,0.014800,0.039300,0.1969,0.066200,0.001200,0.043200,0.002100,0.033300,0.022300,0.016100,8.5231,0.060800,0.006600,0.000100,0,10.6947,0,0,0,0,0,0,0,50,0,0,0,0,1,1,9,9,2,1,1,4,1,1,1,1,1,1,7,7,1,1,50,9,6,42,76,794,950,0,0,0,0,0,-100,-100,-100,-100,600,1440,107.7673,0,0,-0.000000,-1,0,0,0,1,0,13.7344,5,50,75.1289,13.7344,0,0,48.9844,0,100,0,0,0,0,0,0,0,0,0,0.4669,0.4669,1,0.4669,0.4669,34.3782,8.9635,20141,90,568,135,11511.5742,3604.0820,7254.2305,0,15118.9766,10.9421,2.2338,7.6447,10.9421,2.2348,2.9341,33.3333,5.1405,23.9427,0.000200,0.020900,0.000600,0.000600,0.001700,0.007500,0.001600,0.072100,0,0.017400,0.023800,0.051000,0.3463,0.1861,0.020500,0.005100,0.063300,0,0.045800,0.016300,0.2034,0.005100,0.033000,0.1374,0.022000,0.1137,0.4128,0.6399,0.2989,0.055400,3.2758,0.096200,0.032800,0.038900,0.6919,0.080400,0.001900,0.002500,0.063400,0.1988,0.050200,0.000600,0.6219,977,411702,0,0,0,0,0,0.038700,0,0.001100,0.007900,0,0,0,0,0,0,0,0,0,0,0,0,0,0,0,0,0,0,0
,0.016100,0.006400,2,64,0,62,0,0,13,233,27,0,454,3,0,0,12,2,0,0,0,0,0.021300,0.013300,0.3622,0.005900,0.009300,0.001000,0.8437,0.2245,0.051000,0.1226,0.001200,0.038100,0.007000,0,768,256,11229,3565.7148,15494.9102,239.1602,0.001600,5,0.000400,0.017300,0.002200,0.013800,0.2078,0,0,0.065300,0.2107,2.6401,0.062400,0.000300,0.001300,0.000200,0.000200,0.006800,0.006300,0.041100,0.005900,0.033200,0.1300,0.011700,0.006400,1.2004,0.028000,0.009600,0.027600,0.011100,0.018600,0.1033,0.014100,0.080700,0.002400,0.096700,0.009300,0.074500,0.6156,0.005100,2.3757,0.000400,0.1909,0.000500,0.000300,0.029900,0.3134,0.5899,0.025200,0.9103,0.1612,0.001900,0.009700,0.000500,0.032100,0.033500,8.8996,8.7628,13.0955,634,16,0.2500,0,16,3.8438,1,0,0,629,1,0,115,102,13,0,-1,-1,0,-1,-1,13.9904,4.9185,0,1525.2227,1525.2227,1525.0977,95,876,561,322,0,0,0.000800,0,0,0.015300,0.1000,0.000700,0.013800,0.068900,0.043100,0.000900,0.001500,0.000100,0.001400,0.006100,0.001100,0.003900,0.023300,0.1412,0.057400,0.092600,0.1448,0.042800,0.3073,0.019600,0,0.000600,0.002100,0.064800,0.008300,0.001400,0.000700,0.026400,0.007000,0.012300,0.001300,0.1337,0.016200,0.040600,0.2004,0.072300,0.001300,0.046200,0.002500,0.018900,0.024800,0.018700,8.3472,0.061700,0.006700,0.000100,0,10.7498,0,0,0,0,0,0,0,50,0,0,0,0,1,1,9,9,2,1,1,4,1,1,1,1,1,1,7,7,1,1,50,9,6,42,76,794,950,0,0,0,0,0,-100,-100,-100,-100,600,1440,107.7673,0,0,-0.000000,-1,0,0,0,1,0,13.7344,5,50,75.1289,13.7344,0,0,48.9844,0,100,0,0,0,0,0,0,0,0,0,0.4770,0.4770,1,0.4770,0.4770,44.9306,8.9635,20141,90,568,135,11497.2695,3604.0820,7254.2305,0,15115.6562,10.4974,2.1697,7.6447,10.4974,2.1708,2.9659,33.3333,5.9084,22.5381,0.000600,0.025400,0.000500,0.000700,0.001800,0.007000,0.000600,0.072700,0.001000,0.020500,0.026500,0.038000,0.3560,0.2071,0.020500,0.005100,0.066000,0.001000,0.046000,0.014200,0.2115,0.006200,0.032800,0.1350,0.015600,0.089400,0.4266,0.7602,0.3372,0.055400,2.4964,0.095200,0.030800,0.038900,0.6893,0.087600,0.002000,0.002300,0.058300,0.1977,0.050200,0.000600,0.6064,929,386384,0,0,0,0,0,0,0.002900,0.001300,0.007500,0,0,0,0,0,0,0,0,0,0,0,0,0,0,0,0,0,0,0
,0.015300,0.011100,2,57,0,55,0,0,13,233,15,0,454,3,0,0,12,2,0,0,0,0,0,0.018700,0.3442,0.006600,0.009400,0.001200,0.8577,0.1697,0.052200,0.1243,0.001800,0.035400,0,1,768,256,11229,3565.7148,15494.9102,239.1602,0.002000,3,0.000200,0.008100,0.001900,0.015500,0.1918,0,0,0.061500,0.2798,2.7174,0.072000,0.000200,0.001700,0.000200,0.000300,0.007900,0.006400,0.044900,0.005100,0.031600,0.6019,0.011000,0.005900,0.6913,0.025700,0.009300,0.030400,0.011300,0.040100,0.094400,0.012600,0.1087,0.002600,0.093000,0.008400,0.073200,0.6045,0.005600,2.3546,0.000300,0.1906,0.000500,0.000400,0.031200,0.3293,0.6407,0.024300,0.9100,0.1746,0.001900,0.010400,0.000500,0.036000,0.075600,7.5149,8.7628,13.0955,634,16,0.2500,0,16,3.8438,1,0,0,629,1,0,115,102,13,0,-1,-1,0,-1,-1,13.9904,4.9185,0,1525.2227,1525.2227,1525.0977,95,879,561,322,0,0,0.000900,0,0,0.015200,0.090300,0.000600,0.021900,0.073900,0.042400,0.001200,0.001800,0.000300,0.001500,0.006400,0.001400,0.004300,0.024700,0.1171,0.061600,0.081900,0.1570,0.045100,0.1751,0.018100,1.1758,0.000100,0.001600,0.068900,0.009100,0.001200,0.000400,0.025800,0.006200,0.012400,0.001200,0.1524,0.019300,0.049000,0.2157,0.071800,0.001300,0.043100,0.002500,0.032900,0.025200,0.024200,6.8377,0.058000,0.008900,0,0,10.5326,0,0,0,0,0,0,0,50,0,0,0,0,1,1,9,9,2,1,1,4,1,1,1,1,1,1,7,7,1,1,50,9,6,42,76,794,950,0,0,0,0,0,-100,-100,-100,-100,600,1440,107.7673,0,0,-0.000000,-1,0,0,0,1,0,13.7344,5,50,75.1289,13.7344,0,0,48.9844,0,100,0,0,0,0,0,0,0,0,0,1.4882,1.4882,1,1.4882,1.4882,55.0244,8.9635,20141,90,568,135,11494.6992,3604.0820,7254.2305,0,15101.3516,10.1690,3.2261,7.4315,10.1690,3.2261,3.0977,33.3333,5.6107,22.4775,0.000200,0.021200,0.000700,0.000800,0.001600,0.007800,0.000600,0.073000,0,0.018400,0.020600,0.040400,0.3461,0.2036,0.021500,0.006200,0.063100,0,0.045900,0.012700,0.2010,0.005100,0.033100,0.1361,0.018600,0.095400,0.4286,0.7312,0.3390,0.055200,2.4383,0.095200,0.032800,0.039300,0.6749,0.090400,0.002000,0.002500,0.061600,0.2007,0.050200,0.000600,1.0659,958,405102,0,0,0,0,0,0,0,0,0.008100,0,0,0,0,0,0,0,0,0,0,0,0,0,0,0,0,0,0,0
,0.024900,0.006300,2,60,0,58,0,0,13,233,31,0,454,3,0,0,12,2,0,0,0,0,0.026900,0.008200,0.3565,0.005500,0.009000,0.001000,0.8729,0.1985,0.051300,0.1283,0.001000,0.031900,0,0,768,256,11229,3565.7148,15494.9102,239.1602,0.001800,6,0.000100,0.008900,0.001900,0.014500,0.1791,0,0,0.065200,0.3059,2.7585,0.060200,0.000300,0.001100,0.000200,0.000200,0.006800,0.007700,0.042000,0.005300,0.035700,0.1267,0.010300,0.006000,0.5711,0.027800,0.009100,0.041700,0.014900,0.018800,0.1079,0.009300,0.077300,0.002300,0.090500,0.008300,0.080000,0.6391,0.005300,2.4136,0.000400,0.2025,0.000600,0.000500,0.029800,0.3126,0.6269,0.026700,0.9718,0.4219,0.001900,0.011100,0.001900,0.035800,0.077700,8.9103,8.7628,13.0955,634,16,0.2500,0,16,3.8438,1,0,0,629,1,0,115,102,13,0,-1,-1,0,-1,-1,13.9904,4.9185,0,1525.2227,1525.2227,1525.0977,95,870,551,321,0,0,0.001100,0,0,0.014800,0.083600,0.000700,0.012600,0.069800,0.037900,0.000800,0.001600,0.000300,0.001700,0.006400,0.001300,0.004100,0.022000,0.1526,0.054700,0.080000,0.1531,0.040000,0.2006,0.018700,0.046400,0.000300,0.001500,0.067900,0.009300,0.001300,0.000700,0.030000,0.007100,0.012400,0.001100,0.2243,0.015300,0.043500,0.2153,0.070800,0.001200,0.042700,0.002300,0.034700,0.025200,0.018100,8.2400,0.059300,0.006600,0.000100,0,10.0514,0,0,0,0,0,0,0,50,0,0,0,0,1,1,9,9,2,1,1,4,1,1,1,1,1,1,7,7,1,1,50,9,6,42,76,794,950,0,0,0,0,0,-100,-100,-100,-100,600,1440,107.7673,0,0,-0.000000,-1,0,0,0,1,0,13.7344,5,50,75.1289,13.7344,0,0,48.9844,0,100,0,0,0,0,0,0,0,0,0,0.4169,0.4169,1,0.4169,0.4169,2.3749,8.9635,20141,90,568,135,11480.9531,3604.0820,7254.2305,0,15098.7812,10.3965,2.0952,7.7681,10.3965,2.0952,2.8319,33.3333,5.6974,22.4338,0.000200,0.021000,0.000600,0.000600,0.001600,0.012100,0.001700,0.075000,0,0.019400,0.021500,0.032500,0.3506,0.1836,0.018400,0.006200,0.069700,0,0.045800,0.011800,0.1622,0.005100,0.030900,0.1358,0.016700,0.093100,0.4358,0.7286,0.3001,0.057400,2.2403,0.1987,0.048100,0.039400,0.7040,0.1041,0.002000,0.002600,0.060600,0.1988,0.051200,0.000600,0.6076,982,399924,0,2384,1338,0,1.1556,0.030600,0,0,0.008200,0,0,0,0,0,0,0,0,0,0,0,0,0,0,0,0,0,0,0
,0.015800,0.019900,2,64,0,62,0,0,13,233,29,0,454,3,0,0,12,2,0,0,0,0,0,0.008000,0.3447,0.006200,0.008900,0.001100,0.9050,0.1796,0.057100,0.1338,0.001400,0.024500,0,0,768,256,11229,3565.7148,15494.9102,239.1602,0.002400,3,0.000400,0.008900,0.002100,0.014300,0.1835,0,0,0.064900,0.2565,2.8557,0.071800,0.000200,0.001200,0.000200,0.000200,0.006400,0.007900,0.039600,0.005000,0.032200,0.1208,0.010500,0.005600,0.8709,0.030200,0.009400,0.027700,0.012200,0.018800,0.1014,0.010500,0.070800,0.002400,0.1321,0.008200,0.077100,0.6487,0.006300,2.4258,0.000300,0.2210,0.000600,0.000400,0.034100,0.3256,0.6613,0.027600,1.0668,0.1679,0.002200,0.010300,0.000600,0.036800,0,7.1154,8.7628,13.0955,634,16,0.2500,0,16,3.8438,1,0,0,629,1,0,115,102,13,0,-1,-1,0,-1,-1,13.9904,4.9185,0,1525.2227,1525.2227,1525.0977,95,875,561,321,0,0,0.001000,0,0,0.015400,0.085800,0.000600,0.011600,0.078500,0.042500,0.000800,0.001500,0.000300,0.001400,0.005800,0.001100,0.004000,0.022500,0.2260,0.057100,0.082800,0.1692,0.046000,0.1740,0.020100,1.5327,0.000300,0.001900,0.074200,0.010600,0.001700,0.000600,0.033500,0.006900,0.015600,0.001100,0.1661,0.015300,0.047300,0.2055,0.068700,0.001100,0.046700,0.002000,0.017400,0.024100,0.025300,6.4866,0.060400,0.006300,0.000100,0,10.4830,0,0,0,0,0,0,0,50,0,0,0,0,1,1,9,9,2,1,1,4,1,1,1,1,1,1,7,7,1,1,50,9,6,42,76,794,950,0,0,0,0,0,-100,-100,-100,-100,600,1440,107.7673,0,0,-0.000000,-1,0,0,0,1,0,13.7344,5,50,75.1289,13.7344,0,0,48.9844,0,100,0,0,0,0,0,0,0,0,0,1.9112,1.9112,1,1.9112,1.9112,12.6272,8.9635,20141,90,568,135,11477.6992,3604.0820,7254.2305,0,15085.0352,10.2458,3.8355,7.1699,10.2458,3.8355,2.9883,33.3333,5.9486,22.2174,0.000200,0.021900,0.000600,0.000600,0.001600,0.009900,0.000600,0.073200,0.001100,0.020500,0.020600,0.035100,0.3479,0.1838,0.020500,0.005100,0.062400,0,0.041900,0.021000,0.1699,0,0.031100,0.1267,0.016200,0.095100,0.4354,0.7440,0.3291,0.057400,2.4833,0.095200,0.031700,0.050000,0.7001,0.088300,0.002000,0.002600,0.062300,0.2006,0.049200,0.000600,0.6061,922,385164,0,0,0,0,0,0,0,0,0.008400,0,0,0,0,0,0,0,0,0,0,0,0,0,0,0,0,0,0,0
,0.017900,0.017600,2,57,0,55,0,0,13,233,13,0,454,3,0,0,12,2,0,0,0,0,0.026700,0,0.3319,0.005700,0.009300,0.001000,0.8897,0.2046,0.055000,0.1327,0.001300,0.025000,0,0,768,256,11229,3565.7148,15494.9102,239.1602,0.001400,2,0.000200,0.008800,0.001900,0.019500,0.1860,0,0,0.060000,0.3874,2.8016,0.067100,0.000200,0.001500,0.000200,0.000400,0.007400,0.007800,0.042400,0.005300,0.032900,0.1495,0.011500,0.006500,1.4383,0.033700,0.009100,0.039600,0.013200,0.021000,0.1074,0.010200,0.079900,0.002500,0.1222,0.010700,0.074600,0.6509,0.005900,2.4203,0.000500,0.2033,0.000600,0.000400,0.031900,0.3277,0.8519,0.027200,0.9993,0.4926,0.002100,0.016200,0.000600,0.036200,0.001200,8.2206,8.7628,13.0955,634,16,0.2500,0,16,3.8438,1,0,0,629,1,0,115,102,13,0,-1,-1,0,-1,-1,13.9904,4.9185,0,1525.2227,1525.2227,1525.0977,95,871,551,321,0,0,0.001200,0,0,0.015000,0.085400,0.000500,0.011000,0.074100,0.042100,0.000700,0.001600,0.000200,0.001500,0.006000,0.001000,0.004300,0.024100,0.1519,0.057400,0.084800,0.1510,0.039900,0.1953,0.022500,0.8276,0.000100,0.001600,0.067900,0.008700,0.001500,0.000600,0.025600,0.006500,0.013000,0.002000,0.1434,0.013100,0.043100,0.2115,0.069100,0.001200,0.029600,0.003400,0.034600,0.024600,0.020700,7.5498,0.080200,0.007100,0.000200,0,10.2097,0,0,0,0,0,0,0,50,0,0,0,0,1,1,9,9,2,1,1,4,1,1,1,1,1,1,7,7,1,1,50,9,6,42,76,794,950,0,0,0,0,0,-100,-100,-100,-100,600,1440,107.7673,0,0,-0.000000,-1,0,0,0,1,0,13.7344,5,50,75.1289,13.7344,0,0,48.9844,0,100,0,0,0,0,0,0,0,0,0,0.5528,0.5528,1,0.5528,0.5528,23.0836,8.9635,20141,90,568,135,11464.3867,3604.0820,7254.2305,0,15081.7812,10.4329,2.9208,7.3739,10.4329,2.9208,2.8835,33.3333,5.6256,20.7657,0.000900,0.021700,0.000800,0.000700,0.001700,0.007700,0.000600,0.074200,0,0.018300,0.027300,0.039700,0.3538,0.2001,0.019500,0.005100,0.064800,0,0.046800,0.025900,0.1881,0.005100,0.032000,0.1379,0.015400,0.095500,0.4289,0.7236,0.3510,0.057400,3.1220,0.095200,0.031800,0.040500,0.7002,0.093800,0.001900,0.002600,0.060400,0.2007,0.050200,0.000700,0.6225,936,386914,0,0,0,0,0,0,0,0,0.009000,0,0,0,0,0,0,0,0,0,0,0,0,0,0,0,0,0,0,0
,0.017200,0.015100,2,57,0,55,0,0,13,233,15,0,454,3,0,0,12,2,0,0,0,0,0.008600,0.003600,0.3340,0.006100,0.007700,0.001000,0.8695,0.1658,0.053100,0.1266,0.001200,0.038800,0,0,768,256,11229,3565.7148,15494.9102,239.1602,0.001500,2,0.000100,0.009000,0.002000,0.019700,0.1889,0,0,0.083300,0.3247,2.5253,0.068100,0.000200,0.001500,0.000200,0.000300,0.008200,0.007100,0.042300,0.005400,0.036300,0.1450,0.013300,0.006900,1.0528,0.029700,0.009900,0.029100,0.011500,0.018600,0.092700,0.013200,0.075000,0.002200,0.1410,0.007600,0.068900,0.6031,0.005200,2.3337,0.000500,0.1945,0.000600,0.000300,0.033600,0.3169,0.9434,0.026200,0.9408,0.1590,0.002400,0.011200,0.000500,0.040200,0,9.9804,8.7628,13.0955,634,16,0.2500,0,16,3.8438,1,0,0,629,1,0,115,102,13,0,-1,-1,0,-1,-1,13.9904,4.9185,0,1525.2227,1525.2227,1441.5039,95,871,551,321,0,0,0.001100,0,0,0.016000,0.082600,0.000900,0.012900,0.071800,0.043100,0.001000,0.002000,0.000300,0.001800,0.006700,0.001000,0.004700,0.023800,0.1576,0.057700,0.087900,0.1619,0.038700,0.1450,0.057400,0.1131,0.000400,0.005300,0.067000,0.009400,0.001500,0.000600,0.027400,0.006200,0.012600,0.001000,0.1526,0.017400,0.045100,0.2199,0.071400,0.001200,0.030000,0.002600,0.034400,0.023700,0.020500,8.9948,0.069200,0.006300,0.000100,0,10.4063,0,0,0,0,0,0,0,50,0,0,0,0,1,1,9,9,2,1,1,4,1,1,1,1,1,1,7,7,1,1,50,9,6,42,76,794,950,0,0,0,0,0,-100,-100,-100,-100,600,1440,107.7673,0,0,-0.000000,-1,0,0,0,1,0,13.7344,5,50,75.1289,13.7344,0,0,48.9844,0,100,0,0,0,0,0,0,0,0,0,0.4599,0.4599,1,0.4599,0.4599,34.6450,8.9635,20141,90,568,135,11461.8633,3604.0820,7254.2305,0,15068.4688,11.5063,2.1485,8.0477,11.5063,2.1562,2.9809,33.3333,5.4261,20.8037,0.000300,0.022000,0.000600,0.000600,0.001900,0.007300,0.000600,0.073200,0,0.022400,0.021400,0.034900,0.3471,0.2332,0.019400,0.007200,0.066600,0,0.044600,0.024400,0.1739,0,0.030700,0.1277,0.016600,0.096500,0.4378,0.6528,0.3890,0.056400,2.0734,0.094200,0.036900,0.039400,0.6918,0.074400,0.001800,0.003000,0.059200,0.1977,0.050100,0.000600,0.6063,1003,402542,0.2463,0,0,0,0,0,0,0.008000,0.008100,0,0,0,0,0,0,0,0,0,0,0,0,0,0,0,0,0,0,0
,0.029300,0.3618,2,80,0,78,0,0,14,233,43,0,454,3,0,0,13,2,0,0,0,0,0.008800,0.012900,0.4163,0.005800,0.010300,0.001400,0.8977,0.2194,0.055900,0.1435,0.003800,0.029100,0,0,768,256,11229,3565.7148,15494.9102,239.1602,0.001600,6,0.000200,0.010300,0.002600,0.021100,0.1889,0,0,0.063400,0.2160,2.6064,0.069200,0.000300,0.001400,0.000200,0.000300,0.007700,0.007400,0.048000,0.005200,0.033000,0.1507,0.010600,0.006700,0.9912,0.031600,0.009600,0.032800,0.012200,0.020000,0.096100,0.010900,0.078700,0.002200,0.1192,0.009000,0.069200,0.6058,0.005100,2.3303,0.000300,0.1845,0.000600,0.000300,0.032500,0.3017,0.6641,0.024700,0.9250,0.1613,0.002000,0.010700,0.000600,0.038800,0,8.9399,8.7628,13.0955,634,16,0.2500,0,16,3.8438,1,0,0,629,1,0,115,102,13,0,-1,-1,0,-1,-1,13.9904,4.9185,0,1525.2227,1525.2227,1525.0977,95,871,551,321,0,0,0.000900,0,0,0.016800,0.083800,0.000600,0.012300,0.069600,0.040100,0.001000,0.001700,0.000400,0.001300,0.006300,0.001000,0.003900,0.023800,0.1379,0.059500,0.090900,0.1586,0.042700,0.2047,0.017700,0.040400,0.000200,0.001600,0.064400,0.008700,0.001600,0.000400,0.025500,0.007200,0.011800,0.001200,0.1405,0.014600,0.042000,0.2009,0.073700,0.001300,0.046600,0.002900,0.017400,0.025700,0.019600,8.3855,0.061100,0.010400,0.000100,0,11.5138,0,0,0,0,0,0,0,50,0,0,0,0,1,1,9,9,2,1,1,4,1,1,1,1,1,1,7,7,1,1,50,9,6,42,76,794,950,0,0,0,0,0,-100,-100,-100,-100,600,1440,107.7673,0,0,-0.000000,-1,0,0,0,1,0,13.7344,5,50,75.1289,13.7344,0,0,48.9844,0,100,0,0,0,0,0,0,0,0,0,0.4094,0.4094,1,0.4094,0.4094,45.0453,8.9635,20141,90,568,135,11449.6445,3604.0820,7254.2305,0,15065.9453,10.3612,2.4292,7.2823,10.3612,2.4309,2.9282,33.3333,5.6211,21.2330,0.000600,0.023300,0.000600,0.000600,0.002000,0.007100,0.001700,0.071700,0,0.021500,0.028600,0.037300,0.3593,0.2310,0.019500,0.005100,0.063100,0,0.045500,0.019200,0.2023,0,0.032200,0.1366,0.016600,0.099000,0.4188,0.7028,0.3175,0.056300,2.1576,0.094200,0.030700,0.039000,0.6869,0.065200,0.002100,0.002500,0.061500,0.1967,0.050200,0.000600,0.6622,927,385202,0,0,0,0,0,0,0.004200,0.001900,0.008400,0,0,0,0,0,0,0,0,0,0,0,0,0,0,0,0,0,0,0
,0.023200,0.007300,2,57,0,55,0,0,13,233,16,0,454,3,0,0,12,2,0,0,0,0,0.011400,0.010200,0.3445,0.005100,0.009000,0.001000,0.8993,0.1709,0.054100,0.1351,0,0.2553,0,0,768,256,11229,3565.7148,15494.9102,239.1602,0,6,0,0.010100,0.002000,0.019200,0.1856,0,0,0.058700,0.2908,2.6326,0.066700,0.000300,0.001500,0.000200,0.000300,0.008700,0.008100,0.049100,0.004700,0.033600,0.1369,0.012900,0.006800,0.4971,0.030500,0.009500,0.026500,0.011200,0.019100,0.1057,0.011900,0.077600,0.002700,0.1099,0.008300,0.071400,0.5913,0.004800,2.3619,0.000300,0.1941,0.000600,0.000400,0.031400,0.3651,0.6338,0.024400,1.0074,0.1750,0.001800,0.010100,0.000500,0.036700,0.1768,7.5147,8.7628,13.0955,634,16,0.2500,0,16,3.8438,1,0,0,629,1,0,115,102,13,0,-1,-1,0,-1,-1,13.9904,4.9185,0,1525.2227,1525.2227,1525.0977,95,874,561,321,0,0,0.000900,0,0,0.018000,0.088000,0.000700,0.013900,0.077800,0.042600,0.001100,0.001700,0.000400,0.001700,0.006800,0.000900,0.004200,0.023500,0.1624,0.057700,0.080500,0.1662,0.039900,0.1563,0.027000,1.1060,0.000600,0.002000,0.073900,0.009900,0.001400,0.000500,0.030200,0.007600,0.013700,0.001300,0.1565,0.016000,0.046600,0.2367,0.073000,0.001300,0.048000,0.002300,0.035200,0.034100,0.025300,6.8826,0.065800,0.006200,0.000200,0,10.3657,0,0,0,0,0,0,0,50,0,0,0,0,1,1,9,9,2,1,1,4,1,1,1,1,1,1,7,7,1,1,50,9,6,42,76,794,950,0,0,0,0,0,-100,-100,-100,-100,600,1440,107.7673,0,0,-0.000000,-1,0,0,0,1,0,13.7344,5,50,75.1289,13.7344,0,0,48.9844,0,100,0,0,0,0,0,0,0,0,0,1.4473,1.4473,1,1.4473,1.4473,55.0522,8.9635,20141,90,568,135,11447.9727,3604.0820,7254.2305,0,15053.7266,10.0286,3.0526,7.3053,10.0286,3.0536,3.0585,33.3333,5.6959,21.2631,0.000600,0.021800,0.000600,0.000600,0.001600,0.009200,0.000800,0.076200,0,0.019300,0.022300,0.033300,0.3438,0.1949,0.021600,0.007100,0.062500,0,0.045600,0.007800,0.1775,0,0.032400,0.1372,0.016500,0.091800,0.4336,0.6975,0.3633,0.056300,3.2470,0.097300,0.032800,0.039900,0.6913,0.077900,0.001900,0.002600,0.064000,0.1966,0.049100,0.000600,0.6106,968,397250,0,0,0,0,0,0.1174,0,0.001200,0.008400,0,0,0,0,0,0,0,0,0,0,0,0,0,0,0,0,0,0,0
,0.027500,0.005600,2,64,0,62,0,0,13,233,43,0,454,3,0,0,12,2,0,0,0,0,0.009200,0.011000,0.3388,0.004900,0.009500,0.000700,0.8750,0.2139,0.054400,0.1339,0.001300,0.026200,0,0,768,256,11229,3565.7148,15494.9102,239.1602,0.013800,5,0.000200,0.013500,0.002300,0.019700,0.1857,0,0,0.057900,0.2414,2.4761,0.068200,0.000400,0.001500,0.000200,0.000400,0.007600,0.006900,0.041500,0.005300,0.031700,0.1360,0.011100,0.006300,1.2006,0.027700,0.008700,0.030000,0.011900,0.018800,0.095000,0.012200,0.071900,0.002000,0.1131,0.008500,0.066000,0.5819,0.004200,2.2877,0.000300,0.1781,0.000700,0.000300,0.029500,0.3276,0.7589,0.023500,1.0129,0.1227,0.002000,0.010000,0.000500,0.036100,0.089600,8.5057,8.7628,13.0955,634,16,0.2500,0,16,3.8438,1,0,0,629,1,0,115,102,13,0,-1,-1,0,-1,-1,13.9904,4.9185,0,1525.2227,1525.2227,1525.0977,95,871,551,321,0,0,0.000900,0,0,0.017900,0.086800,0.000600,0.013500,0.072300,0.038300,0.000900,0.001800,0.000300,0.001800,0.007500,0.001000,0.003800,0.024500,0.1483,0.059200,0.088000,0.1501,0.041300,0.1953,0.016400,0.057500,0.000300,0.001800,0.065900,0.008900,0.001300,0.000500,0.024700,0.006200,0.011700,0.001000,0.1464,0.015500,0.042100,0.2123,0.070600,0.001200,0.043600,0.002600,0.035300,0.023100,0.017100,7.9125,0.061700,0.007100,0.000200,0,9.9989,0,0,0,0,0,0,0,50,0,0,0,0,1,1,9,9,2,1,1,4,1,1,1,1,1,1,7,7,1,1,50,9,6,42,76,794,950,0,0,0,0,0,-100,-100,-100,-100,600,1440,107.7673,0,0,-0.000000,-1,0,0,0,1,0,13.7344,5,50,75.1289,13.7344,0,0,48.9844,0,100,0,0,0,0,0,0,0,0,0,0.4250,0.4250,1,0.4250,0.4250,2.2227,8.9635,20141,90,568,135,11442.6602,3604.0820,7254.2305,0,15052.0547,9.9892,2.0497,8.1609,9.9892,2.0505,2.8467,33.3333,5.8172,21.9615,0.000200,0.021100,0.000500,0.000700,0.001600,0.007600,0.000500,0.073100,0.001100,0.020500,0.027100,0.037900,0.3476,0.1923,0.020500,0.005100,0.062000,0,0.045800,0.007700,0.1893,0.005200,0.032200,0.1346,0.016200,0.090400,0.4241,0.7183,0.3517,0.057400,2.4945,0.095200,0.030800,0.039000,0.6897,0.1026,0.002100,0.002400,0.062000,0.1996,0.050200,0.000800,0.5991,928,385922,0,2378,1335,0,1.4975,0,0,0.001000,0.008500,0,0,0,0,0,0,0,0,0,0,0,0,0,0,0,0,0,0,0
,0.020900,0.019400,2,56,0,54,0,0,13,233,14,0,454,3,0,0,12,2,0,0,0,0,0.017500,0.011600,0.3372,0.006400,0.009000,0.000900,0.8648,0.1723,0.053500,0.1292,0.002300,0.032400,0,1,768,256,11229,3565.7148,15494.9102,239.1602,0.003200,5,0.000300,0.008000,0.001900,0.018600,0.1791,0,0,0.062600,0.2457,2.6455,0.067500,0.000300,0.001300,0.000200,0.000200,0.006200,0.006800,0.045500,0.005900,0.033800,0.1388,0.011600,0.006600,1.3707,0.029100,0.009100,0.034900,0.012300,0.019400,0.090900,0.012400,0.1460,0.002800,0.099300,0.009400,0.076400,0.6492,0.005500,2.5944,0.000400,0.2042,0.000900,0.000400,0.031600,0.3169,0.6610,0.027400,0.9846,0.1439,0.002000,0.010500,0.000400,0.036900,0.3284,8.6753,8.7628,13.0955,634,16,0.2500,0,16,3.8438,1,0,0,629,1,0,115,102,13,0,-1,-1,0,-1,-1,13.9904,4.9185,0,1525.2227,1525.2227,1525.0977,95,879,561,321,0,0,0.001000,0,0,0.019000,0.086400,0.000600,0.013500,0.073800,0.043400,0.001200,0.001600,0.000200,0.001600,0.006500,0.001000,0.004400,0.025000,0.1872,0.062600,0.080700,0.1688,0.044000,0.1573,0.026800,0.1214,0.000200,0.001500,0.066400,0.008600,0.001400,0.000500,0.025100,0.006200,0.013100,0.001400,0.1481,0.016900,0.043400,0.2025,0.068200,0.001500,0.041800,0.003100,0.018100,0.024800,0.017200,8.1652,0.058900,0.006700,0,0,9.9232,0,0,0,0,0,0,0,50,0,0,0,0,1,1,9,9,2,1,1,4,1,1,1,1,1,1,7,7,1,1,50,9,6,42,76,794,950,0,0,0,0,0,-100,-100,-100,-100,600,1440,107.7673,0,0,-0.000000,-1,0,0,0,1,0,13.7344,5,50,75.1289,13.7344,0,0,48.9844,0,100,0,0,0,0,0,0,0,0,0,0.4884,0.4884,1,0.4884,0.4884,12.4786,8.9635,20141,90,568,135,11431.2383,3604.0820,7254.2305,0,15046.7422,10.1737,2.1111,7.3149,10.1737,2.1111,2.7883,33.3333,5.5245,22.9976,0.000200,0.021000,0.000600,0.000500,0.001900,0.007400,0.000800,0.072800,0,0.040900,0.020700,0.031500,0.3568,0.2232,0.020500,0.006200,0.066300,0,0.046800,0.009900,0.1888,0,0.032400,0.1341,0.021000,0.099200,0.8740,0.7274,0.3052,0.057400,2.4013,0.094200,0.030700,0.039100,0.6921,0.087000,0.001900,0.002300,0.059600,0.1976,0.050200,0.000700,0.6212,994,399470,0,0,0,0,0,0,0,0,0.007700,0,0,0,0,0,0,0,0,0,0,0,0,0,0,0,0,0,0,0
,0.040700,0.007200,2,76,0,74,0,0,14,233,42,0,454,3,0,0,13,2,0,0,0,0,0,0.007900,0.3419,0.005100,0.008600,0.001300,0.8792,0.2084,0.055200,0.1275,0.003200,0.029400,0,0,768,256,11229,3565.7148,15494.9102,239.1602,0.001700,5,0,0.008700,0.001800,0.020300,0.2291,0,0,0.056000,0.2931,2.4940,0.069100,0.000200,0.001100,0.000200,0.000200,0.007400,0.007900,0.047900,0.005400,0.033300,0.1074,0.012300,0.006400,1.4090,0.028700,0.009200,0.032000,0.012300,0.019000,0.076400,0.011600,0.065000,0.002200,0.084300,0.008400,0.070100,0.5863,0.004400,2.3310,0.000200,0.2037,0.000600,0.000300,0.030000,0.3120,0.6402,0.026600,0.9476,0.1512,0.002000,0.010300,0.000500,0.038500,0.3184,9.5757,8.7628,13.0955,634,16,0.2500,0,16,3.8438,1,0,0,629,1,0,115,102,13,0,-1,-1,0,-1,-1,13.9904,4.9185,0,1525.2227,1525.2227,1525.0977,95,870,551,322,0,0,0.000900,0,0,0.015000,0.084000,0.000600,0.011600,0.067300,0.041100,0.000800,0.001600,0.000200,0.001600,0.006900,0.001100,0.003900,0.023400,0.1397,0.058900,0.078600,0.1465,0.049100,0.2071,0.036800,0.069100,0.000300,0.001700,0.064900,0.009100,0.001300,0.000800,0.027200,0.006500,0.011700,0.001200,0.1353,0.014500,0.041100,0.2149,0.071500,0.001100,0.045000,0.002400,0.034600,0.022700,0.018500,8.9112,0.061100,0.005900,0.000200,0,10.3909,0,0,0,0,0,0,0,50,0,0,0,0,1,1,9,9,2,1,1,4,1,1,1,1,1,1,7,7,1,1,50,9,6,42,76,794,950,0,0,0,0,0,-100,-100,-100,-100,600,1440,107.7673,0,0,-0.000000,-1,0,0,0,1,0,13.7344,5,50,75.1289,13.7344,0,0,48.9844,0,100,0,0,0,0,0,0,0,0,0,0.4643,0.4643,1,0.4643,0.4643,23.5428,8.9635,20141,90,568,135,11429.5117,3604.0820,7254.2305,0,15035.3203,11.1422,2.1363,7.7179,11.1422,2.1363,2.9168,33.3333,5.3672,22.7196,0.000600,0.023200,0.000600,0.000600,0.001600,0.008300,0.000600,0.074700,0,0.019500,0.028800,0.038400,0.3393,0.2180,0.019500,0.006100,0.062600,0,0.046300,0.019800,0.1909,0.005100,0.032500,0.1362,0.016700,0.098200,0.4229,0.6784,0.3021,0.060300,2.2795,0.094200,0.035800,0.038200,0.6934,0.067400,0.001900,0.002500,0.065200,0.2060,0.049100,0.000600,0.6118,954,393036,0,0,0,0,0,0,0.002800,0,0.008800,0,0,0,0,0,0,0,0,0,0,0,0,0,0,0,0,0,0,0
,0.034500,0.013700,2,62,0,60,0,0,13,233,30,0,454,3,0,0,12,2,0,0,0,0,0.009200,0.006600,0.3550,0.005100,0.009200,0.001100,0.8935,0.1767,0.054500,0.1416,0.001300,0.027800,0.002700,1,768,256,11229,3565.7148,15494.9102,239.1602,0.001400,4,0.000300,0.009600,0.001900,0.014300,0.1818,0,0,0.062100,0.3075,2.5155,0.073400,0.000200,0.001300,0.000300,0.000200,0.007000,0.007700,0.043500,0.005200,0.031700,0.1384,0.010500,0.006700,1.3281,0.028200,0.008600,0.038900,0.011800,0.019100,0.085200,0.014800,0.081000,0.002400,0.081000,0.007900,0.069000,0.5936,0.005100,2.3180,0.000300,0.1854,0.001100,0.000500,0.029200,0.3164,0.5838,0.041000,0.9727,0.1918,0.001700,0.009100,0.000300,0.039200,0.2517,9.0427,8.7628,13.0955,634,16,0.2500,0,16,3.8438,1,0,0,629,1,0,115,102,13,0,-1,-1,0,-1,-1,13.9904,4.9185,0,1525.2227,1525.2227,1525.0977,95,870,551,322,0,0,0.000900,0,0,0.016400,0.084400,0.000700,0.012300,0.072000,0.043500,0.000800,0.001700,0.000400,0.001600,0.007000,0.001200,0.004400,0.023900,0.1423,0.056900,0.085600,0.1580,0.046500,0.1549,0.021200,0.1534,0.000300,0.001700,0.065800,0.009500,0.001600,0.000600,0.027100,0.006600,0.011600,0.000900,0.1454,0.015300,0.040600,0.2088,0.073800,0.001400,0.022300,0.003300,0.034300,0.022200,0.016600,8.4008,0.061800,0.007100,0.000100,0,11.0211,0,0,0,0,0,0,0,50,0,0,0,0,1,1,9,9,2,1,1,4,1,1,1,1,1,1,7,7,1,1,50,9,6,42,76,794,950,0,0,0,0,0,-100,-100,-100,-100,600,1440,107.7673,0,0,-0.000000,-1,0,0,0,1,0,13.7344,5,50,75.1289,13.7344,0,0,48.9844,0,100,0,0,0,0,0,0,0,0,0,0.4746,0.4746,1,0.4746,0.4746,34.0867,8.9635,20141,90,568,135,11420.8672,3604.0820,7254.2305,0,15033.5938,10.5383,2.1574,7.3510,10.5383,2.1582,2.8152,33.3333,5.5204,22.4084,0.000200,0.021900,0.000800,0.000700,0.001700,0.007300,0.000600,0.073300,0,0.022500,0.030300,0.038700,0.3522,0.1889,0.018400,0.006200,0.067700,0,0.046400,0.012200,0.1789,0,0.032400,0.1349,0.016400,0.098400,0.4239,0.6923,0.3971,0.056300,2.0686,0.093200,0.031700,0.038700,0.6903,0.086700,0.002000,0.002600,0.061300,0.1965,0.049200,0.000600,0.6057,963,394704,0,0,0,0,0,0,0,0.001000,0.008400,0,0,0,0,0,0,0,0,0,0,0,0,0,0,0,0,0,0,0
,0.022100,0.005100,2,70,0,68,0,0,14,233,25,0,454,3,0,0,13,2,0,0,0,0,0.019600,0.005600,0.3348,0.005400,0.008600,0.001100,0.8723,0.2113,0.052100,0.1270,0.001300,0.027200,0,0,768,256,11229,3565.7148,15494.9102,239.1602,0.001600,2,0.000100,0.011700,0.001800,0.014300,0.1855,0,0,0.1101,0.3070,2.4803,0.061500,0.000200,0.001300,0.000200,0.000200,0.006900,0.006600,0.041800,0.005700,0.035000,0.2032,0.011100,0.006100,1.2692,0.028300,0.008300,0.032300,0.011600,0.019800,0.090400,0.009300,0.074600,0.002300,0.081200,0.008100,0.068900,0.5990,0.004500,2.3548,0.000300,0.1858,0.000700,0.000900,0.029200,0.3110,0.6505,0.025300,0.9141,0.4326,0.002100,0.012700,0.000700,0.035300,0,8.8936,8.7628,13.0955,634,16,0.2500,0,16,3.8438,1,0,0,629,1,0,115,102,13,0,-1,-1,0,-1,-1,13.9904,4.9185,0,1525.2227,1525.2227,1441.6289,95,870,551,322,0,0,0.001300,0,0,0.016200,0.083100,0.000600,0.011600,0.070900,0.040500,0.000900,0.002000,0.000200,0.001400,0.006200,0.001100,0.003700,0.021900,0.1540,0.057500,0.078100,0.1629,0.044800,0.2018,0.021900,0.1355,0.000500,0.001700,0.063700,0.008900,0.001400,0.000500,0.025400,0.006200,0.012000,0.001100,0.1446,0.014400,0.044500,0.1897,0.085300,0.001100,0.032900,0.001800,0.017700,0.023800,0.017300,8.4690,0.060900,0.005700,0.000200,0,10.5981,0,0,0,0,0,0,0,50,0,0,0,0,1,1,9,9,2,1,1,4,1,1,1,1,1,1,7,7,1,1,50,9,6,42,76,794,950,0,0,0,0,0,-100,-100,-100,-100,600,1440,107.7673,0,0,-0.000000,-1,0,0,0,1,0,13.7344,5,50,75.1289,13.7344,0,0,48.9844,0,100,0,0,0,0,0,0,0,0,0,0.5160,0.5160,1,0.5160,0.5160,44.7678,8.9635,20141,90,568,135,11414.2266,3604.0820,7254.2305,0,15024.9492,10.4713,2.2178,7.3405,10.4713,2.2178,2.9388,33.3333,5.7323,22.8553,0.000600,0.021300,0.000600,0.000600,0.002100,0.007900,0.000600,0.072600,0,0.017300,0.029700,0.038400,0.3403,0.2193,0.018400,0.005100,0.063300,0,0.046800,0.010600,0.1796,0,0.032700,0.1369,0.016100,0.1033,0.4305,0.6828,1.0823,0.055400,2.1783,0.094200,0.030700,0.039200,0.6940,0.085500,0.001900,0.002600,0.063200,0.1977,0.050200,0.000500,0.7050,937,389160,0.061200,0,0,0,0,0,0,0,0.008900,0,0,0,0,0,0,0,0,0,0,0,0,0,0,0,0,0,0,0
,0.024600,0.006300,2,59,0,57,0,0,13,233,24,0,454,3,0,0,12,2,0,0,0,0,0.010500,0.008000,0.3346,0.006400,0.009900,0.001100,0.8912,0.1714,0.051200,0.1284,0.000900,0.039300,0,0,768,256,11229,3565.7148,15494.9102,239.1602,0.001300,7,0,0.012900,0.001900,0.013100,0.1793,0,0,0.062800,0.2677,2.4167,0.060600,0.000300,0.001300,0.000200,0.000300,0.007800,0.006900,0.038500,0.005000,0.030400,0.1037,0.010500,0.006200,1.1718,0.028100,0.009300,0.029100,0.012300,0.019300,0.087700,0.008700,0.073900,0.001900,0.075900,0.008100,0.068700,0.5921,0.004600,2.3049,0.000300,0.1933,0.000500,0.000700,0.030700,0.3151,0.6129,0.024500,0.9283,0.2624,0.002100,0.010700,0.000600,0.035400,0,8.6868,8.7628,13.0955,634,16,0.2500,0,16,3.8438,1,0,0,629,1,0,115,102,13,0,-1,-1,0,-1,-1,13.9904,4.9185,0,1525.2227,1525.2227,1525.0977,95,870,551,322,0,0,0.000600,0,0,0.017900,0.081700,0.000400,0.011900,0.069200,0.039000,0.000900,0.001800,0.000300,0.001600,0.006400,0.001200,0.004100,0.024500,0.1536,0.058000,0.079500,0.1469,0.047600,0.1587,0.032400,0.1496,0.000300,0.001600,0.064900,0.008300,0.001700,0.000600,0.025800,0.007000,0.012000,0.001200,0.1382,0.015300,0.040200,0.2134,0.069900,0.001100,0.044700,0.002400,0.033600,0.023200,0.018600,8.3627,0.064000,0.006000,0.000300,0,10.6234,0,0,0,0,0,0,0,50,0,0,0,0,1,1,9,9,2,1,1,4,1,1,1,1,1,1,7,7,1,1,50,9,6,42,76,794,950,0,0,0,0,0,-100,-100,-100,-100,600,1440,107.7673,0,0,-0.000000,-1,0,0,0,1,0,13.7344,5,50,75.1289,13.7344,0,0,48.9844,0,100,0,0,0,0,0,0,0,0,0,0.5003,0.5003,1,0.5003,0.5003,55.2759,8.9635,20141,90,568,135,11410.4414,3604.0820,7254.2305,0,15018.3086,10.4702,2.1290,7.9817,10.4702,2.1290,2.7672,33.3333,5.5532,21.9530,0.000300,0.021700,0.000600,0.000600,0.001700,0.010400,0.000600,0.075500,0,0.020500,0.028800,0.034900,0.3639,0.1876,0.021500,0.006200,0.061800,0,0.045600,0.010900,0.1682,0,0.031500,0.1318,0.016300,0.093700,0.4308,0.6179,0.3498,0.056300,2.0735,0.093200,0.031800,0.039200,0.6870,0.096700,0.001900,0.002500,0.065700,0.1986,0.051200,0.000600,0.6064,1003,402564,0,0,0,0,0,0,0.002900,0,0.008200,0,0,0,0,0,0,0,0,0,0,0,0,0,0,0,0,0,0,0
,0.015100,0.098400,2,80,0,78,0,0,14,233,45,0,454,3,0,0,13,2,0,0,0,0,0.009800,0.004700,0.3467,0.005000,0.009000,0.001000,0.8708,0.1973,0.053500,0.1375,0.001500,0.041500,0.004100,0,768,256,11229,3565.7148,15494.9102,239.1602,0.001500,3,0,0.008400,0.002200,0.012500,0.1836,0,0,0.065600,0.2420,2.5652,0.070200,0.000200,0.001300,0.000200,0.000300,0.007300,0.007300,0.040900,0.005300,0.030500,0.1395,0.011200,0.005700,1.9542,0.030200,0.009300,0.042000,0.011400,0.020500,0.082300,0.010200,0.080400,0.002300,0.077500,0.009200,0.069800,0.6029,0.005300,2.3512,0.000300,0.2063,0.000600,0.000400,0.029000,0.3031,0.5291,0.023100,0.9204,0.1657,0.002000,0.010300,0.000400,0.037700,0.2367,8.0786,8.7628,13.0955,634,16,0.2500,0,16,3.8438,1,0,0,629,1,0,115,102,13,0,-1,-1,0,-1,-1,13.9904,4.9185,0,1525.2227,1525.2227,1525.0977,95,873,561,322,0.2362,0.2362,0.001100,0,0,0.014800,0.076300,0.000600,0.012400,0.069100,0.038300,0.000900,0.001600,0.000200,0.001700,0.006200,0.001000,0.004100,0.021100,0.1447,0.054300,0.075400,0.1424,0.044900,0.1838,0.033800,0.068500,0.000200,0.001400,0.065000,0.008100,0.001400,0.000600,0.025600,0.006400,0.012800,0.001100,0.1406,0.015200,0.040300,0.2068,0.069700,0.001300,0.042400,0.002300,0.031700,0.023000,0.019400,7.5813,0.058600,0.005600,0.000100,0,10.6137,0,0,0,0,0,0,0,50,0,0,0,0,1,1,9,9,2,1,1,4,1,1,1,1,1,1,7,7,1,1,50,9,6,42,76,794,950,0,0,0,0,0,-100,-100,-100,-100,600,1440,107.7673,0,0,-0.000000,-1,0,0,0,1,0,13.7344,5,50,75.1289,13.7344,0,0,48.9844,0,100,0,0,0,0,0,0,0,0,0,0.4256,0.4256,1,0.4256,0.4256,3.8944,8.9635,20141,90,568,135,11400.6133,3604.0820,7254.2305,0,15014.5234,9.8321,2.1565,7.3367,9.8321,2.1575,2.9057,33.3333,5.7296,22.5117,0.000300,0.022400,0.000600,0.000600,0.001700,0.011400,0.000600,0.074500,0,0.023600,0.026500,0.034600,0.3511,0.1815,0.021500,0.006100,0.067600,0,0.044400,0.011700,0.1755,0,0.032700,0.1661,0.017700,0.092900,0.4162,0.6983,0.3103,0.056300,2.1401,0.094200,0.030700,0.038800,0.6934,0.082400,0.001800,0.002400,0.062100,0.1955,0.050200,0.000600,0.6779,921,385152,0,2346,1334,0,1.2656,0,0,0.001200,0.008300,0,0,0,0,0,0,0,0,0,0,0,0,0,0,0,0,0,0,0
,0.015400,0.005900,2,57,0,55,0,0,13,233,12,0,454,3,0,0,12,2,0,0,0,0,0.007300,0.002000,0.3198,0.005500,0.009700,0.001200,0.8523,0.2033,0.053100,0.1313,0.000700,0.033000,0,0,768,256,11229,3565.7148,15494.9102,239.1602,0.001200,3,0,0.007600,0.002000,0.014100,0.1822,0,0,0.064200,0.2851,2.7293,0.064900,0.000200,0.001300,0.000200,0.000200,0.007100,0.009100,0.049400,0.005300,0.032900,0.1453,0.011200,0.007000,1.2685,0.026000,0.008100,0.030100,0.012200,0.020600,0.096400,0.014200,0.075500,0.002500,0.083700,0.008000,0.074200,0.6113,0.005800,2.4130,0.000300,0.1955,0.000600,0.000400,0.030100,0.3160,0.6958,0.026800,0.9479,0.1550,0.002400,0.010700,0.000600,0.035700,0.3442,9.3515,8.7628,13.0955,634,16,0.2500,0,16,3.8438,1,0,0,629,1,0,115,102,13,0,-1,-1,0,-1,-1,13.9904,4.9185,0,1525.2227,1525.2227,1525.0977,95,875,561,322,0,0,0.001000,0,0,0.016100,0.083500,0.000600,0.011700,0.067200,0.037900,0.000800,0.001700,0.000200,0.001600,0.006100,0.000800,0.004200,0.023800,0.1256,0.054800,0.076500,0.1522,0.041700,0.2929,0.020700,0,0.000300,0.005800,0.064100,0.008900,0.001400,0.000600,0.025800,0.006700,0.011300,0.001000,0.1402,0.014100,0.039500,0.1899,0.067600,0.001300,0.041600,0.002400,0.016500,0.023200,0.016900,8.8510,0.062000,0.007200,0.000100,0,9.7249,0,0,0,0,0,0,0,50,0,0,0,0,1,1,9,9,2,1,1,4,1,1,1,1,1,1,7,7,1,1,50,9,6,42,76,794,950,0,0,0,0,0,-100,-100,-100,-100,600,1440,107.7673,0,0,-0.000000,-1,0,0,0,1,0,13.7344,5,50,75.1289,13.7344,0,0,48.9844,0,100,0,0,0,0,0,0,0,0,0,0.4300,0.4300,1,0.4300,0.4300,14.8964,8.9635,20141,90,568,135,11395.2031,3604.0820,7254.2305,0,15004.6953,10.7845,2.1685,7.2164,11.0207,2.1685,2.7436,33.3333,4.9860,22.3525,0.000200,0.022500,0.000500,0.000600,0.001900,0.007300,0.000600,0.076500,0,0.021500,0.021700,0.044200,0.3555,0.1944,0.019400,0.005100,0.062400,0,0.046400,0.015800,0.1940,0.005100,0.032800,0.1435,0.016100,0.088100,0.4301,0.7171,0.3069,0.057400,3.0300,0.096200,0.031800,0.038000,0.6938,0.071700,0.002000,0.002400,0.063300,0.1955,0.049200,0.000600,0.6088,928,386372,0,0,0,0,0,0,0,0,0.008800,0,0,0,0,0,0,0,0,0,0,0,0,0,0,0,0,0,0,0
,0.018000,0.007300,2,57,0,55,0,0,13,233,14,0,454,3,0,0,12,2,0,0,0,0,0.009500,0,0.3347,0.005700,0.010300,0.001000,0.8693,0.2655,0.050200,0.1298,0.001000,0.026700,0,1,768,256,11229,3565.7148,15494.9102,239.1602,0.001500,3,0.000400,0.009400,0.002100,0.013500,0.1840,0,0,0.061300,0.3255,2.5234,0.070900,0.000200,0.001200,0.000200,0.000100,0.007900,0.007100,0.045200,0.005100,0.034400,0.1091,0.011000,0.006500,0.6894,0.028400,0.008600,0.029700,0.012000,0.018100,0.091600,0.011000,0.074500,0.002100,0.077500,0.008000,0.069600,0.6008,0.005400,2.4005,0.000300,0.1992,0.000600,0.000300,0.031000,0.3034,0.6196,0.032900,0.9749,0.1426,0.002000,0.010600,0.000400,0.035600,0.3053,9.1812,8.7628,13.0955,634,16,0.2500,0,16,3.8438,1,0,0,629,1,0,115,102,13,0,-1,-1,0,-1,-1,13.9904,4.9185,0,1525.2227,1525.2227,1525.0977,95,874,561,322,0,0,0.001100,0,0,0.015500,0.081700,0.000600,0.012700,0.068800,0.043800,0.000800,0.001600,0.000200,0.001800,0.006400,0.000900,0.004100,0.023900,0.1528,0.060200,0.080700,0.1516,0.050200,0.2473,0.020700,0,0.000200,0.001600,0.065500,0.007900,0.001200,0.000600,0.026400,0.006700,0.012100,0.001100,0.1427,0.014200,0.041700,0.2028,0.071200,0.001100,0.054600,0.002500,0.032300,0.021500,0.017300,8.6046,0.059600,0.007300,0.000100,0,11.0556,0,0,0,0,0,0,0,50,0,0,0,0,1,1,9,9,2,1,1,4,1,1,1,1,1,1,7,7,1,1,50,9,6,42,76,794,950,0,0,0,0,0,-100,-100,-100,-100,600,1440,107.7673,0,0,-0.000000,-1,0,0,0,1,0,13.7344,5,50,75.1289,13.7344,0,0,48.9844,0,100,0,0,0,0,0,0,0,0,0,0.4261,0.4261,1,0.4261,0.4261,25.7397,8.9635,20141,90,568,135,11390.9844,3604.0820,7254.2305,0,14999.2852,10.8878,2.2074,7.9832,10.8878,2.2085,2.9282,33.3333,5.4419,21.9274,0.000300,0.021500,0.000600,0.000700,0.001700,0.008600,0.000500,0.074000,0,0.018400,0.020500,0.025500,0.3418,0.1928,0.019400,0.005200,0.062000,0,0.045500,0.014700,0.1966,0.004100,0.031900,0.1390,0.015200,0.1012,0.4182,0.7085,0.3942,0.056300,2.0599,0.094300,0.030700,0.039000,0.6831,0.1026,0.001800,0.002500,0.061400,0.1988,0.050100,0.000800,0.5951,933,388088,0,0,0,0,0,0.2919,0.003800,0.001200,0.007600,0,0,0,0,0,0,0,0,0,0,0,0,0,0,0,0,0,0,0
,0.016900,0.011600,2,55,0,53,0,0,13,233,13,0,454,3,0,0,12,2,0,0,0,0,0,0.009500,0.3443,0.005500,0.010100,0.001000,0.8703,0.1973,0.055300,0.1274,0.001400,0.026300,0.001900,0,768,256,11229,3565.7148,15494.9102,239.1602,0.001300,4,0.000300,0.008000,0.001700,0.015500,0.1781,0,0,0.058000,0.2717,2.5936,0.071000,0.000400,0.001200,0.000300,0.000200,0.007100,0.007600,0.048400,0.006300,0.037700,0.1270,0.011800,0.005900,1.5531,0.026700,0.008400,0.036300,0.011600,0.019700,0.076900,0.010600,0.073900,0.002300,0.080200,0.008100,0.072100,0.5893,0.004800,2.4306,0.000200,0.2116,0.000600,0.000300,0.031100,0.4143,0.6701,0.027200,1.0099,0.1796,0.001900,0.010500,0.000500,0.038200,0.3195,8.5579,8.7628,13.0955,634,16,0.2500,0,16,3.8438,1,0,0,629,1,0,115,102,13,0,-1,-1,0,-1,-1,13.9904,4.9185,0,1525.2227,1525.2227,1525.0977,95,875,561,322,0,0,0.001000,0,0,0.015900,0.084300,0.000500,0.011800,0.070800,0.043000,0.000800,0.001500,0.000200,0.001700,0.006200,0.001000,0.004100,0.023100,0.1796,0.058300,0.081300,0.1620,0.045100,0.1331,0.025300,0.1288,0.000300,0.001400,0.064000,0.008500,0.001500,0.000400,0.025500,0.006700,0.011700,0.001100,0.1404,0.015700,0.042300,0.2136,0.074500,0.001200,0.045800,0.002500,0.035600,0.024400,0.016000,7.9106,0.062800,0.006400,0.000100,0,10.7796,0,0,0,0,0,0,0,50,0,0,0,0,1,1,9,9,2,1,1,4,1,1,1,1,1,1,7,7,1,1,50,9,6,42,76,794,950,0,0,0,0,0,-100,-100,-100,-100,600,1440,107.7673,0,0,-0.000000,-1,0,0,0,1,0,13.7344,5,50,75.1289,13.7344,0,0,48.9844,0,100,0,0,0,0,0,0,0,0,0,0.4686,0.4686,1,0.4686,0.4686,35.8914,8.9635,20141,90,568,135,11380.3320,3604.0820,7254.2305,0,14995.0664,10.2133,2.2191,7.3341,10.2133,2.2191,2.9375,33.3333,5.7115,22.5845,0.000300,0.021300,0.000500,0.000600,0.001500,0.013700,0.000600,0.072800,0,0.018500,0.026300,0.034600,0.7920,0.2822,0.021500,0.005100,0.067200,0.001000,0.045400,0.013900,0.2018,0.007200,0.036700,0.1872,0.028000,0.1081,0.4373,0.7085,0.3918,0.062500,2.0665,0.094300,0.031700,0.039600,0.6929,0.086800,0.001900,0.002300,0.062800,0.1967,0.050100,0.000600,0.6146,970,395924,0,0,0,0,0,0,0.004400,0,0.009000,0,0,0,0,0,0,0,0,0,0,0,0,0,0,0,0,0,0,0
,0.033300,0.006000,2,70,0,68,0,0,14,233,27,0,454,3,0,0,13,2,0,0,0,0,0.021700,0.009400,0.3280,0.006000,0.010400,0.000800,0.8569,0.2198,0.049300,0.1274,0.000900,0.023300,0,0,768,256,11229,3565.7148,15494.9102,239.1602,0.001600,4,0.000100,0.007600,0.001800,0.016400,0.2003,0,0,0.055800,0.2907,2.9815,0.071200,0.000200,0.001800,0.000300,0.000300,0.007100,0.007500,0.048300,0.005600,0.032400,0.1445,0.011400,0.006500,1.4209,0.029000,0.008900,0.032800,0.012100,0.023400,0.1028,0.015100,0.1070,0.003300,0.1101,0.008900,0.071300,0.6090,0.005200,2.4718,0.000300,0.2194,0.000600,0.000300,0.029700,0.3384,0.6886,0.024300,1.2041,0.1891,0.001900,0.010100,0.000500,0.036500,0.053700,9.6627,8.7628,13.0955,634,16,0.2500,0,16,3.8438,1,0,0,629,1,0,115,102,13,0,-1,-1,0,-1,-1,13.9904,4.9185,0,1525.2227,1525.2227,1525.0977,95,874,561,321,0,0,0.001000,0,0,0.016500,0.085700,0.000600,0.013300,0.070400,0.043600,0.000800,0.001400,0.000300,0.001600,0.006300,0.001100,0.004100,0.022800,0.1598,0.059900,0.080600,0.1526,0.043000,0.2041,0.033200,0.065800,0.000300,0.001300,0.066300,0.008600,0.001300,0.000300,0.025100,0.005800,0.011400,0.001100,0.1363,0.014500,0.039600,0.1869,0.068100,0.001100,0.021600,0.002800,0.018100,0.023700,0.016300,9.3751,0.065000,0.005900,0.000300,0,10.0736,0,0,0,0,0,0,0,50,0,0,0,0,1,1,9,9,2,1,1,4,1,1,1,1,1,1,7,7,1,1,50,9,6,42,76,794,950,0,0,0,0,0,-100,-100,-100,-100,600,1440,107.7673,0,0,-0.000000,-1,0,0,0,1,0,13.7344,5,50,75.1289,13.7344,0,0,48.9844,0,100,0,0,0,0,0,0,0,0,0,0.4612,0.4612,1,0.4612,0.4612,47.3480,8.9635,20141,90,568,135,11378.0352,3604.0820,7254.2305,0,14984.4141,11.1462,2.1541,7.6056,11.1462,2.1541,2.9561,33.3333,5.6092,22.5280,0.000200,0.021700,0.000600,0.000800,0.001700,0.007300,0.000600,0.072200,0.001000,0.018400,0.027500,0.037100,0.3500,0.2165,0.019400,0.006200,0.062900,0,0.047000,0.011600,0.2007,0.005100,0.031800,0.1341,0.015400,0.099800,0.4297,0.6630,0.3084,0.058400,2.3093,0.094200,0.030700,0.038800,1.1155,0.4905,0.002000,0.002600,0.063000,0.2068,0.050200,0.000500,0.7098,975,399628,0,0,0,0,0,0,0,0,0.008300,0,0,0,0,0,0,0,0,0,0,0,0,0,0,0,0,0,0,0
,0.015300,0.083800,2,64,0,62,0,0,13,233,42,0,454,3,0,0,12,2,0,0,0,0,0.008200,0,0.3469,0.005500,0.007600,0.001100,0.8600,0.1800,0.054500,0.1293,0.001000,0.034900,0.002800,1,768,256,11229,3565.7148,15494.9102,239.1602,0.001400,3,0.000400,0.013500,0.001900,0.2840,0.1831,0,0,0.056200,0.2454,2.5158,0.059900,0.000300,0.001500,0.000300,0.000300,0.007100,0.007400,0.041100,0.004900,0.030600,0.096700,0.010700,0.006400,0.8181,0.026300,0.008500,0.028700,0.011400,0.018300,0.1160,0.010800,0.078800,0.002500,0.1147,0.008600,0.075800,0.6248,0.004800,2.3514,0.000300,0.1925,0.000500,0.000400,0.031600,0.3016,0.6066,0.041000,1.0286,0.3999,0.002100,0.011600,0.000400,0.034500,0.1089,9.1788,8.7628,13.0955,634,16,0.2500,0,16,3.8438,1,0,0,629,1,0,115,102,13,0,-1,-1,0,-1,-1,13.9904,4.9185,0,1525.2227,1525.2227,1525.0977,95,875,561,321,0,0,0.001000,0,0,0.015900,0.089500,0.000900,0.015800,0.074800,0.045000,0.000900,0.002000,0.000300,0.001800,0.006900,0.001600,0.004200,0.025700,0.1679,0.061600,0.089100,0.1640,0.037800,0.1692,0.025300,0.5551,0.000200,0.002000,0.069800,0.009000,0.002100,0.000600,0.028200,0.006300,0.012500,0.001100,0.1520,0.015100,0.045100,0.2257,0.072600,0.001200,0.030900,0.002400,0.034800,0.023000,0.028900,8.5723,0.058800,0.007100,0.000100,0,11.3564,0,0,0,0,0,0,0,50,0,0,0,0,1,1,9,9,2,1,1,4,1,1,1,1,1,1,7,7,1,1,50,9,6,42,76,794,950,0,0,0,0,0,-100,-100,-100,-100,600,1440,107.7673,0,0,-0.000000,-1,0,0,0,1,0,13.7344,5,50,75.1289,13.7344,0,0,48.9844,0,100,0,0,0,0,0,0,0,0,0,0.4989,0.4989,1,0.4989,0.4989,58.4832,8.9635,20141,90,568,135,11371.3516,3604.0820,7254.2305,0,14982.1172,11.4688,2.4747,7.3762,11.4688,2.4747,2.9605,33.3333,5.1302,23.0868,0.000200,0.022200,0.000600,0.000600,0.001700,0.009900,0.000600,0.075900,0.001000,0.019500,0.021100,0.025700,0.3430,0.1840,0.019500,0.005100,0.061100,0.001100,0.043900,0.014800,0.1888,0.005100,0.031800,0.1400,0.015900,0.091800,0.4364,0.7569,0.3486,0.056300,2.4577,0.094200,0.031700,0.048700,0.6952,0.087900,0.001800,0.002300,0.060900,0.1966,0.049200,0.000500,0.6008,933,387568,0.054800,0,0,0,0,0.3765,0.005400,0,0.008700,0,0,0,0,0,0,0,0,0,0,0,0,0,0,0,0,0,0,0
,0.026100,0.006000,2,57,0,55,0,0,13,233,14,0,454,3,0,0,12,2,0,0,0,0,0,0.021600,0.3391,0.005300,0.009400,0.000900,0.8657,0.3001,0.050400,0.1263,0,0.029000,0.002900,0,768,256,11229,3565.7148,15494.9102,239.1602,0,6,0.000100,0.007800,0.001900,0.020200,0.1921,0,0,0.074500,0.2498,2.6798,0.069300,0.000200,0.001900,0.000200,0.000400,0.008800,0.007800,0.041100,0.006500,0.033200,0.1246,0.010100,0.006300,1.5179,0.028200,0.008500,0.039700,0.012400,0.019200,0.074500,0.010700,0.083100,0.002300,0.1536,0.009800,0.068900,0.5876,0.004700,2.2973,0.000300,0.1858,0.000700,0.000400,0.030600,0.3117,0.6058,0.025700,1.0285,0.1598,0.001700,0.010400,0.000600,0.039400,0,8.9783,8.7628,13.0955,634,16,0.2500,0,16,3.8438,1,0,0,629,1,0,115,102,13,0,-1,-1,0,-1,-1,13.9904,4.9185,0,1525.2227,1525.2227,1525.0977,95,874,561,321,0,0,0.001000,0,0,0.015200,0.083700,0.000700,0.012400,0.067000,0.039400,0.000900,0.001800,0.000200,0.001700,0.006400,0.001000,0.004300,0.024300,0.1392,0.056500,0.084400,0.1550,0.044800,0.2876,0.017900,0,0.000400,0.001300,0.059900,0.008100,0.001100,0.000700,0.025800,0.006600,0.012400,0.001100,0.1354,0.014900,0.038700,0.2086,0.069100,0.001300,0.044800,0.002200,0.033900,0.023600,0.016300,8.3827,0.074400,0.006400,0.000100,0.006500,11.2433,0,0,0,0,0,0,0,50,0,0,0,0,1,1,9,9,2,1,1,4,1,1,1,1,1,1,7,7,1,1,50,9,6,42,76,794,950,0,0,0,0,0,-100,-100,-100,-100,600,1440,107.7673,0,0,-0.000000,-1,0,0,0,1,0,13.7344,5,50,75.1289,13.7344,0,0,48.9844,0,100,0,0,0,0,0,0,0,0,0,0.4228,0.4228,1,0.4228,0.4228,6.9164,8.9635,20141,90,568,135,11363.9805,3604.0820,7254.2305,0,14975.4336,10.4848,2.1367,7.3749,10.4848,2.1367,3.0933,33.3333,5.7840,23.2618,0.000200,0.023100,0.000600,0.000700,0.001700,0.006900,0.000700,0.072600,0,0.020500,0.027300,0.039500,0.3567,0.3090,0.019400,0.005100,0.068200,0,0.043000,0.027400,0.1924,0.005100,0.4550,0.1957,0.016700,0.1055,0.4348,0.6962,0.3893,0.057400,2.0521,0.093200,0.032700,0.039400,0.6852,0.086100,0.002000,0.002600,0.060200,0.1967,0.050200,0.000600,0.6225,954,392058,0,2368,1331,0,1.0195,0,0,0,0.007900,0,0,0,0,0,0,0,0,0,0,0,0,0,0,0,0,0,0,0
,0.016300,0.024400,2,60,0,58,0,0,13,233,27,0,454,3,0,0,12,2,0,0,0,0,0.010700,0,0.4533,0.006000,0.010400,0.000900,0.8740,0.1874,0.058600,0.1353,0.002400,0.2675,0,1,768,256,11229,3565.7148,15494.9102,239.1602,0.003400,2,0.000300,0.013000,0.002100,0.020100,0.1876,0,0,0.059800,0.2897,2.4814,0.063200,0.000200,0.001400,0.000200,0.000200,0.007100,0.006700,0.044600,0.005600,0.032700,0.097000,0.011700,0.006100,0.7998,0.078500,0.007700,0.028500,0.012000,0.019000,0.1064,0.009900,0.074600,0.002700,0.1114,0.008500,0.069100,0.5910,0.004700,2.2977,0.000300,0.1855,0.000600,0.000300,0.029200,0.3663,0.6174,0.023600,0.8871,0.080500,0.001900,0.011200,0.000300,0.033700,0.089500,9.0608,8.7628,13.0955,634,16,0.2500,0,16,3.8438,1,0,0,629,1,0,115,102,13,0,-1,-1,0,-1,-1,13.9904,4.9185,0,1525.2227,1525.2227,1525.0977,95,874,561,321,0,0,0.000900,0,0,0.016800,0.096600,0.000700,0.013700,0.078000,0.043700,0.001100,0.001700,0.000200,0.001800,0.006900,0.001200,0.004300,0.023300,0.1614,0.059100,0.087000,0.1654,0.039200,0.1718,0.022600,0.1513,0.000200,0.001900,0.070200,0.009000,0.001500,0.000700,0.028400,0.006500,0.013200,0.001100,0.1490,0.015400,0.043000,0.1999,0.071200,0.001200,0.045200,0.002800,0.017900,0.024600,0.017200,8.3936,0.059600,0.006600,0.000100,0,10.4115,0,0,0,0,0,0,0,50,0,0,0,0,1,1,9,9,2,1,1,4,1,1,1,1,1,1,7,7,1,1,50,9,6,42,76,794,950,0,0,0,0,0,-100,-100,-100,-100,600,1440,107.7673,0,0,-0.000000,-1,0,0,0,1,0,13.7344,5,50,75.1289,13.7344,0,0,48.9844,0,100,0,0,0,0,0,0,0,0,0,0.5067,0.5067,1,0.5067,0.5067,17.4654,8.9635,20141,90,568,135,11363.0469,3604.0820,7254.2305,0,14968.0625,10.5712,2.1559,7.5861,10.5712,2.1578,3.0094,33.3333,5.5066,23.5821,0.000200,0.021100,0.000600,0.000600,0.001700,0.007700,0.000700,0.073800,0,0.018500,0.022300,0.032600,0.3437,0.1890,0.022600,0.005100,0.066000,0,0.045000,0.022800,0.1649,0.005200,0.030900,0.1381,0.015800,0.090700,0.4297,0.7294,0.3210,0.057300,2.4702,0.095300,0.030700,0.038100,1.5363,0.093100,0.002300,0.002400,0.062500,0.2066,0.046100,0.000700,0.6039,954,393666,0,0,0,0,0,0.1865,0,0.002200,0.009200,0,0,0,0,0,0,0,0,0,0,0,0,0,0,0,0,0,0,0
,0.015000,0.006700,0,0,0,0,0,0,0,0,0,0,0,0,0,0,0,0,0,0,0,0,0.016700,0.003100,0.5059,0.2777,0.008800,0.000900,0.8899,0.2103,0.054200,0.1305,0.001000,0.025600,0,0,768,256,11229,3565.7148,15494.9102,239.1602,0.001400,6,0.000200,0.007300,0.001900,0.019700,0.8454,0,0,0.055900,0.2343,2.5887,0.065100,0.000200,0.001200,0.000300,0.000200,0.007000,0.006600,0.047700,0.005600,0.032600,0.1377,0.011100,0.016900,1.1162,0.025200,0.008000,0.028900,0.011500,0.018500,0.084500,0.008300,0.069900,0.002100,0.1074,0.008900,0.070800,0.6040,0.005000,2.2963,0.000400,0.1800,0.000600,0.000300,0.028500,0.3041,0.6461,0.023100,0.9343,0.1467,0.002200,0.009500,0.000500,0.035700,0.6568,8.2762,8.7628,13.0955,634,16,0.2500,0,16,3.8438,1,0,0,629,1,0,115,102,13,0,-1,-1,0,-1,-1,13.9904,4.9185,0,1525.2227,1525.2227,1525.0977,95,875,561,321,0,0,0.000700,0,0,0.015900,0.087800,0.000600,0.012900,0.070200,0.040700,0.000800,0.001700,0.000300,0.002000,0.007100,0.000900,0.004100,0.023300,0.1584,0.057300,0.083600,0.1659,0.038200,0.1977,0.019600,0.098300,0.000300,0.001600,0.063800,0.009400,0.001600,0.000500,0.025500,0.005900,0.013100,0.001300,0.1466,0.014000,0.042400,0.2116,0.073000,0.001600,0.046200,0.002400,0.033800,0.023900,0.017000,7.7964,0.061000,0.006000,0.000100,0,10.6013,0,0,0,0,0,0,0,50,0,0,0,0,1,1,9,9,2,1,1,4,1,1,1,1,1,1,7,7,1,1,50,9,6,42,76,794,950,0,0,0,0,0,-100,-100,-100,-100,600,1440,107.7673,0,0,-0.000000,-1,0,0,0,1,0,13.7344,5,50,75.1289,13.7344,0,0,48.9844,0,100,0,0,0,0,0,0,0,0,0,0.4766,0.4766,1,0.4766,0.4766,27.4059,8.9635,20141,90,568,135,11355.2773,3604.0820,7254.2305,0,14967.1289,9.8032,2.1237,7.5861,9.8032,2.1250,2.8736,33.3333,5.8515,23.8827,0.000500,0.022500,0.000500,0.000700,0.001600,0.007800,0.000600,0.072400,0,0.023500,0.026500,0.041800,0.3572,0.1878,0.020500,0.005100,0.067000,0,0.043700,0.020000,0.1974,0.005100,0.032300,0.1305,0.014800,0.087000,0.4324,0.6498,0.3989,0.057200,2.0856,0.093100,0.031800,0.038400,0.6899,0.092000,0.001900,0.002500,0.061200,0.1976,0.050200,0.000500,0.6342,978,396154,0,0,0,0,0,0,0,0.001600,0.007700,0,0,0,0,0,0,0,0,0,0,0,0,0,0,0,0,0,0,0
,0.026300,0.005800,4,136,0,132,0,0,27,466,53,0,908,6,0,0,25,4,0,0,0,0,0.008700,0.024000,0.3368,0.005600,0.009700,0.000900,0.8572,0.1694,0.048500,0.1270,0.000800,0.024200,0,0,768,256,11229,3565.7148,15494.9102,239.1602,0.001800,7,0.000400,0.012000,0.002000,0.018400,0.1821,0,0,0.055600,0.2691,2.6631,0.061400,0.000200,0.001300,0.000200,0.000300,0.006600,0.006800,0.047600,0.005400,0.035000,0.1244,0.010800,0.006100,1.1279,0.024100,0.008300,0.027500,0.011300,0.018800,0.078600,0.010400,0.077400,0.002500,0.1003,0.008400,0.077400,0.6189,0.005200,2.4972,0.000400,0.2003,0.000500,0.000300,0.033000,0.3170,0.5989,0.026700,0.9556,0.1625,0.002000,0.010900,0.000500,0.038700,0.025500,8.9105,8.7628,13.0955,634,16,0.2500,0,16,3.8438,1,0,0,629,1,0,115,102,13,0,-1,-1,0,-1,-1,13.9904,4.9185,0,1525.2227,1525.2227,1525.0977,95,871,551,321,0,0,0.000800,0,0,0.016500,0.083400,0.000400,0.012200,0.070000,0.041600,0.000800,0.001600,0.000200,0.001600,0.006100,0.001100,0.004400,0.022900,0.1413,0.057300,0.076700,0.1715,0.039400,0.1993,0.031100,0.046400,0.000300,0.001700,0.062000,0.008700,0.001200,0.000600,0.025100,0.006400,0.011900,0.001300,0.1328,0.014400,0.038800,0.2171,0.066900,0.001300,0.043800,0.002300,0.035000,0.026800,0.018300,8.3163,0.058200,0.006300,0.000100,0,10.0383,0,0,0,0,0,0,0,50,0,0,0,0,1,1,9,9,2,1,1,4,1,1,1,1,1,1,7,7,1,1,50,9,6,42,76,794,950,0,0,0,0,0,-100,-100,-100,-100,600,1440,107.7673,0,0,-0.000000,-1,0,0,0,1,0,13.7344,5,50,75.1289,13.7344,0,0,48.9844,0,100,0,0,0,0,0,0,0,0,0,0.4291,0.4291,1,0.4291,0.4291,37.8798,8.9635,20141,90,568,135,11348.1055,3604.0820,7254.2305,0,14959.3594,10.6074,2.1788,7.3554,10.6074,2.1800,2.8353,33.3333,5.4204,24.1711,0.000200,0.022900,0.000500,0.000700,0.001500,0.008900,0.000600,0.073100,0,0.021500,0.032100,0.038800,0.3415,0.1948,0.020500,0.005100,0.064700,0,0.046400,0.009000,0.2019,0.006100,0.032800,0.1368,0.015600,0.089400,0.4223,0.6692,0.3462,0.058400,3.2515,0.095300,0.030700,0.038900,0.6913,0.085500,0.002000,0.002500,0.062500,0.1976,0.050200,0.000600,0.6145,953,392046,0,0,0,0,0,0,0,0.001400,0.007800,0,0,0,0,0,0,0,0,0,0,0,0,0,0,0,0,0,0,0
,0.015200,0.021800,2,60,0,58,0,0,13,233,26,0,454,3,0,0,12,2,0,0,0,0,0,0.001600,0.3465,0.005300,0.009300,0.000900,1.0497,0.2010,0.054200,0.1328,0.001700,0.029200,0,0,768,256,11229,3565.7148,15494.9102,239.1602,0.001200,3,0.000500,0.009700,0.001900,0.020200,0.1852,0,0,0.064900,0.2975,2.5461,0.059900,0.000300,0.001200,0.000300,0.000300,0.006100,0.006700,0.038900,0.005000,0.029800,0.1335,0.012200,0.006300,1.0641,0.028800,0.010000,0.026800,0.011300,0.018100,0.083800,0.011200,0.071700,0.002100,0.097800,0.008500,0.072800,0.5937,0.004700,2.3057,0.000200,0.1810,0.000700,0.000300,0.029600,0.3042,0.6055,0.026200,0.8807,0.1794,0.002000,0.009800,0.000400,0.037400,0,8.8377,8.7628,13.0955,634,16,0.2500,0,16,3.8438,1,0,0,629,1,0,115,102,13,0,-1,-1,0,-1,-1,13.9904,4.9185,0,1525.2227,1525.2227,1525.0977,95,874,561,321,0,0,0.001000,0,0,0.014800,0.077400,0.000500,0.015800,0.068900,0.042300,0.000600,0.001500,0.000400,0.001600,0.006600,0.000800,0.003800,0.023300,0.1365,0.062700,0.084300,0.1480,0.047500,0.1851,0.019300,0.053800,0.000100,0.005100,0.065900,0.008800,0.001300,0.000400,0.024000,0.005900,0.011300,0.001100,0.1458,0.018100,0.043700,0.2010,0.069300,0.001300,0.041400,0.002500,0.018300,0.023800,0.018200,8.1767,0.062700,0.006400,0.000100,0,10.4777,0,0,0,0,0,0,0,50,0,0,0,0,1,1,9,9,2,1,1,4,1,1,1,1,1,1,7,7,1,1,50,9,6,42,76,794,950,0,0,0,0,0,-100,-100,-100,-100,600,1440,107.7673,0,0,-0.000000,-1,0,0,0,1,0,13.7344,5,50,75.1289,13.7344,0,0,48.9844,0,100,0,0,0,0,0,0,0,0,0,0.4032,0.4032,1,0.4032,0.4032,48.2012,8.9635,20141,90,568,135,11344.2539,3604.0820,7254.2305,0,14952.1875,10.3047,2.1411,8.1885,10.3047,2.1411,2.8551,33.3333,5.6394,23.8189,0.000600,0.022800,0.000600,0.000600,0.001600,0.009300,0.000600,0.076200,0,0.019500,0.022000,0.026700,0.3529,0.1892,0.020400,0.005200,0.061200,0,0.046800,0.006700,0.1797,0,0.031700,0.1394,0.016300,0.089900,0.4273,0.7605,0.3259,0.056300,2.4668,0.095200,0.030700,0.038300,0.6917,0.088500,0.002100,0.002600,0.059700,0.1965,0.049200,0.000700,0.6161,952,392726,0,0,0,0,0,0,0,0,0.008500,0,0,0,0,0,0,0,0,0,0,0,0,0,0,0,0,0,0,0
,0.026200,0.007000,2,64,0,62,0,0,13,233,27,0,454,3,0,0,12,2,0,0,0,0,0.019600,0.025100,0.3295,0.005800,0.010300,0.001400,0.8756,0.1889,0.050300,0.1458,0.001100,0.027000,0,0,768,256,11229,3565.7148,15494.9102,239.1602,0.001600,7,0,0.008400,0.002000,0.018500,0.1773,0,0,0.063400,0.2906,2.6355,0.069700,0.000300,0.001200,0.000200,0.000300,0.007000,0.006900,0.039700,0.005400,0.031200,0.1179,0.010600,0.006100,1.7002,0.030100,0.008800,0.031800,0.012000,0.019500,0.080600,0.013400,0.077800,0.002200,0.089800,0.009300,0.070000,0.6280,0.004900,2.3349,0.000200,0.1890,0.000700,0.000400,0.028400,0.3182,1.6545,0.023200,0.9166,0.1055,0.002400,0.012300,0.000600,0.037300,0,8.3478,8.7628,13.0955,634,16,0.2500,0,16,3.8438,1,0,0,629,1,0,115,102,13,0,-1,-1,0,-1,-1,13.9904,4.9185,0,1525.2227,1525.2227,1525.0977,95,881,561,321,0,0,0.001100,0,0,0.015300,0.078300,0.000600,0.011800,0.069900,0.041000,0.000900,0.001500,0.000200,0.001600,0.005900,0.001000,0.004500,0.024500,0.1703,0.057400,0.085300,0.1590,0.039400,0.1716,0.023000,0.1088,0.000200,0.001600,0.062600,0.009000,0.001400,0.000600,0.027400,0.006900,0.012800,0.001200,0.1362,0.013600,0.040700,0.2039,0.068300,0.001100,0.020800,0.003100,0.032900,0.022000,0.015900,7.9424,0.062400,0.006500,0.000100,0,10.2525,0,0,0,0,0,0,0,50,0,0,0,0,1,1,9,9,2,1,1,4,1,1,1,1,1,1,7,7,1,1,50,9,6,42,76,794,950,0,0,0,0,0,-100,-100,-100,-100,600,1440,107.7673,0,0,-0.000000,-1,0,0,0,1,0,13.7344,5,50,75.1289,13.7344,0,0,48.9844,0,100,0,0,0,0,0,0,0,0,0,0.4666,0.4666,1,0.4666,0.4666,58.2599,8.9635,20141,90,568,135,11334.0938,3604.0820,7254.2305,0,14948.3359,9.8389,2.1496,7.3585,9.8389,2.1507,2.8684,33.3333,6.0497,23.5334,0.000600,0.022200,0.000600,0.000600,0.001600,0.010800,0.000600,0.074800,0,0.019500,0.027700,0.036000,0.3464,0.2973,0.019400,0.006200,0.067200,0,0.044400,0.008600,0.1876,0.005100,0.032800,0.1813,0.018100,0.1005,0.4215,0.7049,0.3900,0.056200,2.0827,0.094200,0.030700,0.039100,0.6871,0.097300,0.001600,0.002600,0.061200,0.1976,0.049200,0.000600,0.6380,929,386362,0,0,0,0,0,0,0.007000,0.001300,0.008200,0,0,0,0,0,0,0,0,0,0,0,0,0,0,0,0,0,0,0
,0.014000,0.012500,2,57,0,55,0,0,13,233,13,0,454,3,0,0,12,2,0,0,0,0,0.008400,0.006800,0.3455,0.005300,0.009000,0.000900,1.0249,0.2079,0.056300,0.1368,0.003400,0.032700,0,0,768,256,11229,3565.7148,15494.9102,239.1602,0.001700,2,0.001000,0.007700,0.001700,0.018500,0.1942,0,0,0.062700,0.2451,2.4810,0.062000,0.000200,0.001400,0.000200,0.000200,0.006100,0.007300,0.043400,0.006000,0.032200,0.1033,0.012000,0.005900,0.7712,0.026500,0.008900,0.028300,0.010900,0.019200,0.1153,0.009400,0.078300,0.002300,0.077600,0.007500,0.067400,0.6133,0.004500,2.3204,0.000300,0.1913,0.000600,0.000600,0.034800,0.3059,0.6578,0.025600,0.9643,0.2034,0.002000,0.010500,0.000400,0.036100,0,9.7607,8.7628,13.0955,634,16,0.2500,0,16,3.8438,1,0,0,629,1,0,115,102,13,0,-1,-1,0,-1,-1,13.9904,4.9185,0,1525.2227,1525.2227,1525.0977,95,873,561,322,0,0,0.000900,0,0,0.017600,0.084400,0.000600,0.014200,0.071900,0.041600,0.001000,0.001600,0.000300,0.001700,0.006600,0.014000,0.004600,0.020900,0.1619,0.075200,0.078100,0.1503,0.043500,0.2347,0.020300,0.078100,0.000200,0.001300,0.064700,0.009000,0.001600,0.000400,0.026200,0.007200,0.012300,0.001000,0.1466,0.015300,0.041100,0.2124,0.069900,0.001100,0.029700,0.002500,0.033300,0.022500,0.017300,9.1930,0.058900,0.005900,0.000100,0.005700,10.1199,0,0,0,0,0,0,0,50,0,0,0,0,1,1,9,9,2,1,1,4,1,1,1,1,1,1,7,7,1,1,50,9,6,42,76,794,950,0,0,0,0,0,-100,-100,-100,-100,600,1440,107.7673,0,0,-0.000000,-1,0,0,0,1,0,13.7344,5,50,75.1289,13.7344,0,0,48.9844,0,100,0,0,0,0,0,0,0,0,0,0.4949,0.4949,1,0.4949,0.4949,6.8527,8.9635,20141,90,568,135,11330.5078,3604.0820,7254.2305,0,14938.1758,11.6631,2.2311,7.1631,11.6631,2.2311,2.8404,33.3333,5.5558,23.8539,0.000200,0.021700,0.000500,0.000600,0.001700,0.008100,0.000500,0.072200,0.001000,0.020400,0.029300,0.040100,0.3605,0.1997,0.020500,0.005100,0.067000,0,0.046600,0.020000,0.1842,0.006100,0.032200,0.1369,0.015300,0.090000,0.9027,0.7585,0.3372,0.058200,2.9144,0.097200,0.031800,0.039400,0.6886,0.097600,0.002000,0.002400,0.063000,0.1967,0.050100,0.000600,0.5979,935,388728,0.096300,2378,1343,0,1.0892,0,0.003200,0,0.008800,0,0,0,0,0,0,0,0,0,0,0,0,0,0,0,0,0,0,0
,0.016200,0.009400,2,57,0,55,0,0,13,233,11,0,454,3,0,0,12,2,0,0,0,0,0.008900,0.018000,0.3218,0.004600,0.008500,0.001100,0.8777,0.1710,0.054300,0.1302,0.001200,0.053100,0,0,768,256,11229,3565.7148,15494.9102,239.1602,0.001700,5,0,0.008100,0.001800,0.017700,0.1858,0,0,0.060200,0.3143,2.6686,0.062400,0.000300,0.001400,0.000200,0.000400,0.008100,0.007800,0.045800,0.005400,0.035900,0.6053,0.010000,0.006100,0.7054,0.025700,0.008600,0.028400,0.010800,0.018900,0.090900,0.008700,0.073800,0.001800,0.080700,0.010600,0.072900,0.5992,0.004900,2.3955,0.000400,0.1852,0.000600,0.000400,0.040600,0.3153,0.6049,0.024300,0.9272,0.6072,0.001800,0.015200,0.000500,0.034400,0.073700,8.0813,8.7628,13.0955,634,16,0.2500,0,16,3.8438,1,0,0,629,1,0,115,102,13,0,-1,-1,0,-1,-1,13.9904,4.9185,0,1525.2227,1525.2227,1525.0977,95,873,561,322,0,0,0.000900,0,0,0.014700,0.080000,0.000600,0.012100,0.070900,0.041300,0.000900,0.001900,0.000200,0.001200,0.006500,0.000900,0.003900,0.023200,0.1281,0.059000,0.082100,0.1487,0.042600,0.1988,0.019500,0.068500,0.000200,0.001500,0.064200,0.008700,0.001700,0.000500,0.024300,0.006600,0.012000,0.000900,0.1387,0.016900,0.042100,0.1953,0.080300,0.001200,0.044700,0.002000,0.018000,0.023000,0.023600,7.4361,0.065200,0.007500,0.000100,0,11.4664,0,0,0,0,0,0,0,50,0,0,0,0,1,1,9,9,2,1,1,4,1,1,1,1,1,1,7,7,1,1,50,9,6,42,76,794,950,0,0,0,0,0,-100,-100,-100,-100,600,1440,107.7673,0,0,-0.000000,-1,0,0,0,1,0,13.7344,5,50,75.1289,13.7344,0,0,48.9844,0,100,0,0,0,0,0,0,0,0,0,0.4147,0.4147,1,0.4147,0.4147,16.4746,8.9635,20141,90,568,135,11324.8633,3604.0820,7254.2305,0,14934.5898,9.6056,2.1457,8.3021,9.6056,2.1457,2.8811,33.3333,5.4424,23.7425,0.000600,0.022000,0.000600,0.000700,0.001700,0.007100,0.001700,0.072800,0,0.020600,0.021300,0.038400,0.3467,0.1855,0.020500,0.006100,0.066600,0,0.049800,0.012400,0.1987,0.005100,0.031200,0.1381,0.014700,0.1044,0.4293,0.7629,0.3276,0.056300,2.4606,0.094200,0.031800,0.037900,0.6904,0.092400,0.001800,0.002400,0.061900,0.1976,0.049200,0.000700,0.6028,928,386372,0,0,0,0,0,0,0.002400,0,0.008100,0,0,0,0,0,0,0,0,0,0,0,0,0,0,0,0,0,0,0
,0.021500,0.1458,2,57,0,55,0,0,13,233,14,0,454,3,0,0,12,2,0,0,0,0,0.008100,0.006100,0.3344,0.006100,0.008300,0.001100,0.8581,0.1873,0.047900,0.1212,0.001700,0.026900,0,0,768,256,11229,3565.7148,15494.9102,239.1602,0.001500,5,0.000200,0.007500,0.001600,0.013000,0.2167,0,0,0.070600,0.2864,2.6952,0.067900,0.000200,0.001200,0.000200,0.000200,0.007600,0.010600,0.043200,0.005300,0.033200,0.1530,0.011700,0.006500,0.9166,0.030000,0.009300,0.033100,0.011800,0.020000,0.084900,0.014100,0.1098,0.002900,0.1406,0.010000,0.070600,0.6278,0.004400,2.3542,0.000200,0.1928,0.000700,0.000400,0.031200,0.3199,0.6784,0.024800,0.9641,0.1058,0.002100,0.011200,0.000500,0.035700,0,9.1572,8.7628,13.0955,634,16,0.2500,0,16,3.8438,1,0,0,629,1,0,115,102,13,0,-1,-1,0,-1,-1,13.9904,4.9185,0,1525.2227,1525.2227,1525.0977,95,870,551,322,0,0,0.001200,0,0,0.014500,0.079200,0.000500,0.011700,0.069100,0.046200,0.000700,0.001400,0.000200,0.001500,0.005800,0.001100,0.003600,0.022900,0.1562,0.060500,0.085100,0.1626,0.041200,0.1757,0.017500,0.1024,0.000300,0.001700,0.064600,0.008200,0.001500,0.000500,0.026100,0.006100,0.012200,0.001200,0.1395,0.014800,0.041300,0.1998,0.066700,0.001100,0.040900,0.002600,0.031500,0.022600,0.017800,8.6404,0.066500,0.006900,0.000100,0,9.6311,0,0,0,0,0,0,0,50,0,0,0,0,1,1,9,9,2,1,1,4,1,1,1,1,1,1,7,7,1,1,50,9,6,42,76,794,950,0,0,0,0,0,-100,-100,-100,-100,600,1440,107.7673,0,0,-0.000000,-1,0,0,0,1,0,13.7344,5,50,75.1289,13.7344,0,0,48.9844,0,100,0,0,0,0,0,0,0,0,0,0.4117,0.4117,1,0.4117,0.4117,27.3235,8.9635,20141,90,568,135,11314.2383,3604.0820,7254.2305,0,14928.9453,10.7343,2.2503,7.3942,10.7343,2.2514,2.8744,33.3333,5.7201,23.9923,0.000300,0.024800,0.000700,0.000600,0.001500,0.008400,0.000600,0.074300,0,0.044000,0.031500,0.036800,0.3772,0.2321,0.018400,0.006200,0.063600,0,0.045100,0.013000,0.1992,0.005100,0.032400,0.1346,0.019100,0.094900,0.4169,0.7579,0.3064,0.057400,2.4305,0.095200,0.031700,0.039300,0.6887,0.066200,0.002000,0.002600,0.062100,0.1995,0.050200,0.000700,0.6197,927,386360,0,0,0,0,0,0,0,0.001200,0.008400,0,0,0,0,0,0,0,0,0,0,0,0,0,0,0,0,0,0,0
,0.016300,0.008900,2,57,0,55,0,0,13,233,13,0,454,3,0,0,12,2,0,0,0,0,0.007600,0.029500,0.3217,0.006500,0.010400,0.001100,0.8849,0.1693,0.057700,0.1318,0.001200,0.022300,0.001600,0,768,256,11229,3565.7148,15494.9102,239.1602,0.001500,5,0.000200,0.007700,0.002100,0.015600,0.1828,0,0,0.057600,0.2513,2.5704,0.066400,0.000300,0.001200,0.000200,0.000500,0.007800,0.007500,0.047100,0.005900,0.031700,0.1656,0.010100,0.006700,1.1753,0.026100,0.008200,0.030300,0.010900,0.017900,0.085200,0.009600,0.077700,0.002200,0.1023,0.008600,0.066600,0.5979,0.004800,2.3421,0.000300,0.1862,0.000600,0.000500,0.030400,0.3230,0.7041,0.027200,0.9835,0.1531,0.001900,0.009900,0.000500,0.038800,0.1207,7.4392,8.7628,13.0955,634,16,0.2500,0,16,3.8438,1,0,0,629,1,0,115,102,13,0,-1,-1,0,-1,-1,13.9904,4.9185,0,1525.2227,1525.2227,1525.0977,95,870,551,322,0,0,0.001000,0,0,0.016300,0.1300,0.000600,0.014300,0.080300,0.039400,0.001000,0.002300,0.000200,0.001700,0.008300,0.001600,0.004500,0.038300,0.1282,0.065100,0.080600,0.1584,0.042400,0.1511,0.022700,1.0716,0.000500,0.001500,0.064700,0.009600,0.001300,0.000400,0.026600,0.006500,0.014200,0.001200,0.1534,0.014400,0.041800,0.2331,0.068400,0.001200,0.042100,0.002000,0.036400,0.024700,0.026400,6.8720,0.062700,0.007200,0.000200,0,10.8498,0,0,0,0,0,0,0,50,0,0,0,0,1,1,9,9,2,1,1,4,1,1,1,1,1,1,7,7,1,1,50,9,6,42,76,794,950,0,0,0,0,0,-100,-100,-100,-100,600,1440,107.7673,0,0,-0.000000,-1,0,0,0,1,0,13.7344,5,50,75.1289,13.7344,0,0,48.9844,0,100,0,0,0,0,0,0,0,0,0,1.3723,1.3723,1,1.3723,1.3723,37.4646,8.9635,20141,90,568,135,11312.7109,3604.0820,7254.2305,0,14918.3203,10.1733,3.1605,7.8285,10.1733,3.1605,2.8475,33.3333,5.5616,22.6975,0.000200,0.020000,0.000600,0.000700,0.001700,0.007900,0.000600,0.073300,0,0.024600,0.028300,0.040800,0.3553,0.2015,0.033800,0.006200,0.067500,0,0.045900,0.012800,0.1825,0,0.032600,0.1309,0.016200,0.091200,0.4247,0.7365,0.3081,0.057400,2.4063,0.094200,0.030700,0.039600,1.5561,0.066200,0.001900,0.002400,0.062600,0.2315,0.047100,0.000700,0.6175,964,397224,0,0,0,0,0,0,0.003000,0,0.008100,0,0,0,0,0,0,0,0,0,0,0,0,0,0,0,0,0,0,0
,0.031700,0.006300,0,0,0,0,0,0,0,0,0,0,0,0,0,0,0,0,0,0,0,0,0,0.010600,0.3351,0.005700,0.018000,0.000900,0.8971,0.1947,0.058700,0.1338,0.001000,0.025900,0,0,768,256,11229,3565.7148,15494.9102,239.1602,0.002500,5,0,0.009100,0.002100,0.014200,0.1930,0,0,0.072400,0.2989,2.5292,0.074500,0.000300,0.001500,0.000200,0.000300,0.007400,0.008300,0.044100,0.005800,0.033000,0.1310,0.010200,0.006800,0.7138,0.026600,0.009000,0.036500,0.012500,0.017800,0.098300,0.009300,0.078000,0.002300,0.076700,0.007600,0.066700,0.5833,0.004700,2.3292,0.000400,0.1839,0.000500,0.000600,0.029500,0.3701,0.5970,0.024800,0.9190,0.4784,0.001900,0.013300,0.000500,0.033300,0.096100,8.7067,8.7628,13.0955,634,16,0.2500,0,16,3.8438,1,0,0,629,1,0,115,102,13,0,-1,-1,0,-1,-1,13.9904,4.9185,0,1525.2227,1525.2227,1525.0977,95,870,551,322,0,0,0.002800,0,0,0.015000,0.094000,0.000600,0.012000,0.075500,0.044400,0.000900,0.001800,0.000200,0.001600,0.006400,0.000900,0.004200,0.023200,0.1542,0.061000,0.080000,0.1717,0.044000,0.1741,0.031000,0.080800,0.000300,0.001600,0.062200,0.008600,0.001100,0.000900,0.026400,0.006600,0.011800,0.001300,0.1591,0.014600,0.042900,0.1850,0.069700,0.001200,0.053500,0.002300,0.017400,0.022600,0.016500,8.0711,0.061600,0.006800,0.000100,0.001500,10.0615,0,0,0,0,0,0,0,50,0,0,0,0,1,1,9,9,2,1,1,4,1,1,1,1,1,1,7,7,1,1,50,9,6,42,76,794,950,0,0,0,0,0,-100,-100,-100,-100,600,1440,107.7673,0,0,-0.000000,-1,0,0,0,1,0,13.7344,5,50,75.1289,13.7344,0,0,48.9844,0,100,0,0,0,0,0,0,0,0,0,0.4337,0.4337,1,0.4337,0.4337,47.7032,8.9635,20141,90,568,135,11305.5391,3604.0820,7254.2305,0,14916.7930,10.3433,2.2519,7.8285,10.3433,2.2528,2.9383,33.3333,5.5949,23.4012,0.000200,0.022200,0.000500,0.000600,0.001700,0.008100,0.000700,0.079800,0.001000,0.018500,0.021300,0.031500,0.3475,0.2898,0.030800,0.005100,0.062600,0,0.051500,0.013700,0.1585,0,0.032100,0.1312,0.015100,0.092900,0.4308,0.6915,0.3838,0.056400,2.0715,0.094200,0.031800,0.039200,0.6891,0.086900,0.002000,0.002400,0.062500,0.1997,0.050200,0.000500,0.6084,926,385212,0,0,0,0,0,0.026900,0,0.001100,0.022200,0,0,0,0,0,0,0,0,0,0,0,0,0,0,0,0,0,0,0
,0.015200,0.016400,4,121,0,117,0,0,26,466,58,0,908,6,0,0,24,4,0,0,0,0,0.024800,0.019600,0.5615,0.006300,0.008600,0.001100,0.8538,0.1684,0.055800,0.1308,0.001100,0.027500,0,0,768,256,11229,3565.7148,15494.9102,239.1602,0.001400,7,0.000100,0.008500,0.001800,0.012900,0.1877,0,0,0.065100,0.2261,2.4651,0.062400,0.000200,0.001200,0.000200,0.000200,0.006900,0.006600,0.040300,0.005100,0.044700,0.1129,0.011300,0.006200,1.1538,0.026200,0.007900,0.031200,0.011400,0.018300,0.085300,0.010400,0.084200,0.002300,0.076700,0.007400,0.070300,0.5904,0.004300,2.3594,0.000500,0.1894,0.000500,0.000300,0.030000,0.3042,0.6133,0.024000,0.9183,0.1541,0.001600,0.010400,0.000400,0.035800,0,8.4400,8.7628,13.0955,634,16,0.2500,0,16,3.8438,1,0,0,629,1,0,115,102,13,0,-1,-1,0,-1,-1,13.9904,4.9185,0,1525.2227,1525.2227,1525.0977,95,873,561,322,0,0,0.000900,0,0,0.016900,0.083400,0.000600,0.012700,0.099600,0.041600,0.000900,0.002100,0.000600,0.001800,0.007600,0.001200,0.004000,0.023500,0.1562,0.059800,0.096800,0.1657,0.044700,0.1487,0.020700,0.1152,0.000300,0.001700,0.060700,0.008200,0.001300,0.000400,0.028400,0.006800,0.012300,0.001100,0.1391,0.013700,0.039400,0.2102,0.069500,0.001100,0.043800,0.002300,0.035700,0.022900,0.016400,8.1827,0.057300,0.006100,0.000100,0,10.2258,0,0,0,0,0,0,0,50,0,0,0,0,1,1,9,9,2,1,1,4,1,1,1,1,1,1,7,7,1,1,50,9,6,42,76,794,950,0,0,0,0,0,-100,-100,-100,-100,600,1440,107.7673,0,0,-0.000000,-1,0,0,0,1,0,13.7344,5,50,75.1289,13.7344,0,0,48.9844,0,100,0,0,0,0,0,0,0,0,0,0.4232,0.4232,1,0.4232,0.4232,58.0513,8.9635,20141,90,568,135,11297.1719,3604.0820,7254.2305,0,14909.6211,10.0160,2.1770,7.3056,10.0160,2.1770,2.8853,33.3333,6.2061,23.7540,0.000700,0.022400,0.000700,0.000900,0.002100,0.007200,0.000500,0.072900,0.001000,0.020400,0.029100,0.040500,0.3638,0.1857,0.019500,0.005100,0.065600,0,0.046000,0.016800,0.1843,0,0.033400,0.1428,0.015500,0.088200,0.4290,0.6818,0.3092,0.057400,3.2286,0.095200,0.031800,0.039400,0.6916,0.094200,0.002700,0.004500,0.062500,0.1986,0.051200,0.000500,0.7101,939,389208,0,0,0,0,0,0,0,0,0.008700,0,0,0,0,0,0,0,0,0,0,0,0,0,0,0,0,0,0,0
,0.017000,0.014100,2,59,0,57,0,0,13,233,26,0,454,3,0,0,12,2,0,0,0,0,0,0.002700,0.3379,0.005700,0.010000,0.001200,0.8562,0.2229,0.052200,0.1289,0,0.026600,0,0,768,256,11229,3565.7148,15494.9102,239.1602,0,1,0.000200,0.008100,0.001500,0.014200,0.1771,0,0,0.056700,0.3438,2.4854,0.068400,0.000200,0.001300,0.000200,0.000300,0.006700,0.006600,0.045400,0.006600,0.032400,0.1333,0.010700,0.006300,1.2353,0.026200,0.008500,0.035300,0.011800,0.018600,0.1034,0.010900,0.1013,0.002000,0.1119,0.008200,0.062500,0.6017,0.004300,2.3201,0.000200,0.1847,0.000500,0.000300,0.029100,0.2919,0.6674,0.024300,1.0886,0.5260,0.002300,0.011600,0.000400,0.036000,0.1793,7.7841,8.7628,13.0955,634,16,0.2500,0,16,3.8438,1,0,0,629,1,0,115,102,13,0,-1,-1,0,-1,-1,13.9904,4.9185,0,1525.2227,1525.2227,1441.5039,95,871,551,322,0,0,0.000900,0,0,0.014300,0.079800,0.000400,0.011600,0.070000,0.038600,0.001200,0.001600,0.000200,0.001500,0.005900,0.000900,0.004000,0.021300,0.1417,0.054600,0.077000,0.1495,0.039200,0.3523,0.031500,0,0.000400,0.001800,0.067300,0.009300,0.001500,0.000400,0.026500,0.006300,0.012400,0.001200,0.1479,0.015200,0.043300,0.2014,0.080700,0.001300,0.022900,0.002500,0.031400,0.021800,0.022500,7.2213,0.058400,0.005600,0.000200,0,10.4582,0,0,0,0,0,0,0,50,0,0,0,0,1,1,9,9,2,1,1,4,1,1,1,1,1,1,7,7,1,1,50,9,6,42,76,794,950,0,0,0,0,0,-100,-100,-100,-100,600,1440,107.7673,0,0,-0.000000,-1,0,0,0,1,0,13.7344,5,50,75.1289,13.7344,0,0,48.9844,0,100,0,0,0,0,0,0,0,0,0,0.4550,0.4550,1,0.4550,0.4550,4.6019,8.9635,20141,90,568,135,11295.3789,3604.0820,7254.2305,0,14901.2539,9.8304,2.2741,8.3446,9.8304,2.2741,2.7169,33.3333,5.4232,23.9090,0.000300,0.022100,0.000600,0.000600,0.001800,0.008700,0.000600,0.073200,0,0.020500,0.030600,0.039000,0.3398,0.1901,0.019400,0.006200,0.063500,0,0.046500,0.014100,0.2140,0.005100,0.033100,0.1384,0.015500,0.091400,0.4284,0.7644,0.3230,0.055300,2.4677,0.095300,0.030700,0.039600,0.6879,0.097800,0.002100,0.002300,0.061200,0.1944,0.050200,0.000800,0.5886,1007,403748,0,2388,1339,0,0.9170,0,0.004900,0,0.008200,0,0,0,0,0,0,0,0,0,0,0,0,0,0,0,0,0,0,0
,0.021300,0.009100,2,80,0,78,0,0,14,233,44,0,454,3,0,0,13,2,0,0,0,0,0.017300,0.006100,0.3779,0.005000,0.009400,0.000900,0.8781,0.1833,0.052400,0.1318,0.002100,0.052800,0.002600,0,768,256,11229,3565.7148,15494.9102,239.1602,0.005000,5,0.000500,0.013400,0.002200,0.014900,0.1848,0,0,0.070600,0.2068,2.5417,0.071600,0.000200,0.001100,0.000300,0.000200,0.006900,0.007400,0.042700,0.005500,0.032900,0.1173,0.014200,0.007400,1.8783,0.029500,0.008600,0.032100,0.012000,0.019000,0.085400,0.008900,0.075400,0.002100,0.078100,0.008200,0.072300,0.6073,0.004800,2.3478,0.000300,0.1922,0.000800,0.000400,0.029700,0.3154,0.7453,0.024500,0.9187,0.1180,0.001700,0.009900,0.000500,0.032900,0,9.3027,8.7628,13.0955,634,16,0.2500,0,16,3.8438,1,0,0,629,1,0,115,102,13,0,-1,-1,0,-1,-1,13.9904,4.9185,0,1525.2227,1525.2227,1525.0977,95,876,561,322,0,0,0.000900,0,0,0.015300,0.086000,0.000500,0.011600,0.069000,0.040300,0.001000,0.002000,0.000200,0.001400,0.006400,0.000800,0.003500,0.023300,0.1567,0.053800,0.089600,0.1664,0.043900,0.1724,0.020200,0.1043,0.000300,0.001500,0.075200,0.008700,0.001200,0.000700,0.027300,0.006400,0.011500,0.001100,0.1590,0.015700,0.043900,0.1909,0.069000,0.001100,0.029700,0.002300,0.016800,0.022800,0.017900,9.0147,0.058700,0.010200,0.000100,0,9.3739,0,0,0,0,0,0,0,50,0,0,0,0,1,1,9,9,2,1,1,4,1,1,1,1,1,1,7,7,1,1,50,9,6,42,76,794,950,0,0,0,0,0,-100,-100,-100,-100,600,1440,107.7673,0,0,-0.000000,-1,0,0,0,1,0,13.7344,5,50,75.1289,13.7344,0,0,48.9844,0,100,0,0,0,0,0,0,0,0,0,0.4557,0.4557,1,0.4557,0.4557,15.7465,8.9635,20141,90,568,135,11286.2812,3604.0820,7254.2305,0,14899.4609,10.7870,2.1258,7.3769,10.7870,2.1268,2.8790,33.3333,5.6667,23.8440,0.000600,0.021400,0.000600,0.000600,0.001700,0.012200,0.001600,0.077500,0,0.017500,0.040600,0.039800,0.7954,0.3132,0.022600,0.005100,0.069500,0,0.044500,0.013500,0.2001,0,0.033100,0.1363,0.015900,0.1001,0.4306,0.6978,0.3860,0.057300,2.0876,0.093200,0.031800,0.038900,0.6922,0.087900,0.001900,0.002300,0.062300,0.1977,0.050200,0.000600,0.8912,922,385164,0.047800,0,0,0,0,0,0,0.001200,0.008400,0,0,0,0,0,0,0,0,0,0,0,0,0,0,0,0,0,0,0
,0.018700,0.005900,2,57,0,55,0,0,13,233,13,0,454,3,0,0,12,2,0,0,0,0,0.008700,0.005300,0.3192,0.005300,0.009000,0.000900,0.8530,0.1748,0.053400,0.1257,0.001300,0.023700,0,0,768,256,11229,3565.7148,15494.9102,239.1602,0.001400,1,0.000300,0.008200,0.002200,0.014400,0.1934,0,0,0.055400,0.2483,2.4983,0.1199,0.000200,0.001200,0.000200,0.000500,0.010400,0.006500,0.041500,0.004400,0.032000,0.1350,0.010200,0.006100,1.1716,0.029900,0.008200,0.040100,0.011300,0.019700,0.076600,0.014500,0.076800,0.002500,0.079500,0.007900,0.067300,0.6142,0.005600,2.4217,0.000200,0.1974,0.000500,0.000300,0.031800,0.2985,0.6599,0.028100,1.0674,0.1447,0.002100,0.009900,0.000900,0.037500,0.1456,8.7723,8.7628,13.0955,634,16,0.2500,0,16,3.8438,1,0,0,629,1,0,115,102,13,0,-1,-1,0,-1,-1,13.9904,4.9185,0,1525.2227,1525.2227,1525.0977,95,870,551,321,0,0,0.000800,0,0,0.019500,0.081700,0.000800,0.014100,0.076500,0.043000,0.001000,0.002100,0.000200,0.001900,0.007200,0.001100,0.004300,0.037500,0.2088,0.068200,0.088900,0.1431,0.038500,0.1979,0.022600,0.1378,0.000200,0.005400,0.066500,0.009300,0.001200,0.000500,0.025800,0.006400,0.012000,0.001000,0.1411,0.015000,0.039700,0.2069,0.071500,0.001300,0.044500,0.003100,0.033500,0.023600,0.017500,8.3205,0.062200,0.006200,0.000200,0,11.1585,0,0,0,0,0,0,0,50,0,0,0,0,1,1,9,9,2,1,1,4,1,1,1,1,1,1,7,7,1,1,50,9,6,42,76,794,950,0,0,0,0,0,-100,-100,-100,-100,600,1440,107.7673,0,0,-0.000000,-1,0,0,0,1,0,13.7344,5,50,75.1289,13.7344,0,0,48.9844,0,100,0,0,0,0,0,0,0,0,0,0.5570,0.5570,1,0.5570,0.5570,26.3494,8.9635,20141,90,568,135,11279.9727,3604.0820,7254.2305,0,14890.3633,10.8140,2.2679,7.8011,10.8140,2.2679,3.1340,33.3333,5.2569,24.3684,0.000200,0.022500,0.000600,0.000600,0.001700,0.008500,0.000600,0.073400,0.001000,0.019400,0.024600,0.035100,0.3391,0.1947,0.019500,0.006100,0.066800,0,0.042700,0.013500,0.1822,0.005100,0.031100,0.1303,0.015800,0.089500,1.2380,0.7774,0.3160,0.060400,2.4751,0.095200,0.030800,0.039700,0.6896,0.097500,0.002000,0.002500,0.062100,0.1957,0.049100,0.000600,0.5994,961,393300,0,0,0,0,0,0,0,0,0.009000,0,0,0,0,0,0,0,0,0,0,0,0,0,0,0,0,0,0,0
,0.015600,0.009500,0,0,0,0,0,0,0,0,0,0,0,0,0,0,0,0,0,0,0,0,0.008100,0.001800,0.3445,0.006000,0.008000,0.001300,0.8509,0.1816,0.049600,0.1260,0.001000,0.053100,0,0,768,256,11229,3565.7148,15494.9102,239.1602,0.001200,2,0.000100,0.008200,0.001800,0.014600,0.1922,0,0,0.065900,0.2820,2.4810,0.063100,0.000200,0.001800,0.000300,0.000200,0.006800,0.007400,0.044300,0.005200,0.032300,0.1115,0.011300,0.005900,1.4205,0.027600,0.009800,0.041500,0.011300,0.019400,0.077100,0.008800,0.073100,0.002100,0.1141,0.008000,0.067200,0.5960,0.004600,2.3585,0.000200,0.1867,0.000500,0.000300,0.028700,0.3042,0.6513,0.024300,0.8437,0.1659,0.002000,0.009200,0.000400,0.035800,0.1889,8.7053,8.7628,13.0955,634,16,0.2500,0,16,3.8438,1,0,0,629,1,0,115,102,13,0,-1,-1,0,-1,-1,13.9904,4.9185,0,1525.2227,1525.2227,1525.0977,95,871,551,321,0,0,0.000800,0,0,0.014500,0.081400,0.000500,0.011700,0.069400,0.038800,0.000800,0.001400,0.000200,0.001400,0.005800,0.001000,0.004300,0.023500,0.1615,0.059400,0.078600,0.1549,0.051400,0.1692,0.026900,0.093400,0.000200,0.002000,0.067500,0.008800,0.001400,0.000700,0.029600,0.006800,0.012000,0.001200,0.1388,0.015200,0.040700,0.2104,0.069800,0.001100,0.040500,0.002500,0.033800,0.023700,0.018200,8.0592,0.059400,0.006300,0.000100,0,10.6700,0,0,0,0,0,0,0,50,0,0,0,0,1,1,9,9,2,1,1,4,1,1,1,1,1,1,7,7,1,1,50,9,6,42,76,794,950,0,0,0,0,0,-100,-100,-100,-100,600,1440,107.7673,0,0,-0.000000,-1,0,0,0,1,0,13.7344,5,50,75.1289,13.7344,0,0,48.9844,0,100,0,0,0,0,0,0,0,0,0,0.4674,0.4674,1,0.4674,0.4674,36.6081,8.9635,20141,90,568,135,11275.2578,3604.0820,7254.2305,0,14884.0547,10.4048,2.2013,7.8011,10.4048,2.2024,2.6377,33.3333,5.3749,24.0399,0.000200,0.020500,0.000600,0.000500,0.001700,0.010200,0.000600,0.075300,0.001100,0.019400,0.021200,0.032100,0.3603,0.1819,0.020500,0.005100,0.061600,0,0.044100,0.015400,0.1751,0,0.031300,0.1345,0.015900,0.094800,0.4331,0.7291,0.3550,0.060500,2.4830,0.094200,0.031700,0.049600,0.6873,0.098800,0.002000,0.002500,0.064200,0.1976,0.049200,0.000600,0.5930,951,392736,0,0,0,0,0,0,0,0.001200,0.008500,0,0,0,0,0,0,0,0,0,0,0,0,0,0,0,0,0,0,0
,0.014600,0.012700,4,124,0,120,0,0,26,466,59,0,908,6,0,0,24,4,0,0,0,0,0,0.005600,0.3407,0.006600,0.008500,0.001000,0.9608,0.1912,0.049200,0.1233,0.001100,0.022400,0,0,768,256,11229,3565.7148,15494.9102,239.1602,0.001800,5,0,0.008300,0.002200,0.019900,0.1760,0,0,0.063100,0.2851,2.9853,0.073800,0.000200,0.001200,0.000300,0.000200,0.006200,0.007300,0.042900,0.005800,0.035200,0.1372,0.012600,0.007100,1.3461,0.030300,0.009200,0.051100,0.013500,0.021500,0.090400,0.019300,0.080200,0.003100,0.1276,0.011300,0.078300,0.6357,0.005300,2.4575,0.000400,0.1929,0.000700,0.000400,0.031400,0.2999,0.8126,0.024100,0.9293,0.1432,0.002000,0.010100,0.000500,0.089500,0.2775,8.7306,8.7628,13.0955,634,16,0.2500,0,16,3.8438,1,0,0,629,1,0,115,102,13,0,-1,-1,0,-1,-1,13.9904,4.9185,0,1525.2227,1525.2227,1441.5039,95,876,561,321,0,0,0.001000,0,0,0.019000,0.080300,0.000700,0.020900,0.072100,0.044300,0.000900,0.001600,0.000200,0.001600,0.006500,0.000800,0.004200,0.021400,0.1663,0.060300,0.081700,0.1607,0.045700,0.1800,0.021000,0.1042,0.000200,0.001400,0.063900,0.008200,0.001000,0.000400,0.025800,0.006400,0.011800,0.001700,0.1380,0.013500,0.041600,0.1880,0.066500,0.001500,0.039900,0.002200,0.017000,0.022600,0.017400,8.1525,0.060000,0.006900,0.000100,0,10.2672,0,0,0,0,0,0,0,50,0,0,0,0,1,1,9,9,2,1,1,4,1,1,1,1,1,1,7,7,1,1,50,9,6,42,76,794,950,0,0,0,0,0,-100,-100,-100,-100,600,1440,107.7673,0,0,-0.000000,-1,0,0,0,1,0,13.7344,5,50,75.1289,13.7344,0,0,48.9844,0,100,0,0,0,0,0,0,0,0,0,0.4714,0.4714,1,0.4714,0.4714,46.9650,8.9635,20141,90,568,135,11265.0312,3604.0820,7254.2305,0,14879.3398,10.3447,2.2381,7.3065,10.3447,2.2381,2.7708,33.3333,5.5531,24.1933,0.000200,0.021900,0.000700,0.000600,0.001600,0.008000,0.000800,0.084200,0.001100,0.017400,0.045500,0.039800,0.3718,0.2297,0.018500,0.006100,0.066000,0,0.046900,0.026600,0.1808,0,0.031700,0.1360,0.019700,0.099900,0.4145,0.7537,0.3250,0.056400,2.5126,0.097300,0.031800,0.039300,0.6904,0.094200,0.002000,0.002300,0.062900,0.1967,0.050200,0.000500,0.6436,922,384474,0,0,0,0,0,0,0,0,0.008600,0,0,0,0,0,0,0,0,0,0,0,0,0,0,0,0,0,0,0
,0.014900,0.006500,2,57,0,55,0,0,13,233,11,0,454,3,0,0,12,2,0,0,0,0,0.018400,0.010600,0.3254,0.006100,0.008800,0.001100,0.8979,0.2238,0.048500,0.1247,0.001400,0.045700,0.008000,0,768,256,11229,3565.7148,15494.9102,239.1602,0.001900,5,0.000400,0.007800,0.002000,0.019300,0.1942,0,0,0.061900,0.2961,2.4423,0.064400,0.000200,0.001400,0.000200,0.000200,0.006500,0.007400,0.041600,0.006000,0.031500,0.1051,0.010000,0.006100,1.4558,0.028500,0.009100,0.031000,0.011300,0.019000,0.074100,0.008300,0.070900,0.002300,0.1119,0.008900,0.065300,0.5935,0.004600,2.3421,0.000300,0.1937,0.000500,0.000500,0.030000,0.3091,0.8520,0.026800,0.9376,0.1156,0.001800,0.010400,0.000500,0.034600,0,9.7109,8.7628,13.0955,634,16,0.2500,0,16,3.8438,1,0,0,629,1,0,115,102,13,0,-1,-1,0,-1,-1,13.9904,4.9185,0,1525.2227,1525.2227,1441.5039,95,871,551,321,0,0,0.000900,0,0,0.014400,0.083600,0.000400,0.011500,0.069700,0.040600,0.001100,0.001300,0.000300,0.001500,0.005700,0.000800,0.003900,0.023700,0.1610,0.058300,0.076100,0.1595,0.1178,0.2088,0.023300,0.049200,0.000300,0.002100,0.079600,0.009800,0.001300,0.000500,0.030500,0.006700,0.012400,0.001300,0.1476,0.014300,0.042900,1.0704,0.075500,0.001100,0.045400,0.002700,0.8546,0.025200,0.023200,8.2590,0.057200,0.006100,0.000200,0,10.3451,0,0,0,0,0,0,0,50,0,0,0,0,1,1,9,9,2,1,1,4,1,1,1,1,1,1,7,7,1,1,50,9,6,42,76,794,950,0,0,0,0,0,-100,-100,-100,-100,600,1440,107.7673,0,0,-0.000000,-1,0,0,0,1,0,13.7344,5,50,75.1289,13.7344,0,0,48.9844,0,100,0,0,0,0,0,0,0,0,0,0.5220,0.5220,1,0.5220,0.5220,58.3836,8.9635,20141,90,568,135,11258.4961,3604.0820,7254.2305,0,14869.1133,11.4029,2.2364,7.9432,11.4029,2.2364,2.9200,33.3333,5.6156,22.5461,0.000600,0.018900,0.000700,0.000600,0.001800,0.007600,0.000600,0.072500,0,0.019400,0.026800,0.039200,0.3573,0.1922,0.019500,0.005100,0.064000,0,0.046300,0.024300,0.1866,0.005200,0.032000,0.1365,0.015800,0.088500,0.4276,0.6857,0.3307,0.058400,2.4739,0.095200,0.030700,0.039400,1.1502,0.064800,0.001800,0.002500,0.063700,0.6287,0.047100,0.000700,0.6050,937,388062,0,0,0,0,0,0,0.004600,0,0.007700,0,0,0,0,0,0,0,0,0,0,0,0,0,0,0,0,0,0,0
,0.014000,0.008900,2,57,0,55,0,0,13,233,11,0,454,3,0,0,12,2,0,0,0,0,0,0.030000,0.3459,0.005200,0.008000,0.001000,0.8610,0.1857,0.050300,0.1256,0.001300,0.028700,0.005000,1,768,256,11229,3565.7148,15494.9102,239.1602,0.001700,4,0.000300,0.009100,0.002000,0.020500,0.1715,0,0,0.062200,0.2495,2.4732,0.057400,0.000200,0.001400,0.000300,0.000200,0.007800,0.007700,0.040500,0.005800,0.032800,0.1332,0.011000,0.005800,0.5036,0.024500,0.009000,0.025400,0.010900,0.017200,0.1003,0.008600,0.073300,0.002300,0.1181,0.008900,0.068200,0.6025,0.005000,2.3844,0.000200,0.1877,0.000500,0.000400,0.028400,0.3063,0.9151,0.024100,0.9091,0.1656,0.002000,0.011200,0.000500,0.076600,0.083000,8.8700,8.7628,13.0955,634,16,0.2500,0,16,3.8438,1,0,0,629,1,0,115,102,13,0,-1,-1,0,-1,-1,13.9904,4.9185,0,1525.2227,1525.2227,1441.5039,95,871,551,321,0,0,0.000900,0,0,0.015600,0.076600,0.000500,0.011900,0.071000,0.039200,0.001000,0.001800,0.000100,0.001600,0.006900,0.000900,0.004500,0.025500,0.1669,0.059000,0.080600,0.1422,0.038400,0.1702,0.032700,0.073000,0.000200,0.001400,0.065600,0.009300,0.001500,0.000600,0.026500,0.006400,0.012400,0.001200,0.1381,0.014100,0.038800,0.2084,0.069000,0.001100,0.042400,0.002600,0.034500,0.023100,0.016700,8.3299,0.057800,0.008800,0.000200,0,11.3459,0,0,0,0,0,0,0,50,0,0,0,0,1,1,9,9,2,1,1,4,1,1,1,1,1,1,7,7,1,1,50,9,6,42,76,794,950,0,0,0,0,0,-100,-100,-100,-100,600,1440,107.7673,0,0,-0.000000,-1,0,0,0,1,0,13.7344,5,50,75.1289,13.7344,0,0,48.9844,0,100,0,0,0,0,0,0,0,0,0,0.4425,0.4425,1,0.4425,0.4425,4.7391,8.9635,20141,90,568,135,11253.7383,3604.0820,7254.2305,0,14862.5781,10.3394,2.9718,8.2510,10.3394,2.9730,3.0801,33.3333,5.5729,23.5584,0.000600,0.022200,0.000600,0.000600,0.001700,0.008300,0.000600,0.074900,0,0.017500,0.020300,0.034300,0.3455,0.3171,0.018500,0.006100,0.061900,0,0.045800,0.019900,0.1859,0,0.032200,0.1417,0.016500,0.1020,0.4332,0.6291,0.2951,0.056400,2.3901,0.094200,0.030700,0.039600,0.6902,0.087400,0.001900,0.002600,0.062500,0.1978,0.050100,0.000600,0.5949,999,402098,0,2374,1330,0,1.0730,0.082700,0,0.001400,0.009200,0,0,0,0,0,0,0,0,0,0,0,0,0,0,0,0,0,0,0
,0.3637,0.017200,2,79,0,77,0,0,14,233,41,0,454,3,0,0,13,2,0,0,0,0,0.020400,0.008000,0.3356,0.005100,0.009600,0.000800,0.8466,0.1662,0.048700,0.1262,0.000700,0.028700,0,1,768,256,11229,3565.7148,15494.9102,239.1602,0.001500,3,0.000300,0.012500,0.002400,0.020300,0.1805,0,0,0.060900,0.2205,2.5706,0.063000,0.000200,0.001200,0.000200,0.000300,0.006000,0.007000,0.039600,0.005400,0.032900,0.1123,0.011500,0.006800,1.1687,0.026400,0.008000,0.029300,0.011700,0.018800,0.1080,0.016900,0.073300,0.013300,0.1092,0.008700,0.072400,0.6551,0.005200,2.3307,0.000300,0.1977,0.000600,0.000400,0.029500,0.3145,0.7265,0.024800,0.9215,0.4980,0.001700,0.012600,0.000400,0.036600,0,7.0357,8.7628,13.0955,634,16,0.2500,0,16,3.8438,1,0,0,629,1,0,115,102,13,0,-1,-1,0,-1,-1,13.9904,4.9185,0,1525.2227,1525.2227,1525.0977,95,876,561,321,0,0,0.001100,0,0,0.016400,0.080600,0.000400,0.011400,0.076500,0.041300,0.001000,0.002200,0.000300,0.002000,0.007500,0.001100,0.004400,0.025800,0.1266,0.059100,0.084700,0.1644,0.039100,0.1491,0.018200,1.3481,0.000200,0.001600,0.064300,0.009400,0.001600,0.000500,0.028500,0.006400,0.012600,0.001200,0.1614,0.013900,0.040600,0.1871,0.067400,0.001000,0.020500,0.002800,0.016900,0.022600,0.020200,6.7421,0.060800,0.006200,0.000100,0,10.3877,0,0,0,0,0,0,0,50,0,0,0,0,1,1,9,9,2,1,1,4,1,1,1,1,1,1,7,7,1,1,50,9,6,42,76,794,950,0,0,0,0,0,-100,-100,-100,-100,600,1440,107.7673,0,0,-0.000000,-1,0,0,0,1,0,13.7344,5,50,75.1289,13.7344,0,0,48.9844,0,100,0,0,0,0,0,0,0,0,0,1.6438,1.6438,1,1.6438,1.6438,14.7562,8.9635,20141,90,568,135,11245.3047,3604.0820,7254.2305,0,14857.8203,9.8453,3.2924,7.3808,9.8453,3.2935,2.8764,33.3333,6.0307,23.7401,0.000300,0.022500,0.000600,0.000600,0.001900,0.008700,0.000600,0.075600,0,0.020400,0.026600,0.038000,0.3605,0.1872,0.020500,0.006100,0.062400,0,0.046400,0.008500,0.1929,0,0.032500,0.1420,0.016500,0.089000,0.4261,0.7320,0.3094,0.055200,3.3247,0.095200,0.035800,0.039400,0.6943,0.086600,0.001900,0.002500,0.074700,0.1975,0.050200,0.000700,0.6096,962,389878,0,0,0,0,0,0,0,0.001300,0.008400,0,0,0,0,0,0,0,0,0,0,0,0,0,0,0,0,0,0,0
,0.026600,0.005300,2,69,0,67,0,0,13,233,27,0,454,3,0,0,12,2,0,0,0,0,0.010200,0.007800,0.3241,0.005100,0.009600,0.000700,0.8679,0.7015,0.052600,0.1253,0.000900,0.038600,0,0,768,256,11229,3565.7148,15494.9102,239.1602,0.001200,2,0.000400,0.008200,0.002200,0.018100,0.1941,0,0,0.061900,0.2718,2.5398,0.065200,0.000200,0.001200,0.000300,0.000300,0.006300,0.006500,0.040100,0.004700,0.034800,0.098100,0.011500,0.006200,1.0087,0.026700,0.008900,0.031900,0.012000,0.017800,0.082900,0.007800,0.070900,0.001900,0.097000,0.008100,0.069300,0.6029,0.005300,2.4095,0.000300,0.1896,0.000500,0.000300,0.028900,0.3122,0.8223,0.024500,0.9294,0.1739,0.001800,0.010400,0.000500,0.035900,0,8.4080,8.7628,13.0955,634,16,0.2500,0,16,3.8438,1,0,0,629,1,0,115,102,13,0,-1,-1,0,-1,-1,13.9904,4.9185,0,1525.2227,1525.2227,1441.5039,95,876,561,321,0,0,0.001300,0,0,0.018700,0.080100,0.000800,0.012400,0.065900,0.038000,0.000900,0.001500,0.000200,0.001300,0.005600,0.001000,0.004000,0.021400,0.1349,0.053300,0.072600,0.1753,0.041300,0.6187,0.014700,0,0.000400,0.001600,0.065200,0.009800,0.001200,0.000400,0.027700,0.006700,0.011800,0.001500,0.1415,0.015000,0.042800,0.2245,0.072300,0.001200,0.034000,0.002300,0.031300,0.031900,0.023500,7.9620,0.058900,0.006800,0.000100,0,10.0779,0,0,0,0,0,0,0,50,0,0,0,0,1,1,9,9,2,1,1,4,1,1,1,1,1,1,7,7,1,1,50,9,6,42,76,794,950,0,0,0,0,0,-100,-100,-100,-100,600,1440,107.7673,0,0,-0.000000,-1,0,0,0,1,0,13.7344,5,50,75.1289,13.7344,0,0,48.9844,0,100,0,0,0,0,0,0,0,0,0,0.4235,0.4235,1,0.4235,0.4235,25.1952,8.9635,20141,90,568,135,11239.4609,3604.0820,7254.2305,0,14849.3867,10.5262,2.4336,8.3266,10.5262,2.4336,2.7713,33.3333,5.4844,23.7992,0.000200,0.023200,0.000500,0.000600,0.001600,0.007100,0.000700,0.072900,0,0.023600,0.027500,0.035900,0.3408,0.1941,0.021500,0.006100,0.061200,0.001000,0.045900,0.007500,0.1973,0.004100,0.032600,0.1356,0.015000,0.088200,0.4316,0.6505,0.3072,0.055200,2.2711,0.094300,0.031700,0.039500,0.6992,0.072600,0.001900,0.002400,0.062500,0.1956,0.050200,0.000600,0.6021,978,400778,0.053800,0,0,0,0,0,0,0,0.007800,0,0,0,0,0,0,0,0,0,0,0,0,0,0,0,0,0,0,0
,0.014000,0.023500,2,64,0,62,0,0,13,233,38,0,454,3,0,0,12,2,0,0,0,0,0.009500,0.002400,0.3293,0.004900,0.010200,0.001400,0.8715,0.1657,0.054700,0.1267,0.001100,0.025900,0.001800,0,768,256,11229,3565.7148,15494.9102,239.1602,0.001600,3,0.000100,0.008600,0.001800,0.018700,0.1837,0,0,0.060200,0.2217,2.7294,0.070400,0.000200,0.001200,0.000300,0.000200,0.007000,0.006400,0.044400,0.005100,0.043900,0.1138,0.011100,0.006100,1.6231,0.030400,0.008900,0.037500,0.011800,0.019000,0.087600,0.009600,0.078200,0.002400,0.091000,0.009500,0.073400,0.6067,0.004800,2.3554,0.000200,0.1963,0.000600,0.000400,0.030900,0.3239,0.6355,0.024400,0.9349,0.1125,0.002100,0.010400,0.000400,0.034700,0,8.1253,8.7628,13.0955,634,16,0.2500,0,16,3.8438,1,0,0,629,1,0,115,102,13,0,-1,-1,0,-1,-1,13.9904,4.9185,0,1525.2227,1525.2227,1525.0977,95,883,561,321,0,0,0.000900,0,0,0.015700,0.078500,0.000600,0.011000,0.071700,0.039300,0.000900,0.001800,0.000200,0.001800,0.007000,0.001000,0.004300,0.022600,0.1241,0.053200,0.075200,0.1623,0.044100,0.5386,0.015700,0,0.000300,0.001300,0.067000,0.008800,0.001300,0.000400,0.028300,0.006400,0.012400,0.001300,0.1424,0.015300,0.043600,0.2032,0.079800,0.001200,0.042400,0.001900,0.032500,0.021500,0.021600,7.5316,0.073600,0.006500,0.000100,0,10.4516,0,0,0,0,0,0,0,50,0,0,0,0,1,1,9,9,2,1,1,4,1,1,1,1,1,1,7,7,1,1,50,9,6,42,76,794,950,0,0,0,0,0,-100,-100,-100,-100,600,1440,107.7673,0,0,-0.000000,-1,0,0,0,1,0,13.7344,5,50,75.1289,13.7344,0,0,48.9844,0,100,0,0,0,0,0,0,0,0,0,0.4229,0.4229,1,0.4229,0.4229,35.1349,8.9635,20141,90,568,135,11234.8789,3604.0820,7254.2305,0,14843.5430,10.0943,2.4008,7.3098,10.0943,2.4008,2.7351,33.3333,5.6294,23.9353,0.000200,0.025200,0.000500,0.000600,0.001700,0.012200,0.000600,0.072700,0,0.021500,0.026200,0.033800,0.3521,0.2109,0.020400,0.006200,0.065600,0,0.043700,0.008400,0.1880,0.005200,0.033400,0.1467,0.046600,0.096600,0.4142,0.7061,0.3109,0.057400,2.1421,0.094200,0.031800,0.039500,0.6761,0.081900,0.001800,0.002600,0.061000,0.1944,0.050100,0.000600,0.6821,941,388778,0,0,0,0,0,0,0,0,0.008800,0,0,0,0,0,0,0,0,0,0,0,0,0,0,0,0,0,0,0
,0.014200,0.029900,2,57,0,55,0,0,13,233,15,0,454,3,0,0,12,2,0,0,0,0,0.009600,0.005900,0.3269,0.005000,0.009300,0.001000,0.8693,0.2000,0.050400,0.1263,0,0.035600,0.004500,1,768,256,11229,3565.7148,15494.9102,239.1602,0.002100,5,0.000100,0.008700,0.002000,0.019700,0.2413,0,0,0.056500,0.2815,2.7211,0.071400,0.000200,0.001300,0.000300,0.000200,0.007100,0.006800,0.047100,0.006200,0.031500,0.1048,0.011000,0.005700,1.2384,0.030900,0.018000,0.039100,0.013400,0.020300,0.1044,0.010100,0.082300,0.002600,0.089500,0.009800,0.066900,0.6548,0.005200,2.4033,0.000400,0.1907,0.000500,0.000300,0.032800,0.3065,0.6248,0.025100,1.0295,0.1514,0.002200,0.010300,0.000600,0.034100,0.1950,9.1122,8.7628,13.0955,634,16,0.2500,0,16,3.8438,1,0,0,629,1,0,115,102,13,0,-1,-1,0,-1,-1,13.9904,4.9185,0,1525.2227,1525.2227,1525.0977,95,870,551,322,0,0,0.001000,0,0,0.016200,0.084200,0.000400,0.013500,0.067900,0.040300,0.000900,0.001800,0.000300,0.001500,0.006500,0.001200,0.004200,0.037200,0.1377,0.061500,0.091400,0.1461,0.043300,0.1924,0.017700,0.040200,0.000200,0.001600,0.065600,0.008600,0.001100,0.000500,0.025400,0.006200,0.012200,0.001000,0.1409,0.014500,0.039700,0.2003,0.068500,0.001100,0.041300,0.002800,0.017300,0.023600,0.030300,8.6230,0.061400,0.007500,0.000100,0,9.9359,0,0,0,0,0,0,0,50,0,0,0,0,1,1,9,9,2,1,1,4,1,1,1,1,1,1,7,7,1,1,50,9,6,42,76,794,950,0,0,0,0,0,-100,-100,-100,-100,600,1440,107.7673,0,0,-0.000000,-1,0,0,0,1,0,13.7344,5,50,75.1289,13.7344,0,0,48.9844,0,100,0,0,0,0,0,0,0,0,0,0.3956,0.3956,1,0.3956,0.3956,45.8663,8.9635,20141,90,568,135,11224.4414,3604.0820,7254.2305,0,14838.9609,10.6458,2.1396,7.2456,10.6458,2.1396,3.0154,33.3333,5.3149,22.0875,0.000200,0.022600,0.000700,0.000600,0.001600,0.008300,0.000500,0.073500,0,0.019500,0.019100,0.025500,0.3523,0.3145,0.018400,0.006100,0.062600,0,0.045800,0.018800,0.2012,0.005100,0.031500,0.1335,0.015200,0.1003,0.4417,0.6990,0.3899,0.057300,2.9999,0.095300,0.033800,0.039300,0.6901,0.063600,0.002000,0.002500,0.062600,0.1975,0.049200,0.000700,0.5907,965,395200,0,0,0,0,0,0,0.003300,0,0.008100,0,0,0,0,0,0,0,0,0,0,0,0,0,0,0,0,0,0,0
,0.027900,0.005900,2,59,0,57,0,0,13,233,27,0,454,3,0,0,12,2,0,0,0,0,0.008900,0.008700,0.3443,0.006300,0.008300,0.001100,0.8931,0.1829,0.052600,0.1301,0.002900,0.023100,0,0,768,256,11229,3565.7148,15494.9102,239.1602,0.001800,3,0.000100,0.010000,0.001800,0.013400,0.1825,0,0,0.057200,0.3180,2.5468,0.067400,0.000300,0.001200,0.000200,0.000400,0.007400,0.007400,0.050200,0.005200,0.033300,0.1445,0.010400,0.006100,1.2495,0.027300,0.008500,0.041000,0.012000,0.019100,0.078400,0.010700,0.071700,0.002000,0.077400,0.008000,0.067500,0.5865,0.004600,2.3681,0.000300,0.1933,0.000500,0.000400,0.029500,0.3880,0.9737,0.025700,0.9592,0.1167,0.001800,0.009900,0.000500,0.036100,0.2797,9.0648,8.7628,13.0955,634,16,0.2500,0,16,3.8438,1,0,0,629,1,0,115,102,13,0,-1,-1,0,-1,-1,13.9904,4.9185,0,1525.2227,1525.2227,1441.5039,95,870,551,322,0,0,0.001000,0,0,0.015200,0.084700,0.000600,0.011700,0.071200,0.040100,0.000800,0.001500,0.000300,0.001600,0.006300,0.000800,0.004100,0.023500,0.1334,0.055600,0.085200,0.1533,0.044400,0.1686,0.036400,0.1718,0.000300,0.005300,0.065500,0.009600,0.001400,0.000600,0.026800,0.006700,0.013200,0.001100,0.1505,0.016800,0.043600,0.2214,0.071400,0.001300,0.043400,0.002700,0.035000,0.024000,0.018600,8.4432,0.058200,0.006900,0,0,10.6875,0,0,0,0,0,0,0,50,0,0,0,0,1,1,9,9,2,1,1,4,1,1,1,1,1,1,7,7,1,1,50,9,6,42,76,794,950,0,0,0,0,0,-100,-100,-100,-100,600,1440,107.7673,0,0,-0.000000,-1,0,0,0,1,0,13.7344,5,50,75.1289,13.7344,0,0,48.9844,0,100,0,0,0,0,0,0,0,0,0,0.5132,0.5132,1,0.5132,0.5132,56.5244,8.9635,20141,90,568,135,11221.4727,3604.0820,7254.2305,0,14828.5234,10.6854,2.1673,8.1587,10.6854,2.1673,3.1182,33.3333,5.5938,21.6602,0.000200,0.022100,0.000600,0.000600,0.001700,0.007000,0.000700,0.072800,0,0.021500,0.030800,0.037900,0.3402,0.1989,0.019400,0.006200,0.066200,0,0.046100,0.013400,0.1899,0,0.032900,0.1364,0.015800,0.090500,0.4286,0.6850,0.3494,0.057400,2.4891,0.095200,0.034800,0.039400,0.6881,0.1009,0.002000,0.002500,0.063200,0.1986,0.050200,0.000500,0.5962,1002,402552,0,0,0,0,0,0,0,0,0.008400,0,0,0,0,0,0,0,0,0,0,0,0,0,0,0,0,0,0,0
,0.015300,0.010800,2,80,0,78,0,0,14,233,44,0,454,3,0,0,13,2,0,0,0,0,0,0.005600,0.3368,0.007500,0.009600,0.001000,0.8510,0.2062,0.049800,0.1209,0.000900,0.031200,0.002100,0,768,256,11229,3565.7148,15494.9102,239.1602,0,3,0.000200,0.007800,0.001900,0.013600,0.1913,0,0,0.062900,0.2314,2.5311,0.075200,0.000300,0.000900,0.000200,0.000500,0.006400,0.007700,0.063900,0.005600,0.034300,0.1584,0.012200,0.007200,1.6782,0.032500,0.010200,0.038700,0.012100,0.018700,0.080500,0.009400,0.069500,0.002300,0.079000,0.008600,0.067700,0.5964,0.004800,2.3521,0.000200,0.1935,0.000500,0.000400,0.030000,0.3479,1.2283,0.026800,0.9557,0.1270,0.001900,0.024300,0.001400,0.039300,0.1407,9.2423,8.7628,13.0955,634,16,0.2500,0,16,3.8438,1,0,0,629,1,0,115,102,13,0,-1,-1,0,-1,-1,13.9904,4.9185,0,1525.2227,1525.2227,1525.0977,95,870,551,322,0,0,0.001100,0,0,0.015500,0.079500,0.000700,0.012400,0.068600,0.038700,0.001000,0.001900,0.000300,0.002300,0.007500,0.001100,0.003900,0.021500,0.1493,0.058600,0.078900,0.1529,0.053700,0.1861,0.019700,0.053300,0.000300,0.001500,0.062700,0.008000,0.001300,0.000500,0.024700,0.006200,0.011600,0.001000,0.1493,0.013900,0.039000,0.2017,0.067900,0.001200,0.040700,0.002400,0.031400,0.022500,0.017300,8.7111,0.081900,0.007400,0.000100,0,10.7472,0,0,0,0,0,0,0,50,0,0,0,0,1,1,9,9,2,1,1,4,1,1,1,1,1,1,7,7,1,1,50,9,6,42,76,794,950,0,0,0,0,0,-100,-100,-100,-100,600,1440,107.7673,0,0,-0.000000,-1,0,0,0,1,0,13.7344,5,50,75.1289,13.7344,0,0,48.9844,0,100,0,0,0,0,0,0,0,0,0,0.4276,0.4276,1,0.4276,0.4276,4.5121,8.9635,20141,90,568,135,11213.8750,3604.0820,7254.2305,0,14825.5547,10.8687,2.1835,7.3018,10.8687,2.1853,3.0787,33.3333,5.6489,22.0922,0.000700,0.022000,0.000700,0.000500,0.001700,0.007300,0.000600,0.072800,0,0.017400,0.027000,0.041700,1.2637,0.3161,0.022600,0.005100,0.066800,0,0.045800,0.012200,0.2275,0,0.037800,0.2009,0.027200,0.1074,0.4208,0.6846,0.3801,0.055200,2.0683,0.092100,0.031800,0.039700,0.6908,0.1023,0.001900,0.002400,0.060000,0.1966,0.050200,0.000600,0.6354,925,385200,0,2364,1331,0,1.1313,0,0,0.002000,0.008400,0,0,0,0,0,0,0,0,0,0,0,0,0,0,0,0,0,0,0
,0.012900,0.010300,2,57,0,55,0,0,13,233,16,0,454,3,0,0,12,2,0,0,0,0,0.022100,0,0.3573,0.006000,0.008000,0.001100,0.8549,0.1884,0.055200,0.1689,0.001200,0.034800,0,0,768,256,11229,3565.7148,15494.9102,239.1602,0.003700,3,0.000400,0.008300,0.002400,0.014000,0.1948,0,0,0.069200,0.2848,2.6896,0.071300,0.000200,0.001200,0.000200,0.000200,0.007300,0.007400,0.047000,0.005800,0.035000,0.1470,0.012300,0.006500,1.1630,0.030700,0.008700,0.030600,0.012300,0.020100,0.078900,0.009700,0.075000,0.002300,0.076800,0.008500,0.087100,0.6015,0.004700,2.3733,0.000400,0.1945,0.000600,0.000400,0.031900,0.3126,0.9158,0.026900,0.9445,0.1119,0.002300,0.009500,0.000500,0.037900,0,9.6839,8.7628,13.0955,634,16,0.2500,0,16,3.8438,1,0,0,629,1,0,115,102,13,0,-1,-1,0,-1,-1,13.9904,4.9185,0,1525.2227,1525.2227,1441.5039,95,873,561,322,0,0,0.001000,0,0,0.016200,0.085400,0.000700,0.012700,0.075100,0.054300,0.000900,0.001900,0.000400,0.001700,0.007100,0.001000,0.003900,0.024800,0.1535,0.062400,0.088800,0.1640,0.040200,0.1848,0.027800,0.096800,0.000100,0.002100,0.066100,0.009500,0.001400,0.000600,0.026000,0.006900,0.012300,0.001500,0.1547,0.014500,0.044600,0.2064,0.069400,0.001200,0.044100,0.003300,0.018900,0.025900,0.018700,9.1261,0.064100,0.006200,0.000100,0,10.7611,0,0,0,0,0,0,0,50,0,0,0,0,1,1,9,9,2,1,1,4,1,1,1,1,1,1,7,7,1,1,50,9,6,42,76,794,950,0,0,0,0,0,-100,-100,-100,-100,600,1440,107.7673,0,0,-0.000000,-1,0,0,0,1,0,13.7344,5,50,75.1289,13.7344,0,0,48.9844,0,100,0,0,0,0,0,0,0,0,0,0.4665,0.4665,1,0.4665,0.4665,15.8009,8.9635,20141,90,568,135,11207.4766,3604.0820,7254.2305,0,14817.9570,11.3514,2.1593,8.1034,11.3514,2.1610,3.0739,33.3333,5.5546,21.5032,0.000600,0.021500,0.000600,0.000800,0.001700,0.008100,0.000900,0.073100,0,0.019500,0.028200,0.041300,0.3479,0.1902,0.020400,0.006200,0.067800,0,0.045300,0.011900,0.2098,0,0.032200,0.1377,0.015800,0.089300,0.8631,0.7870,0.2996,0.057200,2.3707,0.095200,0.031700,0.040800,0.6978,0.4890,0.002600,0.004500,0.062400,0.1976,0.049100,0.000600,0.5942,942,389214,0,0,0,0,0,0,0,0.002100,0.008600,0,0,0,0,0,0,0,0,0,0,0,0,0,0,0,0,0,0,0
,0.015700,0.009500,2,60,0,58,0,0,13,233,27,0,454,3,0,0,12,2,0,0,0,0,0.018000,0.002400,0.3299,0.005800,0.008100,0.001200,0.8746,0.2342,0.051700,0.1278,0.001000,0.028000,0,0,768,256,11229,3565.7148,15494.9102,239.1602,0.001700,6,0.000300,0.035300,0.002600,0.014100,0.1839,0,0,0.067400,0.2184,2.3733,0.059700,0.000300,0.001200,0.000300,0.000200,0.007800,0.008000,0.044000,0.004900,0.031600,0.1404,0.010900,0.005700,0.5319,0.026900,0.009200,0.028000,0.011500,0.018700,0.079100,0.010200,0.067700,0.002600,0.075000,0.008300,0.085400,0.6459,0.005600,2.3864,0.000400,0.2022,0.000800,0.000400,0.039000,0.3151,0.6148,0.024500,0.9118,0.1550,0.002100,0.010100,0.000500,0.034400,0.013700,8.9630,8.7628,13.0955,634,16,0.2500,0,16,3.8438,1,0,0,629,1,0,115,102,13,0,-1,-1,0,-1,-1,13.9904,4.9185,0,1525.2227,1525.2227,1525.0977,95,844,535,318,0,0,0.001000,0,0,0.016000,0.086100,0.000300,0.025300,0.077500,0.043300,0.000900,0.001800,0.000200,0.002000,0.006600,0.000900,0.004700,0.024800,0.1755,0.061100,0.085000,0.1631,0.044500,0.2128,0.035700,0.059100,0.000300,0.001700,0.068500,0.010000,0.001100,0.000500,0.028600,0.007100,0.014000,0.001200,0.1464,0.014900,0.041500,0.2107,0.069400,0.001300,0.022700,0.003000,0.033700,0.023300,0.018800,8.7061,0.059000,0.008100,0.000200,0,11.2104,0,0,0,0,0,0,0,50,0,0,0,0,1,1,9,9,2,1,1,4,1,1,1,1,1,1,7,7,1,1,50,9,6,42,76,794,950,0,0,0,0,0,-100,-100,-100,-100,600,1440,107.7673,0,0,-0.000000,-1,0,0,0,1,0,13.7344,5,50,75.1289,13.7344,0,0,48.9844,0,100,0,0,0,0,0,0,0,0,0,0.4889,0.4889,1,0.4889,0.4889,26.5999,8.9635,20141,90,568,135,11203.4570,3604.0820,7254.2305,0,14811.5586,10.4932,2.1202,7.8645,10.4932,2.1213,3.1440,33.3333,5.6382,22.0541,0.000200,0.022100,0.000600,0.000600,0.001700,0.008300,0.000600,0.076100,0,0.034800,0.020300,0.031200,0.3539,0.1944,0.020500,0.005100,0.061800,0,0.045700,0.010800,0.1903,0.006200,0.031400,0.1444,0.016600,0.088200,0.4284,0.6826,0.2906,0.057300,2.0684,0.093100,0.030800,0.040400,0.6906,0.098500,0.002000,0.002400,0.061800,0.1997,0.050200,0.000600,0.6044,949,391852,0,0,0,0,0,0,0,0.001300,0.007700,0,0,0,0,0,0,0,0,0,0,0,0,0,0,0,0,0,0,0
,0.012400,0.015200,2,63,0,61,0,0,13,233,27,0,454,3,0,0,12,2,0,0,0,0,0,0,0.3320,0.006000,0.008800,0.001000,0.8731,0.1746,0.053200,0.1325,0,0.035900,0,1,768,256,11229,3565.7148,15494.9102,239.1602,0,0,0.000200,0.007400,0.001700,0.013500,0.1908,0,0,0.056000,0.2495,2.3976,0.060800,0.000300,0.001200,0.000200,0.000200,0.007200,0.007400,0.041900,0.006000,0.031900,0.1092,0.011600,0.005600,0.8136,0.025800,0.007700,0.037700,0.012600,0.019600,0.088900,0.010100,0.083600,0.002400,0.086600,0.008300,0.070800,0.6394,0.006000,2.3592,0.000600,0.1924,0.000500,0.000300,0.030900,0.3193,0.5806,0.023700,0.8667,0.1203,0.002000,0.010000,0.000400,0.033300,0.2089,6.5823,8.7628,13.0955,634,16,0.2500,0,16,3.8438,1,0,0,629,1,0,115,102,13,0,-1,-1,0,-1,-1,13.9904,4.9185,0,1525.2227,1525.2227,1525.0977,95,844,535,318,0,0,0.001100,0,0,0.013900,0.080000,0.000600,0.012000,0.068600,0.037200,0.001100,0.001500,0.000100,0.001400,0.006100,0.000900,0.003800,0.019800,0.1226,0.052700,0.071400,0.1694,0.044900,1.0296,0.015900,0,0.000500,0.001700,0.064000,0.010100,0.001400,0.000600,0.025900,0.006000,0.012700,0.001200,0.1398,0.014700,0.040500,0.2070,0.071100,0.001500,0.041700,0.002500,0.032800,0.021400,0.023100,6.0619,0.056400,0.007000,0.000100,0,11.0090,0,0,0,0,0,0,0,50,0,0,0,0,1,1,9,9,2,1,1,4,1,1,1,1,1,1,7,7,1,1,50,9,6,42,76,794,950,0,0,0,0,0,-100,-100,-100,-100,600,1440,107.7673,0,0,-0.000000,-1,0,0,0,1,0,13.7344,5,50,75.1289,13.7344,0,0,48.9844,0,100,0,0,0,0,0,0,0,0,0,0.4521,0.4521,1,0.4521,0.4521,35.5750,8.9635,20141,90,568,135,11195.2188,3604.0820,7254.2305,0,14807.5391,9.2597,2.9014,7.3336,9.2597,2.9014,2.9624,33.3333,6.1318,23.4986,0.000200,0.021000,0.000500,0.000600,0.001800,0.007500,0.000600,0.073000,0.001000,0.018400,0.028900,0.039600,0.3464,0.2055,0.018400,0.006200,0.062800,0,0.046100,0.016600,0.061700,0.005100,0.032200,0.1248,0.015700,0.1013,0.4319,1.5396,0.2831,0.057200,2.4084,0.095300,0.031700,0.040000,0.6947,0.096300,0.002000,0.002400,0.062600,0.1999,0.049100,0.000600,0.5934,965,394354,0.062600,0,0,0,0,0,0.002100,0,0.009700,0,0,0,0,0,0,0,0,0,0,0,0,0,0,0,0,0,0,0
,0.017600,0.007600,0,0,0,0,0,0,0,0,0,0,0,0,0,0,0,0,0,0,0,0,0.016700,0.005800,0.3453,0.005900,0.009400,0.001100,0.8566,0.1976,0.055800,0.1275,0.002600,0.040700,0,0,768,256,11229,3565.7148,15494.9102,239.1602,0.003600,2,0.000100,0.009400,0.001800,0.013000,0.1743,0,0,0.062600,0.2508,2.3700,0.068900,0.000300,0.001300,0.000300,0.000200,0.008500,0.007900,0.041700,0.006200,0.035100,0.1293,0.011600,0.005800,1.4320,0.029100,0.010000,0.033200,0.011400,0.018900,0.082400,0.008200,0.073400,0.002200,0.081600,0.008400,0.068800,0.5994,0.004700,2.3337,0.000800,0.1804,0.000600,0.000300,0.031200,0.3873,0.7272,0.028100,0.9395,0.1481,0.002200,0.011100,0.000600,0.039100,0.1237,8.1028,8.7628,13.0955,634,16,0.2500,0,16,3.8438,1,0,0,629,1,0,115,102,13,0,-1,-1,0,-1,-1,13.9904,4.9185,0,1525.2227,1525.2227,1525.0977,95,845,535,318,0,0,0.000800,0,0,0.013500,0.083300,0.000600,0.012600,0.070200,0.036800,0.000900,0.001800,0.000600,0.001600,0.006600,0.001100,0.003700,0.023100,0.1767,0.057100,0.077100,0.1490,0.044700,0.1799,0.023400,0.1220,0.000200,0.001700,0.061000,0.008300,0.001200,0.000400,0.024300,0.006300,0.011300,0.001000,0.1346,0.013000,0.038400,0.1977,0.069200,0.001200,0.047300,0.002300,0.017900,0.023200,0.019300,7.6375,0.062200,0.006300,0.000100,0,8.7881,0,0,0,0,0,0,0,50,0,0,0,0,1,1,9,9,2,1,1,4,1,1,1,1,1,1,7,7,1,1,50,9,6,42,76,794,950,0,0,0,0,0,-100,-100,-100,-100,600,1440,107.7673,0,0,-0.000000,-1,0,0,0,1,0,13.7344,5,50,75.1289,13.7344,0,0,48.9844,0,100,0,0,0,0,0,0,0,0,0,0.5041,0.5041,1,0.5041,0.5041,45.2445,8.9635,20141,90,568,135,11190.9648,3604.0820,7254.2305,0,14799.3008,9.5910,2.0460,7.3336,9.5910,2.0460,2.7454,33.3333,6.5305,22.9470,0.000200,0.021300,0.000600,0.000900,0.001800,0.007000,0.000700,0.073800,0.001000,0.020400,0.020200,0.029600,0.3635,0.2003,0.020500,0.005100,0.066500,0.001000,0.048800,0.014500,0.066700,0.006200,0.031700,0.1345,0.016600,0.088400,0.4246,0.7195,0.3266,0.055200,2.4742,0.095200,0.031800,0.039300,0.6922,0.086100,0.002100,0.002400,0.060400,0.1977,0.050200,0.000700,0.6144,911,383834,0,0,0,0,0,0,0,0,0.007900,0,0,0,0,0,0,0,0,0,0,0,0,0,0,0,0,0,0,0
,0.017400,0.007100,4,130,0,126,0,0,27,466,41,0,908,6,0,0,25,4,0,0,0,0,0,0.006300,0.4162,0.006900,0.010000,0.000900,0.9322,0.1899,0.061200,0.1445,0.000700,0.035600,0.002900,0,768,256,11229,3565.7148,15494.9102,239.1602,0.001300,4,0.000100,0.009500,0.002500,0.015300,0.1890,0,0,0.064500,0.2634,2.9716,0.069200,0.000300,0.001400,0.000300,0.000300,0.006600,0.008300,0.049600,0.005700,0.036000,0.1386,0.011500,0.007300,1.2911,0.027400,0.009000,0.041900,0.011700,0.020300,0.083300,0.017400,0.088800,0.002400,0.086600,0.008300,0.070200,0.6385,0.005100,2.4760,0.000300,0.1940,0.000700,0.000300,0.031900,0.2987,0.8275,0.025200,0.8655,0.6649,0.002300,0.012700,0.000400,0.036000,0.3163,8.7764,8.7628,13.0955,634,16,0.2500,0,16,3.8438,1,0,0,629,1,0,115,102,13,0,-1,-1,0,-1,-1,13.9904,4.9185,0,1525.2227,1525.2227,1525.0977,95,880,535,318,0,0,0.001100,0,0,0.015400,0.082800,0.000500,0.011900,0.072900,0.040700,0.000600,0.001800,0.000200,0.001500,0.006400,0.000900,0.003800,0.022000,0.1640,0.056700,0.090500,0.1508,0.040200,0.1806,0.024200,0.1199,0.000300,0.001700,0.068900,0.009500,0.001300,0.000600,0.027200,0.007000,0.012100,0.001400,0.1489,0.016900,0.042200,0.2075,0.070400,0.001300,0.038500,0.002400,0.033600,0.023100,0.017400,8.1766,0.061800,0.006800,0.000100,0,9.6941,0,0,0,0,0,0,0,50,0,0,0,0,1,1,9,9,2,1,1,4,1,1,1,1,1,1,7,7,1,1,50,9,6,42,76,794,950,0,0,0,0,0,-100,-100,-100,-100,600,1440,107.7673,0,0,-0.000000,-1,0,0,0,1,0,13.7344,5,50,75.1289,13.7344,0,0,48.9844,0,100,0,0,0,0,0,0,0,0,0,0.4691,0.4691,1,0.4691,0.4691,55.5165,8.9635,20141,90,568,135,11189.4883,3604.0820,7254.2305,0,14795.0469,10.3867,2.0753,7.2235,10.3867,2.0753,2.8904,33.3333,6.1502,23.0010,0.000200,0.021900,0.000700,0.000600,0.001700,0.006900,0.000700,0.074000,0,0.017400,0.022100,0.026100,0.3473,0.1905,0.019500,0.007100,0.063500,0,0.046100,0.014100,0.061300,0.005200,0.032500,0.1344,0.016000,0.091500,0.4282,0.7206,0.3322,0.056400,2.4626,0.095200,0.030800,0.039700,0.6919,0.085600,0.001900,0.002600,0.060500,0.1998,0.050100,0.000600,0.7382,993,401694,0,0,0,0,0,0,0.011700,0,0.007400,0,0,0,0,0,0,0,0,0,0,0,0,0,0,0,0,0,0,0
,0.019500,0.007900,2,79,0,77,0,0,14,233,46,0,454,3,0,0,13,2,0,0,0,0,0.016800,0.017200,0.3451,0.005200,0.009100,0.000900,0.8934,0.2060,0.056800,0.1353,0.001900,0.037200,0.001400,1,768,256,11229,3565.7148,15494.9102,239.1602,0.001600,5,0.000300,0.009000,0.002400,0.014400,0.2131,0,0,0.063600,0.2790,2.9151,0.085600,0.000200,0.001200,0.000300,0.000200,0.007200,0.006800,0.041700,0.005100,0.033300,0.1063,0.011600,0.005900,1.5872,0.027700,0.009000,0.033900,0.011700,0.019100,0.098700,0.009000,0.077300,0.002200,0.082600,0.008900,0.069600,0.6291,0.005600,2.3792,0.000200,0.1978,0.000600,0.000400,0.030400,0.3199,0.8146,0.026400,1.0130,0.1395,0.001900,0.009500,0.000700,0.034900,0,9.9824,8.7628,13.0955,634,16,0.2500,0,16,3.8438,1,0,0,629,1,0,115,102,13,0,-1,-1,0,-1,-1,13.9904,4.9185,0,1525.2227,1525.2227,1525.0977,95,879,535,317,0,0,0.000900,0,0,0.016000,0.084500,0.000500,0.012400,0.076800,0.056900,0.001100,0.001700,0.000300,0.001600,0.006700,0.001300,0.004500,0.023800,0.1563,0.060700,0.083000,0.1715,0.040500,0.2134,0.018500,0.016900,0.000100,0.002000,0.067300,0.008100,0.001500,0.000600,0.026100,0.006000,0.012300,0.001100,0.1453,0.017500,0.042500,0.2055,0.069300,0.001200,0.039400,0.003100,0.031800,0.023200,0.017900,9.4151,0.056300,0.005600,0.000100,0,10.3219,0,0,0,0,0,0,0,50,0,0,0,0,1,1,9,9,2,1,1,4,1,1,1,1,1,1,7,7,1,1,50,9,6,42,76,794,950,0,0,0,0,0,-100,-100,-100,-100,600,1440,107.7673,0,0,-0.000000,-1,0,0,0,1,0,13.7344,5,50,75.1289,13.7344,0,0,48.9844,0,100,0,0,0,0,0,0,0,0,0,0.4071,0.4071,1,0.4071,0.4071,3.8557,8.9635,20141,90,568,135,11183.7656,3604.0820,7254.2305,0,14793.5703,11.7426,2.3182,7.2395,11.7426,2.3194,2.9939,33.3333,5.8640,23.5913,0.000200,0.022400,0.000500,0.000700,0.001700,0.007400,0.001600,0.072600,0,0.019400,0.027300,0.038900,0.3594,0.1891,0.020600,0.006100,0.064500,0,0.046800,0.013900,0.089200,0.005100,0.032100,0.1316,0.015200,0.090900,0.4261,0.6465,0.3229,0.056300,3.1303,0.096300,0.031700,0.038500,0.6953,0.096800,0.001800,0.002400,0.062500,0.1978,0.050200,0.000700,0.6048,1065,398200,0,2368,1329,0,1.2217,0,0,0.001400,0.009100,0,0,0,0,0,0,0,0,0,0,0,0,0,0,0,0,0,0,0
,0.020900,0.006600,2,69,0,67,0,0,13,233,28,0,454,3,0,0,12,2,0,0,0,0,0,0.004400,0.3556,0.005000,0.009400,0.001000,0.8708,0.1700,0.055000,0.1373,0.001500,0.029100,0,16,768,256,11229,3565.7148,15494.9102,239.1602,0.002400,3,0.000200,0.008100,0.002400,0.015000,0.1908,0,0,0.072900,0.2890,2.9726,0.067000,0.000200,0.001400,0.000300,0.000200,0.006900,0.008300,0.049200,0.006500,0.040100,0.1308,0.010400,0.005600,1.2229,0.027500,0.009000,0.031200,0.012600,0.018800,0.086700,0.020300,0.078500,0.002700,0.1404,0.009400,0.069500,0.6209,0.004600,2.3852,0.000300,0.1932,0.000600,0.000400,0.029200,0.3275,0.8713,0.024000,1.0336,0.4151,0.002200,0.013900,0.000500,0.047000,0.2845,9.5042,8.7628,13.0955,634,16,0.2500,0,16,3.8438,1,0,0,629,1,0,115,102,13,0,-1,-1,0,-1,-1,13.9904,4.9185,0,1525.2227,1525.2227,1441.5039,95,880,535,317,0,0,0.001000,0,0,0.014800,0.084900,0.000500,0.011600,0.072500,0.044000,0.001000,0.001900,0.000300,0.002000,0.007200,0.001300,0.004000,0.024200,0.1490,0.059200,0.083600,0.1656,0.042400,0.1496,0.048400,0.1385,0.000200,0.001400,0.065100,0.008500,0.001300,0.000600,0.028600,0.006400,0.012100,0.001100,0.1425,0.015400,0.040600,0.1962,0.068400,0.001300,0.044100,0.002500,0.017600,0.023600,0.018600,8.8936,0.060000,0.006100,0.000100,0,11.8462,0,0,0,0,0,0,0,50,0,0,0,0,1,1,9,9,2,1,1,4,1,1,1,1,1,1,7,7,1,1,50,9,6,42,76,794,950,0,0,0,0,0,-100,-100,-100,-100,600,1440,107.7673,0,0,-0.000000,-1,0,0,0,1,0,13.7344,5,50,75.1289,13.7344,0,0,48.9844,0,100,0,0,0,0,0,0,0,0,0,0.4725,0.4725,1,0.4725,0.4725,15.0081,8.9635,20141,90,568,135,11175.9844,3604.0820,7254.2305,0,14787.8477,11.1072,2.2637,7.9732,11.1072,2.2648,3.2587,33.3333,5.9533,23.4252,0.000300,0.018300,0.000600,0.000700,0.002000,0.008100,0.000600,0.084100,0.001000,0.017400,0.028900,0.038100,0.3420,0.1917,0.019400,0.007200,0.060100,0,0.047600,0.015600,0.077300,0.005100,0.030300,0.1346,0.016900,0.1032,0.4167,0.6633,0.3139,0.058500,2.3274,0.093200,0.031700,0.039800,0.6861,0.092400,0.002000,0.004700,0.060600,0.2109,0.062400,0.000800,0.5905,1081,402476,0,0,0,0,0,0,0,0.001200,0.008800,0,0,0,0,0,0,0,0,0,0,0,0,0,0,0,0,0,0,0
,0.025500,0.006200,2,64,0,62,0,0,13,233,46,0,454,3,0,0,12,2,0,0,0,0,0.019500,0,0.3690,0.005400,0.009800,0.000900,0.9125,0.1867,0.056300,0.1403,0.003800,0.035800,0.009300,1,768,256,11229,3565.7148,15494.9102,239.1602,0.001400,3,0.000400,0.013500,0.002100,0.021200,0.1804,0,0,0.068100,0.2030,2.9267,0.064700,0.000200,0.001300,0.000200,0.000200,0.006700,0.008100,0.044100,0.004900,0.032000,0.1121,0.010700,0.006200,1.1479,0.027000,0.008000,0.032400,0.011300,0.019200,0.078300,0.012600,0.078200,0.002200,0.1206,0.009800,0.070900,0.6888,0.006000,2.4302,0.000300,0.1914,0.000700,0.000500,0.029900,0.4268,0.7490,0.025500,0.9425,0.1051,0.001800,0.010600,0.000500,0.048800,0,10.0163,8.7628,13.0955,634,16,0.2500,0,16,3.8438,1,0,0,629,1,0,115,102,13,0,-1,-1,0,-1,-1,13.9904,4.9185,0,1525.2227,1525.2227,1525.0977,95,880,535,317,0,0,0.001100,0,0,0.015600,0.081800,0.000600,0.011700,0.068300,0.039500,0.000900,0.001500,0.000500,0.001400,0.006000,0.001100,0.004000,0.022600,0.1845,0.057300,0.076500,0.1573,0.048700,0.2296,0.020200,0,0.000200,0.001900,0.065600,0.008600,0.001100,0.000500,0.026100,0.005800,0.012100,0.001100,0.1421,0.014900,0.039700,0.2103,0.1515,0.001300,0.042100,0.002200,0.033000,0.022800,0.018200,9.3582,0.062900,0.006500,0.000100,0,11.1200,0,0,0,0,0,0,0,50,0,0,0,0,1,1,9,9,2,1,1,4,1,1,1,1,1,1,7,7,1,1,50,9,6,42,76,794,950,0,0,0,0,0,-100,-100,-100,-100,600,1440,107.7673,0,0,-0.000000,-1,0,0,0,1,0,13.7344,5,50,75.1289,13.7344,0,0,48.9844,0,100,0,0,0,0,0,0,0,0,0,0.4464,0.4464,1,0.4464,0.4464,26.6182,8.9635,20141,90,568,135,11172.9219,3604.0820,7254.2305,0,14780.0664,11.6338,2.1506,7.3534,11.6338,2.1516,3.0248,33.3333,6.1436,23.2022,0.000600,0.021800,0.000700,0.000600,0.001600,0.008300,0.000600,0.073200,0,0.020500,0.026600,0.040400,0.3497,0.1980,0.018400,0.005100,0.065200,0,0.044500,0.022200,0.099000,0.005100,0.033900,0.1338,0.016500,0.089400,0.4285,0.6656,0.3372,0.057400,2.5016,0.096300,0.031700,0.039300,0.7061,0.097400,0.002000,0.002700,0.074200,0.2018,0.050200,0.000800,0.6579,1023,391892,0,0,0,0,0,0,0.005100,0.001100,0.007400,0,0,0,0,0,0,0,0,0,0,0,0,0,0,0,0,0,0,0
,0.014400,0.009700,2,57,0,55,0,0,13,233,12,0,454,3,0,0,12,2,0,0,0,0,0.009200,0.014900,0.3367,0.005900,0.008200,0.001300,0.9586,0.1629,0.052800,0.1262,0.001500,0.031800,0.001500,0,768,256,11229,3565.7148,15494.9102,239.1602,0.001400,3,0.000100,0.008400,0.002100,0.020600,0.1827,0,0,0.058400,0.2950,2.9936,0.071300,0.000300,0.001400,0.000200,0.000200,0.008300,0.007500,0.049100,0.005400,0.032500,0.1054,0.010900,0.006000,1.6162,0.027000,0.008700,0.033800,0.011300,0.019500,0.087300,0.010400,0.081200,0.002800,0.1200,0.008800,0.070600,0.6542,0.005900,2.3551,0.000400,0.1922,0.000500,0.000400,0.037000,0.3116,1.1497,0.026000,0.9464,0.1841,0.002100,0.011500,0.000500,0.038300,0.1292,7.8904,8.7628,13.0955,634,16,0.2500,0,16,3.8438,1,0,0,629,1,0,115,102,13,0,-1,-1,0,-1,-1,13.9904,4.9185,0,1525.2227,1525.2227,1441.5039,95,880,535,317,0,0,0.001000,0,0,0.013900,0.081600,0.000700,0.010800,0.073100,0.039200,0.001000,0.001500,0.000100,0.001600,0.006100,0.001100,0.004600,0.023400,0.1558,0.057600,0.078300,0.1605,0.044000,0.1592,0.022600,1.3256,0.000400,0.005700,0.066300,0.008500,0.001200,0.000500,0.027100,0.006200,0.013400,0.001200,0.1417,0.015500,0.041300,0.2068,0.068600,0.001300,0.028600,0.002900,0.033400,0.022300,0.019500,7.3267,0.058100,0.006600,0.000100,0,11.6173,0,0,0,0,0,0,0,50,0,0,0,0,1,1,9,9,2,1,1,4,1,1,1,1,1,1,7,7,1,1,50,9,6,42,76,794,950,0,0,0,0,0,-100,-100,-100,-100,600,1440,107.7673,0,0,-0.000000,-1,0,0,0,1,0,13.7344,5,50,75.1289,13.7344,0,0,48.9844,0,100,0,0,0,0,0,0,0,0,0,1.6606,1.6606,1,1.6606,1.6606,37.3491,8.9635,20141,90,568,135,11169.9297,3604.0820,7254.2305,0,14777.0039,10.7262,3.4985,7.3260,10.7262,3.4985,2.9703,33.3333,5.7457,23.9118,0.000300,0.021300,0.000700,0.000600,0.001600,0.008600,0.001700,0.072500,0,0.019500,0.025300,0.038100,0.3631,0.1943,0.019400,0.006200,0.066400,0,0.043600,0.024800,0.085900,0.005100,0.032500,0.1356,0.015700,0.088700,0.4249,0.6949,0.3403,0.057200,3.4213,0.096300,0.030700,0.039700,0.6919,0.086200,0.001900,0.002500,0.065000,0.1955,0.049100,0.000600,0.5967,1046,398244,0,0,0,0,0,0,0.010300,0,0.007500,0,0,0,0,0,0,0,0,0,0,0,0,0,0,0,0,0,0,0
,0.045100,0.006800,2,60,0,58,0,0,13,233,29,0,454,3,0,0,12,2,0,0,0,0,0,0.014000,0.3369,0.006400,0.010000,0.001300,0.9201,0.2269,0.2795,0.1394,0.001100,0.026900,0,0,768,256,11229,3565.7148,15494.9102,239.1602,0.002500,4,0.000200,0.007300,0.001900,0.020700,0.1853,0,0,0.072300,0.2269,3.1935,0.063200,0.000300,0.001400,0.000200,0.000300,0.006900,0.009700,0.040600,0.005100,0.032700,0.5614,0.011600,0.005800,0.5045,0.026200,0.008800,0.028400,0.012500,0.019900,0.085300,0.009400,0.072800,0.001900,0.1010,0.009400,0.071200,0.6005,0.004900,2.3688,0.000500,0.1894,0.000700,0.000200,0.030000,0.3025,1.1667,0.023800,1.2891,0.1021,0.002100,0.010600,0.000600,0.035900,0.1000,10.1385,8.7628,13.0955,634,16,0.2500,0,16,3.8438,1,0,0,629,1,0,115,102,13,0,-1,-1,0,-1,-1,13.9904,4.9185,0,1525.2227,1525.2227,1525.0977,95,909,561,321,0,0,0.001000,0,0,0.014600,0.077900,0.000500,0.011500,0.069700,0.039300,0.000800,0.001600,0.000300,0.001600,0.005800,0.001000,0.003700,0.021500,0.1646,0.055500,0.084800,0.1524,0.045300,0.2245,0.019400,0.050100,0.000200,0.001300,0.063700,0.008200,0.001300,0.000400,0.024900,0.006200,0.012600,0.001000,0.1471,0.015300,0.044700,0.1885,0.068300,0.001000,0.030900,0.002500,0.016600,0.022400,0.016800,9.6244,0.057000,0.006600,0.000200,0,10.7031,0,0,0,0,0,0,0,50,0,0,0,0,1,1,9,9,2,1,1,4,1,1,1,1,1,1,7,7,1,1,50,9,6,42,76,794,950,0,0,0,0,0,-100,-100,-100,-100,600,1440,107.7673,0,0,-0.000000,-1,0,0,0,1,0,13.7344,5,50,75.1289,13.7344,0,0,48.9844,0,100,0,0,0,0,0,0,0,0,0,0.4597,0.4597,1,0.4597,0.4597,49.1122,8.9635,20141,90,568,135,11163.1523,3604.2070,7254.3555,0,14774.1367,11.7286,2.1599,8.2022,11.7286,2.1599,2.8966,33.3333,6.0611,22.9856,0.000200,0.033100,0.000600,0.000600,0.001700,0.007400,0.002700,0.076300,0,0.019500,0.020900,0.038800,0.3468,0.1860,0.018400,0.005100,0.061600,0,0.045500,0.019300,0.088200,0.005100,0.032500,0.1345,0.015900,0.088500,0.4250,0.7185,0.3721,0.055400,2.4522,0.095200,0.031800,0.038000,0.6889,0.084200,0.002100,0.002600,0.064600,0.1966,0.050200,0.000600,0.7021,1050,400178,0.1894,0,0,0,0,0,0,0,0.008800,0,0,0,0,0,0,0,0,0,0,0,0,0,0,0,0,0,0,0
,0.018000,0.008900,2,63,0,61,0,0,13,233,27,0,454,3,0,0,12,2,0,0,0,0,0.017000,0.006400,0.3347,0.005000,0.008400,0.001200,0.9266,0.1675,0.051600,0.1372,0,0.029100,0.001200,1,768,256,11229,3565.7148,15494.9102,239.1602,0.001300,5,0.000100,0.009600,0.002600,0.019300,0.1755,0,0,0.056000,0.2497,2.7522,0.1255,0.000300,0.001000,0.000300,0.000300,0.007600,0.007900,0.051400,0.005700,0.032600,0.1356,0.012300,0.006600,1.2334,0.026400,0.009800,0.033400,0.012200,0.020300,0.1039,0.015200,0.081100,0.002600,0.1044,0.008000,0.073600,0.5831,0.004800,2.3472,0.000300,0.1917,0.000700,0.000300,0.029300,0.3066,0.5930,0.023700,0.8917,0.1960,0.001900,0.010600,0.000500,0.034700,0.1538,9.7053,8.7628,13.0955,634,16,0.2500,0,16,3.8438,1,0,0,629,1,0,115,102,13,0,-1,-1,0,-1,-1,13.9904,4.9185,0,1525.2227,1525.2227,1525.0977,95,874,561,321,0,0,0.001000,0,0,0.014800,0.087900,0.000600,0.012300,0.069000,0.041400,0.000900,0.001800,0.000300,0.001400,0.006400,0.001100,0.004400,0.023000,0.1688,0.057300,0.079800,0.1554,0.036400,0.1594,0.023600,0.1586,0.000100,0.001700,0.065700,0.008600,0.001600,0.000900,0.026800,0.006800,0.012000,0.001100,0.1356,0.014500,0.038800,0.2265,0.071000,0.001100,0.045000,0.002300,0.033900,0.023900,0.018500,9.0881,0.059300,0.006000,0.000200,0,11.7547,0,0,0,0,0,0,0,50,0,0,0,0,1,1,9,9,2,1,1,4,1,1,1,1,1,1,7,7,1,1,50,9,6,42,76,794,950,0,0,0,0,0,-100,-100,-100,-100,600,1440,107.7673,0,0,-0.000000,-1,0,0,0,1,0,13.7344,5,50,75.1289,13.7344,0,0,48.9844,0,100,0,0,0,0,0,0,0,0,0,0.4681,0.4681,1,0.4681,0.4681,60.4349,8.9635,20141,90,568,135,11157.0352,3604.2070,7254.3555,0,14767.3594,11.3725,2.1900,7.3024,11.3725,2.1917,3.2915,33.3333,5.6927,23.6263,0.000200,0.018400,0.000500,0.000800,0.001600,0.008300,0.001600,0.071200,0,0.020400,0.028400,0.038200,0.3601,0.1875,0.019400,0.006200,0.066500,0,0.046500,0.008600,0.1914,0.005100,0.032100,0.1354,0.015200,0.1102,0.4228,0.7307,0.3817,0.055400,2.0755,0.094200,0.031700,0.038800,0.6914,0.084100,0.003900,0.004500,0.060700,0.1965,0.050200,0.000600,0.6197,1071,400414,0,0,0,0,0,0,0,0.001900,0.009100,0,0,0,0,0,0,0,0,0,0,0,0,0,0,0,0,0,0,0
,0.016000,0.083600,2,73,0,71,0,0,14,233,25,0,454,3,0,0,13,2,0,0,0,0,0.012100,0.010600,0.3429,0.006800,0.008900,0.001100,0.8703,0.2134,0.052500,0.1270,0.002000,0.036100,0,1,768,256,11229,3565.7148,15494.9102,239.1602,0.001700,4,0.000100,0.008500,0.001600,0.018400,0.1951,0,0,0.060900,0.2696,2.6007,0.068800,0.000200,0.001300,0.000200,0.000200,0.006300,0.006500,0.046000,0.005300,0.030900,0.1367,0.012100,0.006000,1.2803,0.026800,0.007900,0.033900,0.011900,0.032200,0.091100,0.009000,0.091500,0.002200,0.1074,0.008400,0.066000,0.6576,0.005300,2.4733,0.000200,0.1938,0.000500,0.000400,0.032200,0.3001,0.7061,0.025000,0.9373,0.1737,0.001800,0.010300,0.000400,0.037100,0.1565,9.0100,8.7628,13.0955,634,16,0.2500,0,16,3.8438,1,0,0,629,1,0,115,102,13,0,-1,-1,0,-1,-1,13.9904,4.9185,0,1525.2227,1525.2227,1525.0977,95,871,551,321,0,0,0.002100,0,0,0.013700,0.077700,0.000600,0.014700,0.066400,0.040500,0.000800,0.001600,0.000300,0.001500,0.006300,0.001200,0.003900,0.021600,0.1430,0.055500,0.093500,0.1438,0.044900,0.2321,0.019600,0,0.000200,0.001500,0.062000,0.007900,0.001800,0.000500,0.025100,0.006400,0.011500,0.001100,0.1383,0.024000,0.041300,0.2060,0.070100,0.001200,0.040300,0.002200,0.033300,0.022200,0.017300,8.4209,0.061200,0.007200,0.000100,0,11.3320,0,0,0,0,0,0,0,50,0,0,0,0,1,1,9,9,2,1,1,4,1,1,1,1,1,1,7,7,1,1,50,9,6,42,76,794,950,0,0,0,0,0,-100,-100,-100,-100,600,1440,107.7673,0,0,-0.000000,-1,0,0,0,1,0,13.7344,5,50,75.1289,13.7344,0,0,48.9844,0,100,0,0,0,0,0,0,0,0,0,0.4135,0.4135,1,0.4135,0.4135,7.6894,8.9635,20141,90,568,135,11155.3672,3604.2070,7254.3555,0,14761.2422,10.4953,2.0986,7.4366,10.4953,2.0986,2.9663,33.3333,6.5082,23.0495,0.000300,0.021000,0.000600,0.000500,0.001700,0.010700,0.000600,0.075200,0,0.018500,0.020100,0.033900,0.3475,0.1977,0.019500,0.005100,0.062300,0,0.045900,0.007600,0.2017,0.005100,0.032000,0.1415,0.016800,0.092300,0.4440,0.7793,0.3717,0.055400,3.1198,0.095300,0.036800,0.039300,0.6942,0.082500,0.002000,0.002500,0.060800,0.1996,0.050200,0.000500,0.6038,943,389804,0,2357,1325,0,1.6064,0,0,0,0.008400,0,0,0,0,0,0,0,0,0,0,0,0,0,0,0,0,0,0,0
,0.095300,0.006200,2,60,0,58,0,0,13,233,23,0,454,3,0,0,12,2,0,0,0,0,0.031500,0,0.3380,0.005500,0.009100,0.001000,0.8638,0.1795,0.054400,0.1272,0.001000,0.029000,0.002900,0,768,256,11229,3565.7148,15494.9102,239.1602,0.002000,3,0.000300,0.008700,0.002100,0.019600,0.1923,0,0,0.060000,0.3474,2.5884,0.068800,0.000200,0.001300,0.000200,0.000300,0.007000,0.011700,0.046200,0.005600,0.031500,0.1972,0.010400,0.006300,1.4335,0.028400,0.009600,0.037100,0.011800,0.018700,0.094400,0.011900,0.065200,0.002200,0.084800,0.010100,0.069900,0.5909,0.005100,2.3311,0.000300,0.1831,0.000900,0.000300,0.030300,0.3073,0.6863,0.025600,0.9052,0.4401,0.002200,0.012200,0.000500,0.051700,0,9.0249,8.7628,13.0955,634,16,0.2500,0,16,3.8438,1,0,0,629,1,0,115,102,13,0,-1,-1,0,-1,-1,13.9904,4.9185,0,1525.2227,1525.2227,1441.5039,95,876,551,321,0,0,0.001100,0,0,0.014400,0.081900,0.000400,0.012700,0.070200,0.043000,0.000900,0.001700,0.000300,0.001500,0.006400,0.001200,0.003800,0.023300,0.1578,0.063400,0.091300,0.1513,0.044600,0.1642,0.057200,0.1409,0.000300,0.001700,0.067000,0.008500,0.001300,0.000500,0.027100,0.007000,0.012200,0.001300,0.1396,0.014600,0.040900,0.1962,0.083800,0.001300,0.040500,0.002400,0.016900,0.023700,0.018800,8.3611,0.062700,0.006800,0.000100,0,10.5606,0,0,0,0,0,0,0,50,0,0,0,0,1,1,9,9,2,1,1,4,1,1,1,1,1,1,7,7,1,1,50,9,6,42,76,794,950,0,0,0,0,0,-100,-100,-100,-100,600,1440,107.7673,0,0,-0.000000,-1,0,0,0,1,0,13.7344,5,50,75.1289,13.7344,0,0,48.9844,0,100,0,0,0,0,0,0,0,0,0,0.4988,0.4988,1,0.4988,0.4988,18.3602,8.9635,20141,90,568,135,11151.6953,3604.2070,7254.3555,0,14759.5742,10.6613,2.3060,8.0773,10.6613,2.3069,3.0279,33.3333,6.2595,23.0262,0.000200,0.020900,0.000600,0.000700,0.001500,0.008700,0.000700,0.073100,0,0.020500,0.028700,0.037900,0.3680,0.1928,0.020400,0.007200,0.067800,0,0.054300,0.009100,0.2269,0,0.032700,0.1383,0.016000,0.092900,0.4300,0.6966,0.3039,0.056100,2.2017,0.093200,0.031700,0.038700,0.6870,0.086600,0.001900,0.002600,0.060600,0.1956,0.051200,0.000600,0.6183,955,392762,0,0,0,0,0,0,0,0.001100,0.008400,0,0,0,0,0,0,0,0,0,0,0,0,0,0,0,0,0,0,0
,0.1185,0.2182,2,64,0,62,0,0,13,233,30,0,454,3,0,0,12,2,0,0,0,0,0.009400,0,0.3617,0.005600,0.010400,0.000900,0.9183,0.2093,0.056800,0.1774,0.001300,0.032900,0.001300,0,768,256,11229,3565.7148,15494.9102,239.1602,0.066500,5,0.000500,0.010000,0.002700,0.026900,0.3239,0,0,0.066800,0.2055,2.8696,0.073400,0.000200,0.001400,0.000200,0.000300,0.006200,0.007900,0.045700,0.005800,0.036400,0.1468,0.011200,0.007000,1.4021,0.031300,0.009500,0.030400,0.011700,0.019100,0.085900,0.010900,0.075900,0.002100,0.095700,0.007800,0.1878,0.6308,0.005000,2.3793,0.000300,0.1874,0.000700,0.000200,0.029400,0.2979,0.7160,0.022700,0.9174,0.2110,0.001900,0.009700,0.000600,0.037600,0,9.0927,8.7628,13.0955,634,16,0.2500,0,16,3.8438,1,0,0,629,1,0,115,102,13,0,-1,-1,0,-1,-1,13.9904,4.9185,0,1525.2227,1525.2227,1525.0977,95,879,535,318,0,0,0.001200,0,0,0.014500,0.083600,0.000500,0.012300,0.076200,0.042000,0.000800,0.001300,0.000200,0.001400,0.005500,0.000900,0.004000,0.024600,0.1657,0.059700,0.089200,0.1557,0.038500,0.1937,0.035400,0.081600,0.000200,0.001700,0.086200,0.008800,0.001200,0.000500,0.028200,0.019700,0.013400,0.001000,0.1442,0.015000,0.042700,0.2080,0.070300,0.001400,0.043700,0.002500,0.034700,0.022000,0.018100,8.5155,0.062900,0.007900,0.000100,0,10.6603,0,0,0,0,0,0,0,50,0,0,0,0,1,1,9,9,2,1,1,4,1,1,1,1,1,1,7,7,1,1,50,9,6,42,76,794,950,0,0,0,0,0,-100,-100,-100,-100,600,1440,107.7673,0,0,-0.000000,-1,0,0,0,1,0,13.7344,5,50,75.1289,13.7344,0,0,48.9844,0,100,0,0,0,0,0,0,0,0,0,0.4581,0.4581,1,0.4581,0.4581,29.1642,8.9635,20141,90,568,135,11145.5742,3604.2070,7254.3555,0,14755.9023,10.8142,2.2801,7.3796,10.8142,2.2814,2.9323,33.3333,6.4288,22.8713,0.000200,0.019000,0.000500,0.000700,0.001800,0.015000,0.001800,0.076900,0,0.019500,0.027000,0.034400,0.3487,0.2001,0.020500,0.006100,0.066200,0,0.044600,0.020800,0.2743,0,0.032500,0.1461,0.016500,0.095800,0.4270,0.8083,0.3183,0.057400,2.4143,0.095200,0.031700,0.038000,0.6819,0.085700,0.001900,0.002400,0.062700,0.1986,0.050200,0.000700,0.6748,924,385188,0,0,0,0,0,0,0,0.001400,0.008300,0,0,0,0,0,0,0,0,0,0,0,0,0,0,0,0,0,0,0
,0.015300,0.1038,2,57,0,55,0,0,13,233,15,0,454,3,0,0,12,2,0,0,0,0,0.008500,0.007600,0.3563,0.005500,0.008200,0.001500,0.8559,0.2006,0.052800,0.1336,0.001000,0.036500,0,1,768,256,11229,3565.7148,15494.9102,239.1602,0.002000,4,0.003000,0.007900,0.001900,0.017300,0.1877,0,0,0.071600,0.3072,2.8983,0.063100,0.000200,0.001200,0.000200,0.000300,0.006000,0.007300,0.059400,0.005300,0.034100,0.1044,0.011000,0.006400,1.2181,0.027200,0.007400,0.027400,0.011600,0.018400,0.089300,0.008200,0.075900,0.002600,0.077000,0.009100,0.066200,0.6348,0.005300,2.4630,0.000500,0.2029,0.000500,0.000400,0.031300,0.3686,0.8180,0.026000,0.9339,0.1476,0.001900,0.010100,0.000600,0.033900,0.057700,9.2478,8.7628,13.0955,634,16,0.2500,0,16,3.8438,1,0,0,629,1,0,115,102,13,0,-1,-1,0,-1,-1,13.9904,4.9185,0,1525.2227,1525.2227,1525.0977,95,879,535,318,0,0,0.000800,0,0,0.015400,0.085600,0.000600,0.013200,0.072200,0.042800,0.000900,0.001900,0.000200,0.001700,0.006900,0.001300,0.004200,0.023300,0.1331,0.062200,0.097800,0.1672,0.042900,0.2429,0.022100,0,0.000200,0.002000,0.067500,0.008600,0.001200,0.000500,0.025900,0.006600,0.011800,0.001000,0.1628,0.016000,0.043800,0.2209,0.098500,0.001200,0.045500,0.002700,0.034500,0.023100,0.025700,8.5320,0.065000,0.007100,0.000100,0,10.8573,0,0,0,0,0,0,0,50,0,0,0,0,1,1,9,9,2,1,1,4,1,1,1,1,1,1,7,7,1,1,50,9,6,42,76,794,950,0,0,0,0,0,-100,-100,-100,-100,600,1440,107.7673,0,0,-0.000000,-1,0,0,0,1,0,13.7344,5,50,75.1289,13.7344,0,0,48.9844,0,100,0,0,0,0,0,0,0,0,0,0.4072,0.4072,1,0.4072,0.4072,40.0238,8.9635,20141,90,568,135,11140.6172,3604.2070,7254.3555,0,14749.7812,10.8639,2.2541,7.4671,10.8639,2.2541,3.2495,33.3333,6.0012,23.3241,0.000600,0.018400,0.000500,0.000600,0.001700,0.007300,0.001600,0.073100,0,0.025600,0.028800,0.039400,0.3512,0.1965,0.019400,0.006200,0.067000,0,0.045800,0.012900,0.089600,0.005100,0.032800,0.1310,0.015100,0.090000,0.4289,0.6885,0.3553,0.057300,3.3403,0.096200,0.032800,0.039500,0.6895,0.097000,0.001800,0.002500,0.063300,0.1967,0.050100,0.000600,0.5993,1004,393938,0,0,0,0,0,0,0,0,0.008400,0,0,0,0,0,0,0,0,0,0,0,0,0,0,0,0,0,0,0
,0.020900,0.006600,2,57,0,55,0,0,13,233,11,0,454,3,0,0,12,2,0,0,0,0,0.008300,0.006900,0.4257,0.005300,0.009100,0.001000,0.8841,0.1957,0.051700,0.1350,0.001000,0.026200,0,0,768,256,11229,3565.7148,15494.9102,239.1602,0.002000,6,0.000100,0.007900,0.002000,0.013300,0.1839,0,0,0.060100,0.3377,3.0474,0.066000,0.000200,0.001300,0.000200,0.000200,0.006100,0.007200,0.048800,0.006400,0.033800,0.1296,0.011800,0.005700,1.2404,0.027500,0.009200,0.032700,0.012300,0.018800,0.093000,0.011600,0.080400,0.002300,0.084900,0.009700,0.069300,0.6585,0.004900,2.5445,0.000500,0.2189,0.000600,0.000300,0.031600,0.3301,0.8898,0.025300,1.0170,0.1522,0.001900,0.010500,0.000600,0.039700,0.3357,9.2216,8.7628,13.0955,634,16,0.2500,0,16,3.8438,1,0,0,629,1,0,115,102,13,0,-1,-1,0,-1,-1,13.9904,4.9185,0,1525.2227,1525.2227,1525.0977,95,879,535,318,0,0,0.001100,0,0,0.014900,0.082200,0.000500,0.011300,0.084900,0.048300,0.001000,0.001700,0.000400,0.001700,0.006400,0.001000,0.003900,0.025600,0.1652,0.057000,0.2143,0.1611,0.044800,0.1878,0.019500,0.060200,0.000200,0.001900,0.066000,0.009300,0.001800,0.000800,0.028200,0.006200,0.013400,0.001000,0.1414,0.015600,0.041700,0.2012,0.066100,0.001200,0.022700,0.004000,0.017500,0.025500,0.018900,8.5891,0.059300,0.005800,0,0,10.7812,0,0,0,0,0,0,0,50,0,0,0,0,1,1,9,9,2,1,1,4,1,1,1,1,1,1,7,7,1,1,50,9,6,42,76,794,950,0,0,0,0,0,-100,-100,-100,-100,600,1440,107.7673,0,0,-0.000000,-1,0,0,0,1,0,13.7344,5,50,75.1289,13.7344,0,0,48.9844,0,100,0,0,0,0,0,0,0,0,0,0.4221,0.4221,1,0.4221,0.4221,50.9109,8.9635,20141,90,568,135,11138.7500,3604.2070,7254.3555,0,14744.8242,10.8883,2.4065,8.1737,10.8883,2.4065,2.8666,33.3333,6.0452,23.1919,0.000300,0.021200,0.000600,0.000600,0.001800,0.007200,0.000700,0.072700,0,0.018400,0.026600,0.036800,0.3442,0.2025,0.018500,0.006100,0.065800,0,0.060400,0.012100,0.088200,0.005100,0.032400,0.1317,0.016100,0.089500,0.4224,0.7553,0.3217,0.057300,2.4720,0.095200,0.030700,0.039500,0.6903,0.087900,0.001800,0.002600,0.060800,0.1968,0.049100,0.000500,0.6111,1023,390516,0,0,0,0,0,0,0,0,0.008200,0,0,0,0,0,0,0,0,0,0,0,0,0,0,0,0,0,0,0
,0.018200,0.016800,2,57,0,55,0,0,13,233,14,0,454,3,0,0,12,2,0,0,0,0,0.008900,0.004200,0.3787,0.004800,0.009400,0.000700,0.8930,0.1820,0.058800,0.1448,0.001500,0.027800,0.004700,0,768,256,11229,3565.7148,15494.9102,239.1602,0.001500,2,0.000200,0.009500,0.002300,0.014700,0.1785,0,0,0.079000,0.2825,2.9120,0.066500,0.000200,0.001100,0.000200,0.000200,0.006900,0.009200,0.046600,0.006000,0.035800,0.098900,0.011700,0.006300,1.2628,0.028300,0.008700,0.029000,0.012200,0.019900,0.082200,0.011300,0.076800,0.001900,0.079300,0.008200,0.069500,0.5994,0.004100,2.3339,0.000200,0.1842,0.000700,0.000300,0.028900,0.3942,0.8849,0.025700,0.9775,0.4752,0.002000,0.012200,0.000500,0.034700,0.3758,10.0980,8.7628,13.0955,634,16,0.2500,0,16,3.8438,1,0,0,629,1,0,115,102,13,0,-1,-1,0,-1,-1,13.9904,4.9185,0,1525.2227,1525.2227,1525.0977,95,879,535,318,0,0,0.000900,0,0,0.015300,0.081500,0.000600,0.013000,0.068800,0.039600,0.000900,0.001500,0.000300,0.001600,0.006300,0.001100,0.003800,0.022500,0.1265,0.058200,0.079900,0.1559,0.040400,0.3317,0.019600,0,0.000300,0.001800,0.062800,0.007900,0.001200,0.000600,0.025800,0.006400,0.012000,0.001100,0.1361,0.014600,0.039400,0.2125,0.066900,0.001100,0.035400,0.002600,0.033000,0.021800,0.016600,9.4828,0.074600,0.006700,0.000200,0,10.9018,0,0,0,0,0,0,0,50,0,0,0,0,1,1,9,9,2,1,1,4,1,1,1,1,1,1,7,7,1,1,50,9,6,42,76,794,950,0,0,0,0,0,-100,-100,-100,-100,600,1440,107.7673,0,0,-0.000000,-1,0,0,0,1,0,13.7344,5,50,75.1289,13.7344,0,0,48.9844,0,100,0,0,0,0,0,0,0,0,0,0.4216,0.4216,1,0.4216,0.4216,62.6112,8.9635,20141,90,568,135,11135.2891,3604.2070,7254.3555,0,14742.9570,11.6476,2.1796,7.2893,11.6476,2.1807,3.0031,33.3333,5.8084,23.4774,0.000200,0.022400,0.000500,0.000700,0.001700,0.008400,0.001600,0.073600,0,0.017500,0.028700,0.040100,0.3554,0.1837,0.020500,0.005100,0.064400,0,0.046100,0.012000,0.081000,0.005200,0.032100,0.1335,0.016100,0.088900,0.4263,0.7094,0.3079,0.057300,2.4126,0.094200,0.030700,0.039100,0.6986,0.075000,0.003700,0.004700,0.060700,0.1977,0.050100,0.000600,0.6624,1022,390144,0.050100,0,0,0,0,0,0,0.001300,0.008100,0,0,0,0,0,0,0,0,0,0,0,0,0,0,0,0,0,0,0
,0.014800,0.009600,2,57,0,55,0,0,13,233,13,0,454,3,0,0,12,2,0,0,0,0,0,0.008400,0.3381,0.005000,0.008600,0.001300,0.8588,0.2078,0.051000,0.1268,0.001600,0.030700,0,0,768,256,11229,3565.7148,15494.9102,239.1602,0.001500,6,0.000300,0.013300,0.002200,0.014000,0.1830,0,0,0.062200,0.3814,3.3758,0.065000,0.000200,0.001600,0.000200,0.000300,0.007400,0.007600,0.044200,0.005400,0.031900,0.1467,0.009700,0.006800,1.5292,0.035500,0.011600,0.033100,0.012000,0.021600,0.1044,0.012300,0.076000,0.002500,0.099800,0.010200,0.074200,0.6903,0.006000,2.6057,0.000200,0.3127,0.000800,0.000600,0.040100,0.4177,1.2621,0.035300,1.3223,0.1241,0.002600,0.013500,0.000600,0.048100,0,9.9483,8.7628,13.0955,634,16,0.2500,0,16,3.8438,1,0,0,629,1,0,115,102,13,0,-1,-1,0,-1,-1,13.9904,4.9185,0,1525.2227,1525.2227,1441.5039,95,907,561,322,0,0,0.001100,0,0,0.014900,0.082200,0.000700,0.017700,0.068600,0.041200,0.000700,0.001900,0.000400,0.001500,0.006600,0.001100,0.004000,0.023300,0.1393,0.058400,0.076800,0.1637,0.040300,0.2960,0.017600,0,0.000100,0.005200,0.061700,0.007400,0.001000,0.000400,0.023200,0.006200,0.011800,0.001200,0.1410,0.013300,0.042000,0.2060,0.069800,0.001100,0.045600,0.002300,0.033100,0.023000,0.017900,9.2950,0.060300,0.006100,0.000100,0,11.7171,0,0,0,0,0,0,0,50,0,0,0,0,1,1,9,9,2,1,1,4,1,1,1,1,1,1,7,7,1,1,50,9,6,42,76,794,950,0,0,0,0,0,-100,-100,-100,-100,600,1440,107.7673,0,0,-0.000000,-1,0,0,0,1,0,13.7344,5,50,75.1289,13.7344,0,0,48.9844,0,100,0,0,0,0,0,0,0,0,0,0.4194,0.4194,1,0.4194,0.4194,12.4613,8.9635,20141,90,568,135,11128.4258,3604.2070,7254.3555,0,14739.4961,11.5559,2.2173,7.2591,11.5559,2.2186,3.1100,33.3333,6.1738,23.3790,0.000200,0.021000,0.000500,0.000600,0.001700,0.007000,0.000700,0.073800,0,0.018500,0.026300,0.040100,0.3325,0.1921,0.019400,0.006200,0.064900,0,0.044300,0.013600,0.091400,0.005200,0.032100,0.1366,0.016100,0.090600,0.4254,0.7763,0.3449,0.057400,3.2952,0.096300,0.036900,0.039900,0.6957,0.087500,0.001900,0.002500,0.064400,0.2027,0.051200,0.000700,0.6221,1067,402948,0,2016,1196,0,2.2169,0,0,0.001500,0.009900,0,0,0,0,0,0,0,0,0,0,0,0,0,0,0,0,0,0,0
,0.019300,0.013400,2,64,0,62,0,0,13,233,44,0,454,3,0,0,12,2,0,0,0,0,0.018400,0.012400,0.3565,0.006800,0.010700,0.001100,0.9444,0.1813,0.060400,0.1575,0.001800,0.031500,0,1,768,256,11229,3565.7148,15494.9102,239.1602,0.003000,7,0.000300,0.013400,0.002600,0.015300,0.1815,0,0,0.068900,0.2615,3.3954,0.096300,0.000300,0.001300,0.000300,0.000300,0.007400,0.012400,0.049700,0.006400,0.036300,0.1138,0.011900,0.006200,1.4484,0.038600,0.011400,0.051500,0.014600,0.027100,0.1331,0.012200,0.090200,0.002600,0.1098,0.010700,0.081300,0.9400,0.014000,3.4041,0.000400,0.3875,0.000900,0.000700,0.042000,0.4483,0.9797,0.039800,1.2164,0.1854,0.002700,0.010900,0.000400,0.043600,0.1250,11.5039,8.7628,13.0955,634,16,0.2500,0,16,3.8438,1,0,0,629,1,0,115,102,13,0,-1,-1,0,-1,-1,13.9904,4.9185,0,1525.2227,1525.2227,1525.0977,95,879,561,322,0,0,0.000800,0,0,0.016500,0.082700,0.000600,0.011700,0.067500,0.039900,0.001100,0.001500,0.000200,0.001500,0.005600,0.000600,0.003500,0.023100,0.1671,0.056000,0.077800,0.1555,0.038100,0.1822,0.025500,0.085700,0.000300,0.001700,0.064000,0.009700,0.001400,0.000400,0.026500,0.006100,0.012000,0.000900,0.1384,0.015000,0.041000,0.1891,0.075200,0.001300,0.043000,0.002600,0.017800,0.022700,0.017200,10.9561,0.072900,0.007900,0.000100,0,11.3966,0,0,0,0,0,0,0,50,0,0,0,0,1,1,9,9,2,1,1,4,1,1,1,1,1,1,7,7,1,1,50,9,6,42,76,794,950,0,0,0,0,0,-100,-100,-100,-100,600,1440,107.7673,0,0,-0.000000,-1,0,0,0,1,0,13.7344,5,50,75.1289,13.7344,0,0,48.9844,0,100,0,0,0,0,0,0,0,0,0,0.4600,0.4600,1,0.4600,0.4600,25.5162,8.9635,20141,90,568,135,11124.1641,3604.2070,7254.3555,0,14732.6328,12.9949,2.0897,8.1362,12.9949,2.0908,3.0133,33.3333,5.6339,22.0637,0.000700,0.025700,0.000700,0.000700,0.001800,0.007700,0.000700,0.073600,0,0.022500,0.027100,0.038700,0.3517,0.1930,0.019500,0.005100,0.063100,0,0.047600,0.015000,0.2112,0.005100,0.032000,0.1358,0.016000,0.092400,0.4294,0.7636,0.3706,0.060500,2.5130,0.097300,0.031800,0.040400,0.7602,0.085500,0.002200,0.002900,0.062000,0.2294,0.051200,0.000700,1.2158,1022,390250,0,0,0,0,0,0,0,0.001300,0.008800,0,0,0,0,0,0,0,0,0,0,0,0,0,0,0,0,0,0,0
,0.020100,0.024900,2,57,0,55,0,0,13,233,8,0,454,3,0,0,12,2,0,0,0,0,0,0.002400,0.3660,0.006000,0.011000,0.001100,0.9836,0.2334,0.064300,0.1696,0.001000,0.028200,0,1,768,256,11229,3565.7148,15494.9102,239.1602,0,3,0.000400,0.010900,0.002400,0.016700,0.1951,0,0,0.066900,0.3493,3.4336,0.086700,0.000400,0.001200,0.000200,0.000200,0.007000,0.008500,0.056500,0.007700,0.039300,0.1717,0.015000,0.007500,1.0883,0.031500,0.008900,0.030400,0.011900,0.021000,0.1161,0.010300,0.083200,0.002500,0.099500,0.1418,0.090900,0.8033,0.006700,3.0154,0.000400,0.2051,0.000600,0.000400,0.032300,0.3531,1.1379,0.026500,0.9579,0.1175,0.001900,0.009900,0.000500,0.037200,0.2155,11.6123,8.7628,13.0955,634,16,0.2500,0,16,3.8438,1,0,0,629,1,0,115,102,13,0,-1,-1,0,-1,-1,13.9904,4.9185,0,1525.2227,1525.2227,1441.5039,95,905,561,322,0,0,0.001300,0,0,0.022900,0.1032,0.000900,0.015400,0.083100,0.046100,0.000800,0.001900,0.000400,0.002000,0.007400,0.001500,0.004800,0.024900,0.1506,0.063600,0.086500,0.1709,0.041900,0.2285,0.019100,0.5752,0.000200,0.001700,0.071900,0.009100,0.001500,0.000700,0.029600,0.016000,0.014200,0.001100,0.1679,0.017600,0.047400,0.2673,0.085400,0.001400,0.052300,0.002500,0.043100,0.027200,0.021200,10.8845,0.071300,0.008300,0.000100,0,13.1484,0,0,0,0,0,0,0,50,0,0,0,0,1,1,9,9,2,1,1,4,1,1,1,1,1,1,7,7,1,1,50,9,6,42,76,794,950,0,0,0,0,0,-100,-100,-100,-100,600,1440,107.7673,0,0,-0.000000,-1,0,0,0,1,0,13.7344,5,50,75.1289,13.7344,0,0,48.9844,0,100,0,0,0,0,0,0,0,0,0,0.4613,0.4613,1,0.4613,0.4613,39.3768,8.9635,20141,90,568,135,11124.1562,3604.2070,7254.3555,0,14728.3711,13.8963,2.8161,8.1758,13.8963,2.8173,3.6721,33.3333,5.5213,23.1362,0.000600,0.021800,0.000500,0.000700,0.001900,0.008000,0.000500,0.072100,0,0.022600,0.021400,0.026100,0.3627,0.1950,0.019400,0.005100,0.063500,0,0.049500,0.014200,0.2033,0.005200,0.032700,0.1384,0.016100,0.091600,0.4272,0.7064,0.3500,0.057400,2.4335,0.094200,0.031800,0.038900,0.6891,0.1018,0.001600,0.002500,0.063200,0.1976,0.049200,0.000600,0.6066,965,391144,0,0,0,0,0,0,0,0.001300,0.007700,0,0,0,0,0,0,0,0,0,0,0,0,0,0,0,0,0,0,0
,0.017300,0.006100,2,60,0,58,0,0,13,233,29,0,454,3,0,0,12,2,0,0,0,0,0.019800,0.007000,0.3232,0.006700,0.008000,0.001200,0.8658,0.4107,0.052900,0.1299,0.004000,0.030900,0.002600,1,768,256,11229,3565.7148,15494.9102,239.1602,0.003600,2,0.000100,0.007800,0.001700,0.015400,0.1872,0,0,0.064100,0.2358,2.7873,0.069800,0.000300,0.001300,0.000200,0.000200,0.007100,0.007100,0.040500,0.005100,0.032800,0.1308,0.010400,0.005700,1.0951,0.027700,0.009100,0.028000,0.011100,0.018300,0.1009,0.011300,0.080100,0.002100,0.078600,0.008700,0.068200,0.5965,0.004500,2.3349,0.000200,0.1847,0.000600,0.000500,0.029500,0.3098,0.7276,0.024400,0.9419,0.1602,0.001900,0.011100,0.000700,0.035600,0,11.0075,8.7628,13.0955,634,16,0.2500,0,16,3.8438,1,0,0,629,1,0,115,102,13,0,-1,-1,0,-1,-1,13.9904,4.9185,0,1525.2227,1525.2227,1525.0977,95,880,535,318,0,0,0.000700,0,0,0.015500,0.083700,0.000500,0.012500,0.081800,0.047200,0.001100,0.001900,0.000300,0.002000,0.007200,0.001100,0.003700,0.023400,0.1327,0.065900,0.099100,0.1902,0.046200,0.4190,0.022400,0,0.000400,0.001800,0.078400,0.011100,0.001900,0.000500,0.032200,0.008800,0.015300,0.001200,0.1778,0.015400,0.044200,0.2261,0.068800,0.001300,0.041800,0.002200,0.032700,0.025200,0.018200,10.3913,0.061700,0.011000,0.000200,0,13.8290,0,0,0,0,0,0,0,50,0,0,0,0,1,1,9,9,2,1,1,4,1,1,1,1,1,1,7,7,1,1,50,9,6,42,76,794,950,0,0,0,0,0,-100,-100,-100,-100,600,1440,107.7673,0,0,-0.000000,-1,0,0,0,1,0,13.7344,5,50,75.1289,13.7344,0,0,48.9844,0,100,0,0,0,0,0,0,0,0,0,0.5190,0.5190,1,0.5190,0.5190,52.2242,8.9635,20141,90,568,135,11123.9492,3604.2070,7254.3555,0,14728.3633,12.8213,2.5610,7.4103,12.8213,2.5610,3.3481,33.3333,5.5572,23.9107,0.000200,0.020600,0.000600,0.000600,0.001700,0.010200,0.000600,0.075200,0,0.018500,0.020700,0.026300,0.3433,0.1842,0.018500,0.006100,0.062300,0,0.045100,0.012500,0.2085,0.006200,0.032700,0.1371,0.015600,0.091500,0.4326,0.7631,0.3728,0.056300,2.4813,0.095300,0.031700,0.039400,0.6983,0.072700,0.001800,0.002400,0.062400,0.1974,0.049200,0.000600,0.6744,1041,397952,0,0,0,0,0,0.2060,0.003900,0,0.008500,0,0,0,0,0,0,0,0,0,0,0,0,0,0,0,0,0,0,0
,0.014900,0.080800,2,62,0,60,0,0,13,233,26,0,454,3,0,0,12,2,0,0,0,0,0,0.029400,0.3567,0.006500,0.010200,0.001100,0.8841,0.1863,0.054200,0.1339,0.001300,0.040500,0,1,768,256,11229,3565.7148,15494.9102,239.1602,0.003000,3,0.000100,0.010900,0.002400,0.015000,0.1765,0,0,0.075300,0.3630,3.0563,0.068300,0.000200,0.001100,0.000200,0.000200,0.006500,0.007500,0.044400,0.005600,0.032400,0.1281,0.012000,0.006600,1.5373,0.030100,0.008800,0.036300,0.011000,0.019300,0.088300,0.012400,0.073900,0.002200,0.079300,0.009200,0.073600,0.6384,0.005400,2.4345,0.000500,0.2009,0.000600,0.000300,0.031000,0.3083,0.8526,0.025800,1.1031,0.1831,0.002200,0.009900,0.000500,0.035200,0.3339,9.0046,8.7628,13.0955,634,16,0.2500,0,16,3.8438,1,0,0,629,1,0,115,102,13,0,-1,-1,0,-1,-1,13.9904,4.9185,0,1525.2227,1525.2227,1441.5039,95,879,535,317,0,0,0.001200,0,0,0.014600,0.080600,0.000400,0.011400,0.067400,0.040400,0.001000,0.002100,0.000300,0.001700,0.007700,0.001400,0.004200,0.024700,0.1365,0.055800,0.078000,0.1458,0.045200,0.2534,0.017100,0,0.000300,0.001600,0.059800,0.007900,0.001200,0.000400,0.025300,0.006400,0.011700,0.001000,0.1314,0.016000,0.036900,0.1890,0.067500,0.001300,0.043400,0.002300,0.018100,0.024800,0.016800,8.3702,0.058500,0.006800,0.000100,0.004100,12.8757,0,0,0,0,0,0,0,50,0,0,0,0,1,1,9,9,2,1,1,4,1,1,1,1,1,1,7,7,1,1,50,9,6,42,76,794,950,0,0,0,0,0,-100,-100,-100,-100,600,1440,107.7673,0,0,-0.000000,-1,0,0,0,1,0,13.7344,5,50,75.1289,13.7344,0,0,48.9844,0,100,0,0,0,0,0,0,0,0,0,0.4052,0.4052,1,0.4052,0.4052,1.4573,8.9635,20141,90,568,135,11123.7969,3604.2070,7254.3555,0,14728.1562,10.4933,2.1743,7.4374,10.4933,2.1743,3.3795,33.3333,6.1372,23.4598,0.000800,0.035900,0.000500,0.000600,0.001800,0.010400,0.000800,0.074600,0.001000,0.018400,0.022400,0.039900,0.3586,0.1867,0.019500,0.006100,0.062400,0,0.046500,0.013800,0.081400,0.005100,0.030900,0.1395,0.015300,0.088500,0.4265,0.7167,0.3412,0.057400,3.4601,0.097200,0.031800,0.039500,0.7196,0.078300,0.001800,0.002300,0.075200,0.1977,0.050200,0.000600,0.5928,1063,399414,0,1977,1089,0,1.4421,0,0.003400,0,0.009200,0,0,0,0,0,0,0,0,0,0,0,0,0,0,0,0,0,0,0
,0.070400,0.019900,2,67,0,65,0,0,14,233,31,0,454,3,0,0,13,2,0,0,0,0,0.036700,0.006800,0.3513,0.005900,0.009300,0.000800,0.8740,0.1817,0.051900,0.1297,0.000900,0.024000,0.003100,1,768,256,11229,3565.7148,15494.9102,239.1602,0.001200,4,0.000200,0.009100,0.002000,0.015200,0.1853,0,0,0.064600,0.2296,2.8895,0.065900,0.000200,0.001000,0.000200,0.000300,0.007000,0.008200,0.041400,0.005000,0.033000,0.1506,0.010700,0.005900,0.5412,0.025100,0.008600,0.028200,0.012300,0.019100,0.087500,0.009500,0.072600,0.002200,0.1244,0.009400,0.071700,0.6250,0.005400,2.3571,0.000200,0.1787,0.000500,0.000500,0.031700,0.3049,0.7717,0.024400,0.9982,0.1675,0.002200,0.010000,0.000700,0.036600,0.054500,10.2826,8.7628,13.0955,634,16,0.2500,0,16,3.8438,1,0,0,629,1,0,115,102,13,0,-1,-1,0,-1,-1,13.9904,4.9185,0,1525.2227,1525.2227,1525.0977,95,880,535,317,0,0,0.000900,0,0,0.015300,0.082900,0.000600,0.012100,0.069700,0.042200,0.000800,0.001300,0.000300,0.001400,0.005700,0.000900,0.003800,0.022300,0.1313,0.055200,0.079500,0.1542,0.044300,0.2655,0.020300,0.016900,0.000300,0.001500,0.063900,0.008800,0.001300,0.000400,0.026100,0.005500,0.012300,0.001400,0.1377,0.013800,0.040800,0.2008,0.068700,0.001200,0.020300,0.003000,0.031900,0.022100,0.015800,9.7685,0.075200,0.006600,0.000100,0,10.4943,0,0,0,0,0,0,0,50,0,0,0,0,1,1,9,9,2,1,1,4,1,1,1,1,1,1,7,7,1,1,50,9,6,42,76,794,950,0,0,0,0,0,-100,-100,-100,-100,600,1440,107.7673,0,0,-0.000000,-1,0,0,0,1,0,13.7344,5,50,75.1289,13.7344,0,0,48.9844,0,100,0,0,0,0,0,0,0,0,0,0.4331,0.4331,1,0.4331,0.4331,13.4148,8.9635,20141,90,568,135,11123.7891,3604.2070,7254.3555,0,14728.0039,11.8981,2.1706,8.2989,11.8981,2.1714,2.7803,33.3333,6.0268,23.2108,0.000300,0.022000,0.000600,0.000600,0.001800,0.009600,0.000600,0.074200,0,0.017400,0.020300,0.025900,0.3457,0.1788,0.020600,0.006100,0.061700,0,0.047800,0.016300,0.077900,0.005100,0.030000,0.1378,0.017600,0.093100,0.4167,0.6728,0.3534,0.057400,2.0839,0.093200,0.031700,0.039300,0.6934,0.087400,0.002000,0.002500,0.061300,0.2058,0.050200,0.000600,0.5815,1043,394686,0,0,0,0,0,0,0.004800,0.001000,0.008100,0,0,0,0,0,0,0,0,0,0,0,0,0,0,0,0,0,0,0
,0.021200,0.012800,2,59,0,57,0,0,13,233,30,0,454,3,0,0,12,2,0,0,0,0,0,0.014300,0.3335,0.006600,0.009800,0.001000,0.9074,0.2346,0.054800,0.1412,0.001600,0.022400,0,0,768,256,11229,3565.7148,15494.9102,239.1602,0.001800,5,0.000100,0.008900,0.002200,0.021300,0.1862,0,0,0.058500,0.3089,2.9231,0.078500,0.000200,0.001300,0.000200,0.000200,0.019500,0.007300,0.049100,0.005600,0.033900,0.1362,0.011300,0.005800,1.2432,0.026100,0.008200,0.030300,0.012200,0.019700,0.1049,0.010500,0.1164,0.002600,0.1245,0.009700,0.071500,0.6035,0.004600,2.4237,0.000400,0.2278,0.000600,0.000300,0.031400,0.3614,0.8279,0.025600,0.9154,0.1383,0.001800,0.011000,0.000500,0.034400,0.2987,8.5936,8.7628,13.0955,634,16,0.2500,0,16,3.8438,1,0,0,629,1,0,115,102,13,0,-1,-1,0,-1,-1,13.9904,4.9185,0,1525.2227,1525.2227,1525.0977,95,880,535,317,0,0,0.000800,0,0,0.014500,0.081800,0.000600,0.012100,0.073900,0.041800,0.001100,0.002000,0.000600,0.001600,0.006900,0.001200,0.004000,0.021800,0.1372,0.060600,0.082300,0.1461,0.036700,0.2505,0.019500,0,0.000200,0.001500,0.063500,0.008500,0.001500,0.000400,0.024600,0.006800,0.012600,0.001600,0.1434,0.016200,0.040900,0.6110,0.069200,0.001300,0.030100,0.003000,0.033900,0.022700,0.019900,7.5406,0.059700,0.007400,0.000200,0.003600,11.8488,0,0,0,0,0,0,0,50,0,0,0,0,1,1,9,9,2,1,1,4,1,1,1,1,1,1,7,7,1,1,50,9,6,42,76,794,950,0,0,0,0,0,-100,-100,-100,-100,600,1440,107.7673,0,0,-0.000000,-1,0,0,0,1,0,13.7344,5,50,75.1289,13.7344,0,0,48.9844,0,100,0,0,0,0,0,0,0,0,0,0.3975,0.3975,1,0.3975,0.3975,23.4145,8.9635,20141,90,568,135,11123.7695,3604.2070,7254.3555,0,14727.9961,10.0619,2.0464,7.2335,10.0619,2.0464,3.1640,33.3333,6.4450,22.9348,0.000200,0.023200,0.000600,0.000600,0.001900,0.008700,0.001600,0.071900,0,0.019400,0.021900,0.033400,0.3561,0.1949,0.019400,0.006200,0.066700,0,0.045500,0.024900,0.081600,0.006200,0.032000,0.1352,0.015300,0.089600,0.4255,0.7671,0.3347,0.058300,2.4900,0.095200,0.031800,0.039600,0.6896,0.1001,0.001700,0.002600,0.061900,0.2142,0.050100,0.000600,0.6725,1098,407396,0.050200,0,0,0,0,0,0,0,0.007900,0,0,0,0,0,0,0,0,0,0,0,0,0,0,0,0,0,0,0
,0.028100,0.007600,2,79,0,77,0,0,14,233,40,0,454,3,0,0,13,2,0,0,0,0,0.017400,0.002100,0.3386,0.005500,0.007900,0.001000,0.8600,0.1704,0.051600,0.1315,0.001400,0.025400,0,1,768,256,11229,3565.7148,15494.9102,239.1602,0.001600,2,0.000100,0.007700,0.002200,0.020000,0.1765,0,0,0.058500,0.2420,3.0494,0.1229,0.000200,0.001300,0.000400,0.000200,0.007100,0.006500,0.054700,0.005600,0.031000,0.1414,0.010900,0.006200,1.2175,0.029900,0.008800,0.053000,0.013200,0.019700,0.084700,0.010900,0.080600,0.002300,0.1128,0.009300,0.081600,0.6336,0.005200,2.3836,0.000200,0.1919,0.000500,0.000400,0.040200,0.3042,0.7134,0.024300,0.9105,0.1615,0.002000,0.010500,0.000600,0.036600,0.1146,9.7049,8.7628,13.0955,634,16,0.2500,0,16,3.8438,1,0,0,629,1,0,115,102,13,0,-1,-1,0,-1,-1,13.9904,4.9185,0,1525.2227,1525.2227,1525.0977,95,880,535,317,0,0,0.000800,0,0,0.020400,0.084100,0.000700,0.011700,0.068200,0.039600,0.001000,0.001900,0.000300,0.001700,0.006600,0.001100,0.003800,0.022300,0.1259,0.054100,0.075900,0.1492,0.037400,0.3104,0.020100,0,0.000400,0.001600,0.073400,0.007900,0.001200,0.000700,0.024800,0.006200,0.011600,0.001200,0.1429,0.014600,0.039700,0.1848,0.069400,0.001100,0.044700,0.002300,0.016500,0.022300,0.016600,9.1402,0.059400,0.006200,0.000100,0,10.0612,0,0,0,0,0,0,0,50,0,0,0,0,1,1,9,9,2,1,1,4,1,1,1,1,1,1,7,7,1,1,50,9,6,42,76,794,950,0,0,0,0,0,-100,-100,-100,-100,600,1440,107.7673,0,0,-0.000000,-1,0,0,0,1,0,13.7344,5,50,75.1289,13.7344,0,0,48.9844,0,100,0,0,0,0,0,0,0,0,0,0.4407,0.4407,1,0.4407,0.4407,34.7052,8.9635,20141,90,568,135,11123.6992,3604.2070,7254.3555,0,14727.9766,11.2811,2.5590,7.3672,11.2811,2.5600,2.9472,33.3333,6.0618,23.2445,0.000300,0.022500,0.000600,0.000600,0.001700,0.007800,0.000600,0.073400,0,0.020500,0.029800,0.039100,0.3448,0.1879,0.020500,0.006100,0.067100,0,0.044900,0.024500,0.085600,0.005100,0.032700,0.1332,0.016200,0.095900,0.4257,0.6947,0.3680,0.055200,3.2631,0.096300,0.030700,0.038600,0.6894,0.086500,0.001800,0.002500,0.062400,0.1977,0.050200,0.000800,0.6154,1062,395515,0,0,0,0,0,0,0,0.001200,0.008700,0,0,0,0,0,0,0,0,0,0,0,0,0,0,0,0,0,0,0
,0.025400,0.006200,2,69,0,67,0,0,13,233,29,0,454,3,0,0,12,2,0,0,0,0,0,0.002100,0.3229,0.005200,0.008400,0.000900,0.8684,0.2024,0.053500,0.1333,0.001500,0.030400,0,1,768,256,11229,3565.7148,15494.9102,239.1602,0.001500,3,0.000100,0.010600,0.002000,0.021300,0.2019,0,0,0.065300,0.2894,3.0364,0.066000,0.000200,0.001300,0.000200,0.000200,0.006900,0.007100,0.041300,0.005200,0.031500,0.1188,0.010600,0.005900,1.2846,0.028600,0.009300,0.035300,0.012300,0.018600,0.076400,0.011300,0.089000,0.002200,0.1018,0.008900,0.071200,0.6042,0.004800,2.3143,0.000200,0.1878,0.000800,0.000400,0.032200,0.3122,0.7512,0.041600,1.1070,0.1925,0.002100,0.010700,0.000300,0.038800,0.080400,9.3112,8.7628,13.0955,634,16,0.2500,0,16,3.8438,1,0,0,629,1,0,115,102,13,0,-1,-1,0,-1,-1,13.9904,4.9185,0,1525.2227,1525.2227,1525.0977,95,908,561,321,0,0,0.000800,0,0,0.015600,0.095500,0.000700,0.011900,0.071400,0.045000,0.001000,0.001400,0.000200,0.001400,0.005800,0.001100,0.004300,0.022200,0.1861,0.055600,0.081500,0.1594,0.041900,0.1816,0.021500,0.1344,0.000200,0.006100,0.068300,0.008500,0.001700,0.000700,0.028400,0.007000,0.012600,0.001100,0.1401,0.015500,0.043200,0.2187,0.069100,0.001300,0.045400,0.003300,0.033900,0.024500,0.018000,8.6504,0.058100,0.011100,0.000200,0,11.3060,0,0,0,0,0,0,0,50,0,0,0,0,1,1,9,9,2,1,1,4,1,1,1,1,1,1,7,7,1,1,50,9,6,42,76,794,950,0,0,0,0,0,-100,-100,-100,-100,600,1440,107.7673,0,0,-0.000000,-1,0,0,0,1,0,13.7344,5,50,75.1289,13.7344,0,0,48.9844,0,100,0,0,0,0,0,0,0,0,0,0.5073,0.5073,1,0.5073,0.5073,45.6687,8.9635,20141,90,568,135,11123.6211,3604.2070,7254.3555,0,14727.9062,10.9620,2.2618,8.0811,10.9620,2.2618,2.9400,33.3333,6.0616,23.3518,0.000700,0.022500,0.000600,0.000700,0.001700,0.009800,0.000600,0.072500,0,0.019500,0.026200,0.037300,0.3718,0.1872,0.019400,0.005100,0.067200,0,0.044500,0.021800,0.085000,0.005100,0.032700,0.1351,0.015600,0.091100,0.4243,0.7082,0.3667,0.057400,2.4935,0.094200,0.030700,0.039700,0.6927,0.098700,0.001900,0.002300,0.062000,0.1967,0.050200,0.000700,0.6313,1013,390479,0,0,0,0,0,0,0,0,0.008100,0,0,0,0,0,0,0,0,0,0,0,0,0,0,0,0,0,0,0
,0.015200,0.005400,2,57,0,55,0,0,13,233,16,0,454,3,0,0,12,2,0,0,0,0,0.008500,0.003700,0.3543,0.006400,0.008300,0.000900,0.9165,0.1599,0.053400,0.1383,0.000900,0.039000,0,0,768,256,11229,3565.7148,15494.9102,239.1602,0.001700,4,0.000100,0.009300,0.002200,0.019600,0.1776,0,0,0.076200,0.3163,2.8604,0.095800,0.000300,0.001200,0.000300,0.000300,0.006800,0.007500,0.051500,0.005200,0.032200,0.1109,0.011400,0.006200,1.9036,0.031100,0.009500,0.042500,0.012300,0.031500,0.073000,0.010400,0.076500,0.002100,0.1002,0.008000,0.068900,0.6110,0.004500,2.3827,0.000300,0.2068,0.000700,0.000500,0.031300,0.4147,0.7119,0.024600,0.9520,0.4129,0.002300,0.010300,0.000500,0.035600,0.089200,9.4857,8.7628,13.0955,634,16,0.2500,0,16,3.8438,1,0,0,629,1,0,115,102,13,0,-1,-1,0,-1,-1,13.9904,4.9185,0,1525.2227,1525.2227,1441.5039,95,885,561,321,0,0,0.001100,0,0,0.015900,0.078700,0.000600,0.012400,0.075900,0.041300,0.000900,0.001600,0.000200,0.001500,0.005800,0.001000,0.003800,0.020900,0.1935,0.054500,0.079900,0.1713,0.042800,0.1992,0.030700,0.1403,0.000400,0.001700,0.069400,0.008600,0.001400,0.000900,0.027700,0.006300,0.012900,0.001000,0.1419,0.015600,0.040700,0.2108,0.069000,0.001100,0.041100,0.002800,0.033000,0.022900,0.019100,8.8122,0.072200,0.006700,0.000100,0,10.8757,0,0,0,0,0,0,0,50,0,0,0,0,1,1,9,9,2,1,1,4,1,1,1,1,1,1,7,7,1,1,50,9,6,42,76,794,950,0,0,0,0,0,-100,-100,-100,-100,600,1440,107.7673,0,0,-0.000000,-1,0,0,0,1,0,13.7344,5,50,75.1289,13.7344,0,0,48.9844,0,100,0,0,0,0,0,0,0,0,0,0.5369,0.5369,1,0.5369,0.5369,56.7397,8.9635,20141,90,568,135,11123.6016,3604.2070,7254.3555,0,14727.8281,11.0669,2.2672,7.2650,11.0669,2.2672,3.5947,33.3333,5.9203,23.3822,0.000200,0.022200,0.000500,0.000700,0.001600,0.008700,0.000700,0.073000,0.001100,0.020400,0.032100,0.037300,0.3455,0.2187,0.019500,0.005100,0.061700,0,0.047200,0.007200,0.2175,0.005100,0.033000,0.1366,0.019700,0.095800,0.4339,0.7063,0.3141,0.059400,2.1403,0.093200,0.030700,0.039800,0.6939,0.089600,0.001900,0.002800,0.064400,0.1988,0.049100,0.000700,0.7469,1027,390734,0,0,0,0,0,0,0.018000,0,0.008100,0,0,0,0,0,0,0,0,0,0,0,0,0,0,0,0,0,0,0
,0.017000,0.037300,2,57,0,55,0,0,13,233,11,0,454,3,0,0,12,2,0,0,0,0,0.008800,0.2440,0.3470,0.005100,0.008100,0.001200,0.8605,0.2239,0.2899,0.1211,0.001500,0.074600,0,1,768,256,11229,3565.7148,15494.9102,239.1602,0.001400,4,0.000200,0.008700,0.001600,0.019500,0.2138,0,0,0.062500,0.2245,3.0960,0.063300,0.000200,0.001600,0.000200,0.000300,0.007800,0.006900,0.041000,0.005600,0.031300,0.1316,0.010400,0.005700,1.2959,0.029400,0.008300,0.033200,0.011600,0.019900,0.095800,0.013500,0.074800,0.002500,0.1274,0.009100,0.073500,0.6223,0.005500,2.3850,0.000400,0.2023,0.000600,0.000500,0.029800,0.3346,0.7006,0.026700,0.9372,0.1898,0.002200,0.010500,0.000400,0.034000,0.068400,10.2065,8.7628,13.0955,634,16,0.2500,0,16,3.8438,1,0,0,629,1,0,115,102,13,0,-1,-1,0,-1,-1,13.9904,4.9185,0,1525.2227,1525.2227,1525.0977,95,896,561,321,0,0,0.001100,0,0,0.014700,0.093400,0.000600,0.012300,0.076100,0.040000,0.001000,0.001800,0.000400,0.001500,0.006900,0.001000,0.003900,0.023700,0.1441,0.072200,0.079700,0.1595,0.037500,0.2147,0.020800,0.043000,0.000200,0.002200,0.068300,0.009000,0.001300,0.000400,0.029300,0.006700,0.013200,0.001400,0.1408,0.015300,0.043700,0.1958,0.070500,0.001200,0.061300,0.002600,0.018400,0.023200,0.017700,9.0927,0.059900,0.006500,0.000100,0,11.1259,0,0,0,0,0,0,0,50,0,0,0,0,1,1,9,9,2,1,1,4,1,1,1,1,1,1,7,7,1,1,50,9,6,42,76,794,950,0,0,0,0,0,-100,-100,-100,-100,600,1440,107.7673,0,0,-0.000000,-1,0,0,0,1,0,13.7344,5,50,75.1289,13.7344,0,0,48.9844,0,100,0,0,0,0,0,0,0,0,0,0.4213,0.4213,1,0.4213,0.4213,6.5591,8.9635,20141,90,568,135,11121.9180,3604.2070,7254.3555,0,14727.8086,11.8001,2.1763,7.2302,11.8001,2.1774,3.0393,33.3333,5.9440,22.9440,0.000200,0.021500,0.000500,0.000700,0.001700,0.007200,0.000600,0.072600,0,0.020500,0.026600,0.035700,0.3681,0.1956,0.020500,0.006200,0.079000,0,0.047800,0.009400,0.1912,0.005100,0.032300,0.1333,0.015600,0.2235,0.4314,0.7225,0.3946,0.058400,2.0719,0.092100,0.033800,0.038700,0.7122,0.089100,0.001900,0.002600,0.078300,0.1966,0.050100,0.000700,0.6265,962,386264,0,2349,1289,0,0.9458,0,0,0.001300,0.008800,0,0,0,0,0,0,0,0,0,0,0,0,0,0,0,0,0,0,0
,0.014000,0.021600,2,57,0,55,0,0,13,233,15,0,454,3,0,0,12,2,0,0,0,0,0.018000,0.002100,0.3354,0.005200,0.007400,0.001200,0.8234,0.1779,0.052000,0.1240,0.000800,0.021500,0,2,768,256,11229,3565.7148,15494.9102,239.1602,0.001900,6,0.000100,0.009500,0.002200,0.019000,0.1868,0,0,0.057300,0.3186,2.8433,0.070000,0.000300,0.001300,0.000300,0.000200,0.006700,0.007000,0.043100,0.005400,0.033900,0.1012,0.012000,0.006500,0.5116,0.028400,0.009200,0.030400,0.010900,0.018500,0.085400,0.009900,0.069700,0.002000,0.089400,0.016100,0.070700,0.6303,0.005000,2.3293,0.000300,0.1939,0.000600,0.000300,0.032700,0.3121,1.0032,0.024700,1.0319,0.1079,0.002000,0.009800,0.000500,0.040200,0.6999,9.3489,8.7628,13.0955,634,16,0.2500,0,16,3.8438,1,0,0,629,1,0,115,102,13,0,-1,-1,0,-1,-1,13.9904,4.9185,0,1525.2227,1525.2227,1441.5039,95,885,535,317,0,0,0.000900,0,0,0.014400,0.083900,0.000600,0.022100,0.072000,0.041900,0.000900,0.001700,0.000200,0.001700,0.006300,0.001100,0.004100,0.024700,0.1673,0.058700,0.084400,0.1615,0.038700,0.1613,0.038400,0.1136,0.000400,0.001500,0.067100,0.009000,0.001600,0.000600,0.039900,0.006800,0.012500,0.001200,0.1401,0.015100,0.041000,0.2083,0.066800,0.001300,0.041700,0.003000,0.032700,0.022800,0.018700,8.8844,0.060500,0.006800,0.000100,0.003100,11.7571,0,0,0,0,0,0,0,50,0,0,0,0,1,1,9,9,2,1,1,4,1,1,1,1,1,1,7,7,1,1,50,9,6,42,76,794,950,0,0,0,0,0,-100,-100,-100,-100,600,1440,107.7673,0,0,-0.000000,-1,0,0,0,1,0,13.7344,5,50,75.1289,13.7344,0,0,48.9844,0,100,0,0,0,0,0,0,0,0,0,0.4844,0.4844,1,0.4844,0.4844,17.6324,8.9635,20141,90,568,135,11121.2695,3604.2070,7254.3555,0,14726.1250,10.9870,2.7404,8.3827,10.9870,2.7416,3.7764,33.3333,5.8647,22.9031,0.000200,0.021900,0.000600,0.000600,0.001600,0.007600,0.000600,0.072100,0,0.019500,0.023700,0.025300,0.3423,0.1984,0.020500,0.007200,0.061100,0,0.045800,0.007700,0.2044,0.006100,0.032600,0.1423,0.015800,0.091200,0.4319,0.6862,0.3255,0.056300,2.2322,0.1996,0.047100,0.039900,0.6907,0.073300,0.001900,0.002400,0.062300,0.1965,0.050200,0.000700,0.5987,1089,412274,0,0,0,0,0,0,0,0.001400,0.009700,0,0,0,0,0,0,0,0,0,0,0,0,0,0,0,0,0,0,0
,0.016200,0.010100,2,80,0,78,0,0,14,233,60,0,454,3,0,0,13,2,0,0,0,0,0.008900,0.021000,0.3472,0.006100,0.009300,0.001000,0.9129,0.1919,0.059100,0.1350,0.001100,0.027000,0.002200,0,768,256,11229,3565.7148,15494.9102,239.1602,0.001200,6,0.000400,0.011300,0.002400,0.020300,0.1988,0,0,0.066500,0.2172,2.8342,0.065100,0.000200,0.001300,0.000200,0.000200,0.006200,0.006700,0.040200,0.005000,0.032100,0.1087,0.011700,0.006900,1.1727,0.1237,0.008400,0.037100,0.012800,0.018800,0.091900,0.013300,0.090200,0.002300,0.1098,0.009400,0.071300,0.6130,0.004400,2.3437,0.000300,0.1857,0.000600,0.000500,0.029300,0.3057,0.7658,0.023600,0.9533,0.086700,0.001800,0.009800,0.000400,0.035500,0,9.1994,8.7628,13.0955,634,16,0.2500,0,16,3.8438,1,0,0,629,1,0,115,102,13,0,-1,-1,0,-1,-1,13.9904,4.9185,0,1525.2227,1525.2227,1525.0977,95,879,535,318,0,0,0.000700,0,0,0.015900,0.083600,0.001000,0.012400,0.068300,0.040700,0.000900,0.001600,0.000300,0.001600,0.006600,0.001000,0.004500,0.022900,0.1459,0.059900,0.081000,0.1477,0.053300,0.2230,0.020400,0,0.000500,0.001600,0.065400,0.007900,0.001600,0.000300,0.024600,0.006900,0.011400,0.001400,0.1374,0.014500,0.040400,0.2201,0.067900,0.001100,0.023100,0.003200,0.034700,0.024600,0.019800,8.8917,0.1040,0.006900,0.000200,0,11.1478,0,0,0,0,0,0,0,50,0,0,0,0,1,1,9,9,2,1,1,4,1,1,1,1,1,1,7,7,1,1,50,9,6,42,76,794,950,0,0,0,0,0,-100,-100,-100,-100,600,1440,107.7673,0,0,-0.000000,-1,0,0,0,1,0,13.7344,5,50,75.1289,13.7344,0,0,48.9844,0,100,0,0,0,0,0,0,0,0,0,0.4191,0.4191,1,0.4191,0.4191,28.6843,8.9635,20141,90,568,135,11121.2656,3604.2070,7254.3555,0,14725.4766,10.8433,2.1251,7.1129,10.8433,2.1251,2.9912,33.3333,6.4051,22.9351,0.000200,0.021800,0.000600,0.000600,0.001700,0.009900,0.000500,0.077200,0,0.017500,0.025300,0.037300,0.3533,0.1809,0.019500,0.005100,0.061200,0,0.046100,0.018500,0.089600,0.005200,0.031100,0.1253,0.016200,0.090300,0.4164,0.7130,0.3051,0.057300,2.1343,0.094200,0.031700,0.039500,0.6904,0.098200,0.003600,0.004800,0.062500,0.1956,0.050200,0.000600,0.6494,1023,389588,0,0,0,0,0,0,0.003900,0,0.008300,0,300000,0,0,0,0,0.8000,50000,1,0,0,0,0,0,0,0,0,0,0
,0.013900,0.005200,2,57,0,55,0,0,13,233,14,0,454,3,0,0,12,2,0,0,0,0,0.009200,0.003900,0.3330,0.005400,0.009000,0.001100,0.8585,0.1845,0.053400,0.1262,0.001100,0.022000,0,2,768,256,11229,3565.7148,15494.9102,239.1602,0.001900,2,0.000100,0.008200,0.002400,0.013800,0.1687,0,0,0.056400,0.3036,2.9802,0.065900,0.000300,0.001300,0.000200,0.000200,0.006200,0.007200,0.045500,0.005000,0.030400,0.1802,0.010000,0.006100,0.4049,0.026500,0.009200,0.028000,0.011100,0.018300,0.075400,0.008500,0.065600,0.001900,0.081500,0.009300,0.072000,0.6113,0.005200,2.4190,0.000300,0.1881,0.000500,0.000400,0.031100,0.3041,0.8246,0.025000,0.9511,0.1775,0.002000,0.010100,0.000500,0.034200,0.8439,7.8782,8.7628,13.0955,634,16,0.2500,0,16,3.8438,1,0,0,629,1,0,115,102,13,0,-1,-1,0,-1,-1,13.9904,4.9185,0,1525.2227,1525.2227,1525.0977,95,907,561,322,0,0,0.000800,0,0,0.015000,0.080100,0.000800,0.011800,0.068600,0.039700,0.000800,0.001500,0.000200,0.001700,0.006300,0.000900,0.003500,0.022200,0.8955,0.055800,0.079400,0.1867,0.042900,0.1847,0.020500,0.1059,0.000200,0.001900,0.094800,0.010300,0.001600,0.000600,0.027100,0.006300,0.013200,0.001200,0.1617,0.016300,0.048400,0.1994,0.072400,0.001400,0.044100,0.002200,0.017700,0.023400,0.023800,7.2302,0.056200,0.006000,0.000100,0.003000,10.9655,0,0,0,0,0,0,0,50,0,0,0,0,1,1,9,9,2,1,1,4,1,1,1,1,1,1,7,7,1,1,50,9,6,42,76,794,950,0,0,0,0,0,-100,-100,-100,-100,600,1440,107.7673,0,0,-0.000000,-1,0,0,0,1,0,13.7344,5,50,75.1289,13.7344,0,0,48.9844,0,100,0,0,0,0,0,0,0,0,0,1.2105,1.2105,1,1.2105,1.2105,38.8415,8.9635,20141,90,568,135,11121.2656,3604.2070,7254.3555,0,14725.4727,10.4806,2.9425,7.2516,10.4806,2.9425,3.1282,33.3333,5.5368,24.2165,0.000600,0.020700,0.000600,0.000600,0.001900,0.010000,0.000600,0.075200,0.001000,0.018500,0.019700,0.025500,0.3556,0.1923,0.019400,0.006200,0.062700,0,0.046000,0.010600,0.074300,0.006100,0.031200,0.1243,0.015400,0.092400,0.4285,0.7394,0.3697,0.055200,3.1075,0.1085,0.031800,0.039200,0.7026,0.096800,0.001900,0.002600,0.063400,0.1985,0.049200,0.000700,0.5775,1094,405840,0.048900,0,0,0,0,0,0,0,0.008900,0,0,0,0,0,0,0,0,0,0,0,0,0,0,0,0,0,0,0
,0.066300,0.042700,2,76,0,74,0,0,14,233,42,0,454,3,0,0,13,2,0,0,0,0,0.009100,0.014000,0.3157,0.006000,0.009200,0.001000,0.8731,0.2049,0.050900,0.1230,0.001400,0.029200,0,1,768,256,11229,3565.7148,15494.9102,239.1602,0.001100,4,0.000100,0.008400,0.002300,0.015100,0.1801,0,0,0.064100,0.2852,3.6004,0.063900,0.000300,0.001100,0.000200,0.000200,0.005700,0.008000,0.046400,0.005200,0.034500,0.1344,0.012500,0.006900,1.4383,0.025600,0.009200,0.030900,0.012400,0.018400,0.080500,0.009800,0.073500,0.002200,0.074600,0.007800,0.070300,0.5987,0.005300,2.3561,0.000200,0.1778,0.000600,0.000400,0.030800,0.3137,0.9408,0.024600,1.0247,0.2081,0.002600,0.010600,0.000500,0.037200,0.3177,9.4050,8.7628,13.0955,634,16,0.2500,0,16,3.8438,1,0,0,629,1,0,115,102,13,0,-1,-1,0,-1,-1,13.9904,4.9185,0,1525.2227,1525.2227,1525.0977,95,906,561,322,0,0,0.000800,0,0,0.013800,0.080900,0.000600,0.010900,0.066200,0.038100,0.000700,0.001600,0.000200,0.001500,0.005400,0.001100,0.003800,0.020200,0.1327,0.054400,0.076600,0.1418,0.041600,0.3108,0.017400,0,0.000200,0.002100,0.061900,0.008400,0.001200,0.000500,0.034400,0.006200,0.011500,0.001300,0.1361,0.015300,0.039500,0.2150,0.066700,0.001300,0.047100,0.002400,0.034400,0.023200,0.024300,8.7927,0.056000,0.006200,0.000100,0,10.2308,0,0,0,0,0,0,0,50,0,0,0,0,1,1,9,9,2,1,1,4,1,1,1,1,1,1,7,7,1,1,50,9,6,42,76,794,950,0,0,0,0,0,-100,-100,-100,-100,600,1440,107.7673,0,0,-0.000000,-1,0,0,0,1,0,13.7344,5,50,75.1289,13.7344,0,0,48.9844,0,100,0,0,0,0,0,0,0,0,0,0.3971,0.3971,1,0.3971,0.3971,49.7844,8.9635,20141,90,568,135,11121.2656,3604.2070,7254.3555,0,14725.4727,10.8826,2.1647,7.8608,10.8826,2.1647,2.7948,33.3333,5.4136,23.9882,0.000200,0.021600,0.000600,0.000600,0.001700,0.006900,0.000600,0.073200,0,0.019400,0.028100,0.036800,0.3359,0.1931,0.019500,0.006100,0.061600,0,0.046000,0.012400,0.1999,0.006200,0.033000,0.1346,0.015500,0.091600,0.4249,0.7188,0.3658,0.058300,2.4559,0.094200,0.031800,0.038400,0.6823,0.087200,0.002100,0.002500,0.062100,0.1988,0.051200,0.000800,0.6020,1057,396776,0,0,0,0,0,0,0,0,0.007800,0,0,0,0,0,0,0,0,0,0,0,0,0,0,0,0,0,0,0
,0.016800,0.011700,2,63,0,61,0,0,13,233,31,0,454,3,0,0,12,2,0,0,0,0,0.011200,0.005700,0.3558,0.010900,0.009600,0.001100,0.8862,0.1986,0.053900,0.1270,0.001100,0.030600,0,2,768,256,11229,3565.7148,15494.9102,239.1602,0.001700,4,0.000300,0.2474,0.001800,0.012000,0.1745,0,0,0.060900,0.2316,2.9006,0.064500,0.000200,0.001200,0.000200,0.000400,0.007800,0.006600,0.045900,0.005600,0.033600,0.1098,0.024800,0.006600,0.7749,0.028100,0.009400,0.030600,0.012400,0.018700,0.086300,0.009900,0.075600,0.002200,0.093200,0.009100,0.070400,0.6033,0.005700,2.3561,0.000200,0.1861,0.000600,0.000400,0.029600,0.2977,0.7395,0.023300,0.8950,0.1407,0.002100,0.010100,0.000400,0.033800,0.1307,10.5818,8.7628,13.0955,634,16,0.2500,0,16,3.8438,1,0,0,629,1,0,115,102,13,0,-1,-1,0,-1,-1,13.9904,4.9185,0,1525.2227,1525.2227,1525.0977,95,893,561,322,0,0,0.000800,0,0,0.015500,0.080600,0.000600,0.012600,0.064900,0.037900,0.001000,0.001800,0.000400,0.001600,0.006400,0.001000,0.004000,0.022400,0.1264,0.056100,0.074100,0.1498,0.039800,0.2767,0.018100,0,0.000200,0.001400,0.060300,0.008100,0.001300,0.000300,0.023500,0.006000,0.011400,0.001200,0.1329,0.014800,0.039400,0.2033,0.068400,0.000900,0.041600,0.002400,0.033100,0.022400,0.017500,9.9918,0.068600,0.006900,0.000200,0,10.9553,0,0,0,0,0,0,0,50,0,0,0,0,1,1,9,9,2,1,1,4,1,1,1,1,1,1,7,7,1,1,50,9,6,42,76,794,950,0,0,0,0,0,-100,-100,-100,-100,600,1440,107.7673,0,0,-0.000000,-1,0,0,0,1,0,13.7344,5,50,75.1289,13.7344,0,0,48.9844,0,100,0,0,0,0,0,0,0,0,0,0.4284,0.4284,1,0.4284,0.4284,61.8836,8.9635,20141,90,568,135,11121.3594,3604.2070,7254.3555,0,14725.4727,12.1387,2.1141,7.3641,12.1387,2.1154,2.9165,33.3333,4.9891,24.3801,0.000300,0.023600,0.000600,0.000600,0.001500,0.007900,0.001600,0.072400,0,0.017400,0.039400,0.042200,0.3699,0.2020,0.023600,0.005100,0.071000,0,0.050100,0.010600,0.2041,0.005100,0.031900,0.1379,0.016200,0.091900,0.4238,0.6671,0.3079,0.057400,2.3276,0.094200,0.030700,0.038900,0.6973,0.086300,0.002000,0.002700,0.061000,0.1986,0.050200,0.000600,0.6631,1069,399658,0,0,0,0,0,0,0,0.001500,0.008300,0,0,0,0,0,0,0,0,0,0,0,0,0,0,0,0,0,0,0
,0.023900,0.006300,2,70,0,68,0,0,14,233,29,0,454,3,0,0,13,2,0,0,0,0,0.009000,0.004100,0.3340,0.005800,0.007800,0.001000,0.8634,0.2027,0.058300,0.1219,0.000800,0.031800,0.001000,1,768,256,11229,3565.7148,15494.9102,239.1602,0.001900,4,0.000200,0.017500,0.002100,0.013900,0.1880,0,0,0.057400,0.2495,2.6549,0.1328,0.000300,0.001200,0.000300,0.000200,0.007400,0.006700,0.053200,0.005400,0.032700,0.1282,0.010600,0.006500,1.3648,0.027300,0.008700,0.033700,0.012100,0.032000,0.094900,0.009200,0.066700,0.001900,0.077800,0.007800,0.081800,0.6390,0.006000,2.3742,0.000400,0.1887,0.000800,0.000400,0.029900,0.4268,0.6050,0.026100,0.9577,0.1675,0.001800,0.010300,0.000600,0.034400,0.075300,8.1961,8.7628,13.0955,634,16,0.2500,0,16,3.8438,1,0,0,629,1,0,115,102,13,0,-1,-1,0,-1,-1,13.9904,4.9185,0,1525.2227,1525.2227,1525.0977,95,874,561,322,0,0,0.000800,0,0,0.015700,0.077400,0.000500,0.015800,0.088300,0.045800,0.000900,0.001400,0.000200,0.001700,0.006400,0.001300,0.004500,0.022100,0.1755,0.064300,0.1011,0.1775,0.037900,0.1901,0.036400,0.2413,0.000400,0.002300,0.081400,0.008700,0.001400,0.000700,0.031500,0.006700,0.012000,0.001100,0.1408,0.013800,0.043200,0.1939,0.067100,0.001100,0.039500,0.003300,0.017000,0.023000,0.018300,7.6358,0.058800,0.006600,0.000100,0,12.1469,0,0,0,0,0,0,0,50,0,0,0,0,1,1,9,9,2,1,1,4,1,1,1,1,1,1,7,7,1,1,50,9,6,42,76,794,950,0,0,0,0,0,-100,-100,-100,-100,600,1440,107.7673,0,0,-0.000000,-1,0,0,0,1,0,13.7344,5,50,75.1289,13.7344,0,0,48.9844,0,100,0,0,0,0,0,0,0,0,0,0.5937,0.5937,1,0.5937,0.5937,10.7375,8.9635,20141,90,568,135,11121.3594,3604.2070,7254.3555,0,14725.5664,10.1409,2.5069,7.4809,10.1409,2.5080,3.0551,33.3333,6.0564,23.5412,0.000300,0.021700,0.000600,0.000700,0.001700,0.009500,0.001700,0.072300,0,0.019400,0.027000,0.036700,0.3421,0.1834,0.020500,0.006200,0.065400,0,0.046400,0.011700,0.2108,0.006100,0.031700,0.1351,0.015400,0.090700,0.4313,0.7730,0.3325,0.055400,3.5083,0.096300,0.032800,0.039800,0.6883,0.083200,0.001900,0.002400,0.061600,0.1976,0.049100,0.000700,0.6017,1009,393510,0,2195,1263,0,4.0164,0,0,0.001300,0.009000,0,0,0,0,0,0,0,0,0,0,0,0,0,0,0,0,0,0,0
,0.013800,0.016600,2,59,0,57,0,0,13,233,31,0,454,3,0,0,12,2,0,0,0,0,0.011200,0.012000,0.3179,0.006500,0.007900,0.001000,0.8698,0.1675,0.048800,0.1246,0.001100,0.021600,0,2,768,256,11229,3565.7148,15494.9102,239.1602,0.002100,6,0.000300,0.034800,0.002000,0.014800,0.1795,0,0,0.058100,0.2454,2.5266,0.066800,0.000200,0.001500,0.000300,0.000200,0.006800,0.006900,0.043000,0.005300,0.031100,0.1168,0.010600,0.005800,1.7815,0.031200,0.008200,0.033600,0.011400,0.018800,0.082700,0.010400,0.073600,0.002000,0.079400,0.008200,0.066500,0.5819,0.004200,2.2862,0.000200,0.1742,0.000500,0.000400,0.029800,0.3620,0.5989,0.024100,0.8896,0.1642,0.002500,0.011200,0.000500,0.035900,0.1033,9.0335,8.7628,13.0955,634,16,0.2500,0,16,3.8438,1,0,0,629,1,0,115,102,13,0,-1,-1,0,-1,-1,13.9904,4.9185,0,1525.2227,1525.2227,1525.0977,95,875,561,322,0,0,0.000800,0,0,0.015600,0.079000,0.000600,0.011900,0.068900,0.040700,0.000800,0.001500,0.000300,0.001600,0.005800,0.001000,0.003700,0.022200,0.1899,0.056300,0.084900,0.1591,0.045700,0.1469,0.023900,0.1312,0.000100,0.006300,0.065300,0.008500,0.001200,0.000700,0.027100,0.006200,0.012100,0.001000,0.1359,0.013800,0.040100,0.1976,0.077100,0.001000,0.039300,0.001800,0.031400,0.021600,0.019300,8.4544,0.059400,0.007500,0.000100,0.006400,10.0832,0,0,0,0,0,0,0,50,0,0,0,0,1,1,9,9,2,1,1,4,1,1,1,1,1,1,7,7,1,1,50,9,6,42,76,794,950,0,0,0,0,0,-100,-100,-100,-100,600,1440,107.7673,0,0,-0.000000,-1,0,0,0,1,0,13.7344,5,50,75.1289,13.7344,0,0,48.9844,0,100,0,0,0,0,0,0,0,0,0,0.4835,0.4835,1,0.4835,0.4835,21.4144,8.9635,20141,90,568,135,11121.4297,3604.2070,7254.3555,0,14725.5664,10.6564,2.2114,8.3915,10.6564,2.2114,2.8720,33.3333,5.5375,23.6907,0.000300,0.021000,0.000600,0.000600,0.001900,0.008300,0.000600,0.072000,0.001000,0.025600,0.030500,0.039500,0.3535,0.1833,0.019400,0.006200,0.067600,0,0.045000,0.015200,0.1905,0.005200,0.032500,0.1357,0.015800,0.091400,0.4276,0.7350,0.3015,0.056200,2.4276,0.095200,0.031800,0.039200,0.6922,0.095800,0.002000,0.002500,0.063100,0.1975,0.049200,0.000700,0.6060,1010,404920,0,0,0,0,0,0,0.007800,0,0.008600,0,0,0,0,0,0,0,0,0,0,0,0,0,0,0,0,0,0,0
,0.015900,0.006400,2,80,0,78,0,0,14,233,42,0,454,3,0,0,13,2,0,0,0,0,0,0.006700,0.3356,0.006800,0.009000,0.001000,0.9061,0.2204,0.050600,0.1362,0,0.042600,0.006900,1,768,256,11229,3565.7148,15494.9102,239.1602,0.003000,3,0.000200,0.012700,0.002900,0.015800,0.2145,0,0,0.060100,0.2498,2.6221,0.074100,0.000200,0.001400,0.000300,0.000300,0.007000,0.007700,0.048800,0.005300,0.033900,0.1414,0.013500,0.006400,1.9810,0.030600,0.009400,0.038100,0.011900,0.018200,0.076700,0.013000,0.073300,0.002400,0.078000,0.007500,0.068600,0.5848,0.004800,2.3108,0.000300,0.1766,0.000600,0.000300,0.028300,0.3774,0.5859,0.025700,0.9223,0.1159,0.001900,0.009500,0.000500,0.032600,0.1547,8.8642,8.7628,13.0955,634,16,0.2500,0,16,3.8438,1,0,0,629,1,0,115,102,13,0,-1,-1,0,-1,-1,13.9904,4.9185,0,1525.2227,1525.2227,1525.0977,95,876,561,322,0,0,0.001000,0,0,0.014700,0.082400,0.000500,0.012300,0.071700,0.042000,0.000900,0.001800,0.000200,0.001500,0.006300,0.001000,0.003800,0.022800,0.1538,0.1371,0.080300,0.1586,0.048000,0.1970,0.030400,0.058800,0.000400,0.001500,0.065500,0.008400,0.001200,0.000400,0.026100,0.006300,0.012100,0.001200,0.1381,0.014700,0.043000,0.2097,0.074100,0.001300,0.045100,0.002500,0.032300,0.024200,0.017600,8.2663,0.061400,0.007500,0.000100,0.006300,10.6901,0,0,0,0,0,0,0,50,0,0,0,0,1,1,9,9,2,1,1,4,1,1,1,1,1,1,7,7,1,1,50,9,6,42,76,794,950,0,0,0,0,0,-100,-100,-100,-100,600,1440,107.7673,0,0,-0.000000,-1,0,0,0,1,0,13.7344,5,50,75.1289,13.7344,0,0,48.9844,0,100,0,0,0,0,0,0,0,0,0,0.4328,0.4328,1,0.4328,0.4328,31.9671,8.9635,20141,90,568,135,11121.4297,3604.2070,7254.3555,0,14725.6367,10.5687,2.2568,7.3928,10.5687,2.2568,2.9596,33.3333,5.3812,23.9224,0.000200,0.021200,0.000600,0.000700,0.001500,0.011800,0.000500,0.076900,0,0.017400,0.026900,0.034900,0.9108,0.2113,0.021500,0.005100,0.066100,0,0.044200,0.014900,0.1830,0.006200,0.034300,0.1571,0.017500,0.090200,0.4258,0.6620,0.3002,0.057300,2.3182,0.094200,0.030700,0.038300,0.6944,0.071700,0.001900,0.002500,0.061500,0.1946,0.050100,0.000600,0.7885,936,388740,0,0,0,0,0,0,0,0,0.008100,0,0,0,0,0,0,0,0,0,0,0,0,0,0,0,0,0,0,0
,0.013000,0.008700,2,57,0,55,0,0,13,233,12,0,454,3,0,0,12,2,0,0,0,0,0.027900,0.007100,0.3311,0.3291,0.009100,0.001100,0.8571,0.1937,0.051600,0.1234,0.002200,0.040400,0,0,768,256,11229,3565.7148,15494.9102,239.1602,0.001400,3,0.000600,0.007500,0.002000,0.013800,0.1874,0,0,0.053600,0.2959,2.7053,0.061400,0.000200,0.001400,0.000200,0.000400,0.007400,0.006600,0.040400,0.005200,0.033300,0.1116,0.011300,0.006000,1.4370,0.028500,0.008800,0.036400,0.011400,0.018300,0.087700,0.008000,0.074100,0.002000,0.088900,0.010700,0.074800,0.6587,0.004900,2.5443,0.000300,0.2070,0.000600,0.000300,0.030300,0.3116,0.6005,0.025300,1.0974,0.1514,0.001900,0.010300,0.000600,0.037400,0.080100,9.4038,8.7628,13.0955,634,16,0.2500,0,16,3.8438,1,0,0,629,1,0,115,102,13,0,-1,-1,0,-1,-1,13.9904,4.9185,0,1525.2227,1525.2227,1525.0977,95,878,561,322,0,0,0.000700,0,0,0.016700,0.089700,0.000700,0.012600,0.075800,0.041700,0.000700,0.001800,0.000400,0.001600,0.006800,0.001100,0.004300,0.023800,0.1363,0.061000,0.084800,0.1646,0.045500,0.2021,0.020800,0.067300,0.000200,0.001500,0.064700,0.009400,0.001300,0.000600,0.027400,0.006600,0.012200,0.001200,0.1475,0.014600,0.040900,0.1966,0.072100,0.001100,0.026800,0.002900,0.017400,0.022100,0.020400,8.8863,0.058300,0.007000,0.000100,0,10.4860,0,0,0,0,0,0,0,50,0,0,0,0,1,1,9,9,2,1,1,4,1,1,1,1,1,1,7,7,1,1,50,9,6,42,76,794,950,0,0,0,0,0,-100,-100,-100,-100,600,1440,107.7673,0,0,-0.000000,-1,0,0,0,1,0,13.7344,5,50,75.1289,13.7344,0,0,48.9844,0,100,0,0,0,0,0,0,0,0,0,0.4298,0.4298,1,0.4298,0.4298,42.9806,8.9635,20141,90,568,135,11121.4297,3604.2070,7254.3555,0,14725.6367,10.9635,2.1533,7.8115,10.9635,2.1533,2.9612,33.3333,5.3091,24.3787,0.000700,0.021900,0.000600,0.000500,0.001600,0.008000,0.000600,0.073100,0,0.017400,0.030600,0.039100,0.3528,0.1932,0.019500,0.006100,0.065700,0,0.046900,0.013500,0.1857,0.006200,0.032800,0.1360,0.014800,0.094700,0.8675,0.7065,0.3883,0.057400,2.0559,0.093200,0.036800,0.039600,0.6954,0.4938,0.001900,0.002500,0.060900,0.1986,0.050200,0.000700,0.6057,938,388764,0,0,0,0,0,0,0,0,0.009000,0,0,0,0,0,0,0,0,0,0,0,0,0,0,0,0,0,0,0
,0.078200,0.005900,2,57,0,55,0,0,13,233,14,0,454,3,0,0,12,2,0,0,0,0,0,0.004700,0.3433,0.005600,0.009600,0.001100,0.8627,0.2107,0.053900,0.1348,0.000900,0.026400,0.005200,1,768,256,11229,3565.7148,15494.9102,239.1602,0.002000,2,0.000100,0.009200,0.002000,0.015700,0.1788,0,0,0.076000,0.2414,2.5231,0.066400,0.000200,0.001400,0.000200,0.000300,0.006900,0.007700,0.045300,0.005300,0.033700,0.1053,0.010600,0.005800,1.5103,0.029100,0.008900,0.038900,0.011500,0.019700,0.088700,0.009100,0.073700,0.002200,0.076400,0.007700,0.069100,0.5843,0.004400,2.3114,0.000300,0.1897,0.000600,0.000400,0.030500,0.3092,0.6875,0.024900,1.0900,0.1268,0.002100,0.011200,0.000400,0.035300,0.2398,9.4470,8.7628,13.0955,634,16,0.2500,0,16,3.8438,1,0,0,629,1,0,115,102,13,0,-1,-1,0,-1,-1,13.9904,4.9185,0,1525.2227,1525.2227,1525.0977,95,874,561,321,0,0,0.001000,0,0,0.016300,0.081200,0.000600,0.011600,0.070300,0.041200,0.000700,0.001500,0.000400,0.001700,0.006300,0.001200,0.004000,0.024100,0.1515,0.057900,0.094000,0.1525,0.040100,0.2294,0.019900,0.006300,0.000400,0.001800,0.065200,0.008900,0.001400,0.000500,0.027200,0.006600,0.012100,0.000900,0.1384,0.016300,0.045900,0.2027,0.067200,0.001200,0.031200,0.002600,0.030900,0.022600,0.017800,8.8619,0.062100,0.006300,0.000100,0,10.9834,0,0,0,0,0,0,0,50,0,0,0,0,1,1,9,9,2,1,1,4,1,1,1,1,1,1,7,7,1,1,50,9,6,42,76,794,950,0,0,0,0,0,-100,-100,-100,-100,600,1440,107.7673,0,0,-0.000000,-1,0,0,0,1,0,13.7344,5,50,75.1289,13.7344,0,0,48.9844,0,100,0,0,0,0,0,0,0,0,0,0.4189,0.4189,1,0.4189,0.4189,53.9010,8.9635,20141,90,568,135,11121.4297,3604.2070,7254.3555,0,14725.6367,10.9025,2.0502,7.8169,10.9025,2.0512,2.9663,33.3333,5.2969,23.9571,0.000600,0.022800,0.000600,0.000600,0.001600,0.007300,0.001600,0.073300,0,0.020400,0.020500,0.039900,0.3414,0.1870,0.018400,0.006100,0.068500,0,0.045500,0.012800,0.1853,0.006200,0.032200,0.1350,0.015000,0.093400,0.4303,0.7731,0.3159,0.056300,2.4686,0.095200,0.030800,0.038000,0.7006,0.073800,0.001800,0.002700,0.063300,0.1945,0.050200,0.000600,0.6050,948,391156,0.052800,0,0,0,0,0,0,0.001100,0.008300,0,0,0,0,0,0,0,0,0,0,0,0,0,0,0,0,0,0,0
,0.020600,0.006700,2,57,0,55,0,0,13,233,14,0,454,3,0,0,12,2,0,0,0,0,0.009700,0.002100,0.3384,0.006000,0.009500,0.001100,0.8811,0.1726,0.053700,0.1298,0.001400,0.024800,0,72,768,256,11229,3565.7148,15494.9102,239.1602,0.001400,5,0,0.008400,0.002000,0.013700,0.1840,0,0,0.057000,0.2416,2.7174,0.092300,0.000200,0.001600,0.000200,0.000400,0.007200,0.008900,0.052900,0.006000,0.033800,0.1147,0.012400,0.006000,1.7770,0.029600,0.008200,0.033800,0.011600,0.018800,0.075200,0.021600,0.078900,0.002200,0.1160,0.008100,0.068800,0.5799,0.005200,2.3710,0.000300,0.1879,0.000500,0.000400,0.028100,0.2971,0.6227,0.024200,0.9087,0.1176,0.002000,0.010100,0.000500,0.036500,0.1164,9.0766,8.7628,13.0955,634,16,0.2500,0,16,3.8438,1,0,0,629,1,0,115,102,13,0,-1,-1,0,-1,-1,13.9904,4.9185,0,1525.2227,1525.2227,1525.0977,95,876,561,321,0,0,0.001000,0,0,0.015700,0.078200,0.000600,0.012300,0.069100,0.040200,0.001100,0.001700,0.000300,0.001500,0.006800,0.001100,0.004100,0.024100,0.1394,0.059300,0.078700,0.1631,0.041700,0.1926,0.021000,0.075600,0.000200,0.001500,0.060600,0.008000,0.001400,0.000700,0.024700,0.006100,0.011900,0.000900,0.1390,0.014300,0.044100,0.2033,0.068400,0.001300,0.044900,0.002900,0.032700,0.021800,0.017100,8.5000,0.060900,0.006500,0.000100,0,11.0150,0,0,0,0,0,0,0,50,0,0,0,0,1,1,9,9,2,1,1,4,1,1,1,1,1,1,7,7,1,1,50,9,6,42,76,794,950,0,0,0,0,0,-100,-100,-100,-100,600,1440,107.7673,0,0,-0.000000,-1,0,0,0,1,0,13.7344,5,50,75.1289,13.7344,0,0,48.9844,0,100,0,0,0,0,0,0,0,0,0,0.4403,0.4403,1,0.4403,0.4403,3.7199,8.9635,20141,90,568,135,11121.4297,3604.2070,7254.3555,0,14725.6367,10.7312,2.1609,7.3658,10.7312,2.1618,2.8962,33.3333,5.8462,23.7366,0.000200,0.021600,0.000700,0.000700,0.001500,0.008600,0.000700,0.073300,0,0.018400,0.026600,0.039300,0.3549,0.3132,0.018500,0.005100,0.061400,0,0.042500,0.021600,0.1977,0.006100,0.035400,0.1844,0.016400,0.1466,0.4276,0.6994,0.4823,0.7875,2.0930,0.092100,0.041000,0.2919,0.7164,0.066700,0.002100,0.002600,0.075700,0.1976,0.049200,0.000700,0.6302,931,387544,0,2178,1205,0,0.9550,0,0,0.001000,0.008900,0,0,0,0,0,0,0,0,0,0,0,0,0,0,0,0,0,0,0
,0.015100,0.010000,2,57,0,55,0,0,13,233,12,0,454,3,0,0,12,2,0,0,0,0,0.018300,0.008900,0.3206,0.005400,0.014300,0.000800,0.8539,0.1967,0.051500,0.1242,0.001300,0.047900,0,1,768,256,11229,3565.7148,15494.9102,239.1602,0.001100,4,0.000200,0.007600,0.001800,0.018900,0.1902,0,0,0.058400,0.2575,2.5632,0.1292,0.000200,0.001300,0.000200,0.000200,0.006700,0.007000,0.051300,0.005700,0.033900,0.1187,0.014500,0.008500,1.2259,0.029400,0.009200,0.035200,0.012300,0.019700,0.070100,0.014800,0.074200,0.002100,0.1269,0.008600,0.069100,0.5769,0.004400,2.3942,0.000300,0.2028,0.000600,0.000300,0.032300,0.3982,0.7032,0.026200,0.9598,0.1581,0.002000,0.011100,0.000300,0.035100,0.3387,9.3471,8.7628,13.0955,634,16,0.2500,0,16,3.8438,1,0,0,629,1,0,115,102,13,0,-1,-1,0,-1,-1,13.9904,4.9185,0,1525.2227,1525.2227,1525.0977,95,874,561,321,0,0,0.001100,0,0,0.017800,0.090900,0.000700,0.013900,0.071100,0.040300,0.001100,0.001700,0.000400,0.001700,0.006800,0.001100,0.004600,0.022400,0.1648,0.062400,0.092100,0.1571,0.043700,0.1792,0.031600,0.055500,0.000300,0.001600,0.064500,0.010100,0.001100,0.000500,0.026200,0.005900,0.012000,0.001100,0.1438,0.015800,0.041900,0.2083,0.070800,0.001000,0.050000,0.002300,0.020700,0.023600,0.019100,8.7362,0.057700,0.007200,0.000100,0,10.5941,0,0,0,0,0,0,0,50,0,0,0,0,1,1,9,9,2,1,1,4,1,1,1,1,1,1,7,7,1,1,50,9,6,42,76,794,950,0,0,0,0,0,-100,-100,-100,-100,600,1440,107.7673,0,0,-0.000000,-1,0,0,0,1,0,13.7344,5,50,75.1289,13.7344,0,0,48.9844,0,100,0,0,0,0,0,0,0,0,0,0.4288,0.4288,1,0.4288,0.4288,14.6096,8.9635,20141,90,568,135,11121.4297,3604.2070,7254.3555,0,14725.6367,10.8748,2.1261,8.3548,10.8748,2.1272,2.9325,33.3333,5.3838,24.2310,0.000600,0.022600,0.000500,0.000600,0.001700,0.008300,0.001700,0.072500,0,0.021500,0.030600,0.039300,0.3387,0.1911,0.019400,0.006200,0.067100,0,0.045300,0.026700,0.1989,0.005100,0.032400,0.1372,0.015800,0.089900,0.4293,0.6887,0.3337,0.057400,2.4741,0.096300,0.030700,0.038800,1.1111,0.060300,0.002000,0.002500,0.062100,0.2057,0.050200,0.000500,0.5991,977,400746,0,0,0,0,0,0,0,0.001300,0.008100,0,0,0,0,0,0,0,0,0,0,0,0,0,0,0,0,0,0,0
,0.013600,0.027300,2,63,0,61,0,0,13,233,39,0,454,3,0,0,12,2,0,0,0,0,0,0.006100,0.3263,0.005600,0.008900,0.001000,0.8798,0.2143,0.051500,0.1339,0,0.029100,0.001900,1,768,256,11229,3565.7148,15494.9102,239.1602,0.002100,4,0,0.008300,0.001900,0.019800,0.1744,0,0,0.056100,0.2540,2.5513,0.089100,0.000200,0.001600,0.000300,0.000200,0.008000,0.007400,0.045700,0.005400,0.032500,0.1282,0.009600,0.006100,1.3815,0.028300,0.007700,0.029300,0.011800,0.019400,0.083500,0.010400,0.076200,0.001900,0.1088,0.008100,0.068300,0.5821,0.004500,2.4784,0.000300,0.2116,0.000600,0.000200,0.029400,0.3030,0.6906,0.025900,0.9583,0.1093,0.001900,0.010800,0.000600,0.033900,0.1148,9.0331,8.7628,13.0955,634,16,0.2500,0,16,3.8438,1,0,0,629,1,0,115,102,13,0,-1,-1,0,-1,-1,13.9904,4.9185,0,1525.2227,1525.2227,1525.0977,95,875,561,321,0,0,0.001200,0,0,0.014600,0.079400,0.000900,0.011900,0.072500,0.041700,0.001000,0.001700,0.000300,0.001600,0.006800,0.001200,0.003900,0.022100,0.1425,0.058600,0.077800,0.1556,0.042100,0.2720,0.020600,0.066100,0.000500,0.001900,0.066600,0.009100,0.001300,0.000400,0.025800,0.006200,0.012100,0.001400,0.1463,0.014400,0.042000,0.2075,0.068500,0.001000,0.040500,0.002800,0.033300,0.023000,0.018100,8.4625,0.057000,0.006400,0.000100,0,10.9878,0,0,0,0,0,0,0,50,0,0,0,0,1,1,9,9,2,1,1,4,1,1,1,1,1,1,7,7,1,1,50,9,6,42,76,794,950,0,0,0,0,0,-100,-100,-100,-100,600,1440,107.7673,0,0,-0.000000,-1,0,0,0,1,0,13.7344,5,50,75.1289,13.7344,0,0,48.9844,0,100,0,0,0,0,0,0,0,0,0,0.4956,0.4956,1,0.4956,0.4956,25.3445,8.9635,20141,90,568,135,11121.4297,3604.2070,7254.3555,0,14725.6367,10.7456,2.2936,7.3881,10.7456,2.2936,2.9048,33.3333,5.5075,23.5740,0.000600,0.021200,0.000500,0.000700,0.001700,0.007800,0.001500,0.072000,0,0.019500,0.029300,0.037500,0.3464,0.1848,0.019500,0.006100,0.062600,0,0.046000,0.023600,0.1918,0.006100,0.032400,0.1365,0.016200,0.091400,0.4292,0.7057,0.3069,0.057400,2.4320,0.095200,0.031800,0.040500,0.6908,0.090900,0.001800,0.002700,0.061500,0.1976,0.050200,0.000700,0.6001,980,396178,0,0,0,0,0,0,0.003100,0,0.008500,0,0,0,0,0,0,0,0,0,0,0,0,0,0,0,0,0,0,0
,0.022000,0.005800,2,73,0,71,0,0,14,233,29,0,454,3,0,0,13,2,0,0,0,0,0.023800,0.009400,0.3154,0.005500,0.009300,0.001100,0.9073,0.2102,0.1294,0.1584,0.002300,0.027000,0.001100,0,768,256,11229,3565.7148,15494.9102,239.1602,0.004400,2,0.000200,0.007500,0.001900,0.020100,0.1900,0,0,0.056500,0.2926,2.7764,0.067900,0.000200,0.001400,0.000200,0.000600,0.009500,0.008400,0.045600,0.005700,0.031800,0.1346,0.011700,0.006100,1.5314,0.030800,0.009000,0.036800,0.011900,0.018900,0.089600,0.011700,0.076900,0.002400,0.1056,0.008000,0.076800,0.6042,0.004700,2.3339,0.000200,0.1868,0.000600,0.000300,0.030400,0.2940,0.6206,0.025400,0.9710,0.1485,0.001800,0.009600,0.000600,0.034500,0.1718,9.0202,8.7628,13.0955,634,16,0.2500,0,16,3.8438,1,0,0,629,1,0,115,102,13,0,-1,-1,0,-1,-1,13.9904,4.9185,0,1525.2227,1525.2227,1525.0977,95,879,561,321,0,0,0.000800,0,0,0.014500,0.081400,0.000500,0.011900,0.066600,0.042100,0.000800,0.001800,0.000300,0.001600,0.006500,0.001000,0.004000,0.023000,0.1619,0.058300,0.076500,0.1543,0.043900,0.2088,0.032600,0.064500,0.000400,0.001800,0.063600,0.008200,0.001100,0.000600,0.026400,0.006300,0.011000,0.001200,0.1367,0.015900,0.038900,0.2035,0.070100,0.001200,0.041700,0.002400,0.032100,0.021600,0.016300,8.5271,0.061200,0.006500,0.000100,0,10.6131,0,0,0,0,0,0,0,50,0,0,0,0,1,1,9,9,2,1,1,4,1,1,1,1,1,1,7,7,1,1,50,9,6,42,76,794,950,0,0,0,0,0,-100,-100,-100,-100,600,1440,107.7673,0,0,-0.000000,-1,0,0,0,1,0,13.7344,5,50,75.1289,13.7344,0,0,48.9844,0,100,0,0,0,0,0,0,0,0,0,0.4586,0.4586,1,0.4586,0.4586,35.9689,8.9635,20141,90,568,135,11121.3945,3604.2070,7254.3555,0,14725.6367,10.5628,2.0983,7.3630,10.5628,2.0983,2.9010,33.3333,5.3648,23.3890,0.000200,0.021300,0.000600,0.000600,0.001700,0.007700,0.000600,0.073600,0,0.019400,0.028100,0.035300,0.3546,0.1957,0.019400,0.006200,0.072900,0,0.052400,0.022100,0.1925,0.005100,0.032600,0.1363,0.016100,0.090100,0.4309,1.6725,0.3473,0.056300,2.4617,0.094200,0.030700,0.039600,0.6915,0.098100,0.002000,0.002500,0.062600,0.1966,0.050200,0.000600,0.6022,955,392070,0,0,0,0,0,0,0,0,0.007800,0,0,0,0,0,0,0,0,0,0,0,0,0,0,0,0,0,0,0
,0.023400,0.006100,2,60,0,58,0,0,13,233,28,0,454,3,0,0,12,2,0,0,0,0,0.007500,0.005800,0.3259,0.005400,0.008100,0.000900,0.8646,0.1776,0.050200,0.1285,0.001200,0.030900,0,1,768,256,11229,3565.7148,15494.9102,239.1602,0.001100,3,0.000400,0.018200,0.002100,0.019300,0.2115,0,0,0.063000,0.2737,2.9252,0.075100,0.000300,0.001400,0.000200,0.000200,0.006100,0.007200,0.044700,0.004800,0.033000,0.1200,0.010800,0.006100,0.5063,0.025800,0.008800,0.037100,0.011100,0.018600,0.084100,0.008600,0.072400,0.001900,0.098800,0.009700,0.071200,0.6232,0.005200,2.3813,0.000300,0.1940,0.000700,0.000300,0.029300,0.3218,0.6152,0.023400,0.9167,0.4075,0.001800,0.010100,0.000400,0.086900,0.4906,9.1180,8.7628,13.0955,634,16,0.2500,0,16,3.8438,1,0,0,629,1,0,115,102,13,0,-1,-1,0,-1,-1,13.9904,4.9185,0,1525.2227,1525.2227,1441.5039,95,875,561,321,0,0,0.000900,0,0,0.017600,0.081400,0.000500,0.011600,0.075800,0.042900,0.000800,0.001800,0.000300,0.001700,0.006800,0.000900,0.004200,0.022700,0.1440,0.061400,0.081800,0.1635,0.040100,0.1647,0.054400,0.1238,0.000300,0.002000,0.069700,0.010200,0.001400,0.000600,0.031800,0.007800,0.013100,0.001300,0.1459,0.014300,0.042200,0.1951,0.070700,0.001300,0.040800,0.002500,0.018200,0.025000,0.018300,8.5402,0.055900,0.010500,0.000300,0,10.7133,0,0,0,0,0,0,0,50,0,0,0,0,1,1,9,9,2,1,1,4,1,1,1,1,1,1,7,7,1,1,50,9,6,42,76,794,950,0,0,0,0,0,-100,-100,-100,-100,600,1440,107.7673,0,0,-0.000000,-1,0,0,0,1,0,13.7344,5,50,75.1289,13.7344,0,0,48.9844,0,100,0,0,0,0,0,0,0,0,0,0.4616,0.4616,1,0.4616,0.4616,46.7549,8.9635,20141,90,568,135,11121.3945,3604.2070,7254.3555,0,14725.6016,10.7874,2.2500,8.2900,10.7874,2.2510,2.9938,33.3333,5.4144,22.7625,0.000600,0.021500,0.000500,0.000600,0.001700,0.010700,0.000600,0.076200,0,0.019500,0.021400,0.026200,0.3479,0.1917,0.021500,0.005100,0.062200,0,0.046600,0.008500,0.1747,0.006100,0.032500,0.1364,0.015400,0.091400,0.4270,0.7387,0.3354,0.057400,2.4894,0.095200,0.030700,0.039700,1.4734,0.098000,0.001900,0.002400,0.065400,0.1955,0.047100,0.000600,0.6122,983,399914,0,0,0,0,0,0,0,0.001100,0.007900,0,0,0,0,0,0,0,0,0,0,0,0,0,0,0,0,0,0,0
,0.027400,0.033900,2,64,0,62,0,0,13,233,28,0,454,3,0,0,12,2,0,0,0,0,0,0.006800,0.3233,0.005700,0.009500,0.001000,1.0073,0.2220,0.057500,0.1235,0.001300,0.2364,0,0,768,256,11229,3565.7148,15494.9102,239.1602,0.001400,7,0.000400,0.013000,0.002400,0.020900,0.1869,0,0,0.061100,0.2116,2.5117,0.067900,0.000400,0.001100,0.000200,0.000600,0.007300,0.007100,0.043300,0.005200,0.033200,0.1112,0.011300,0.006000,1.3455,0.025100,0.007800,0.037300,0.011800,0.018900,0.073400,0.010700,0.076000,0.002100,0.097300,0.008000,0.069500,0.6796,0.006700,2.3895,0.000400,0.1954,0.000600,0.000300,0.029100,0.3108,0.7038,0.025200,0.9275,0.4652,0.002100,0.011200,0.000400,0.034300,0.076500,9.0748,8.7628,13.0955,634,16,0.2500,0,16,3.8438,1,0,0,629,1,0,115,102,13,0,-1,-1,0,-1,-1,13.9904,4.9185,0,1525.2227,1525.2227,1525.0977,95,876,561,321,0,0,0.001000,0,0,0.016800,0.079600,0.000700,0.013400,0.067700,0.038900,0.001000,0.001400,0.000200,0.001600,0.006100,0.001000,0.003600,0.023900,0.1329,0.057200,0.077600,0.1498,0.046900,0.2991,0.020000,0,0.000100,0.001900,0.070600,0.008400,0.001300,0.000400,0.023500,0.006000,0.011300,0.001000,0.1292,0.013700,0.038400,0.2120,0.066000,0.001100,0.020500,0.002900,0.032100,0.022700,0.019400,8.5233,0.062300,0.006800,0.000100,0,10.7124,0,0,0,0,0,0,0,50,0,0,0,0,1,1,9,9,2,1,1,4,1,1,1,1,1,1,7,7,1,1,50,9,6,42,76,794,950,0,0,0,0,0,-100,-100,-100,-100,600,1440,107.7673,0,0,-0.000000,-1,0,0,0,1,0,13.7344,5,50,75.1289,13.7344,0,0,48.9844,0,100,0,0,0,0,0,0,0,0,0,0.4244,0.4244,1,0.4244,0.4244,57.3505,8.9635,20141,90,568,135,11121.3945,3604.2070,7254.3555,0,14725.6016,10.6412,2.0908,8.2900,10.6412,2.0908,2.9899,33.3333,5.8325,22.4833,0.000200,0.020300,0.000600,0.000800,0.001800,0.008300,0.000600,0.072800,0.001000,0.018500,0.026600,0.040800,0.3580,0.2986,0.018500,0.005100,0.063200,0,0.044400,0.007100,0.1953,0.005100,0.032700,0.1368,0.015400,0.087600,0.4295,0.6966,0.3780,0.057300,2.0848,0.093200,0.030700,0.039200,0.6885,0.064800,0.002100,0.002400,0.060900,0.1966,0.050200,0.000700,0.6174,933,386878,0,0,0,0,0,0,0,0,0.009500,0,0,0,0,0,0,0,0,0,0,0,0,0,0,0,0,0,0,0
,0.094100,0.010500,2,57,0,55,0,0,13,233,12,0,454,3,0,0,12,2,0,0,0,0,0.010500,0,0.3278,0.005800,0.009900,0.000900,0.8484,0.1713,0.047600,0.1236,0,0.2441,0,0,768,256,11229,3565.7148,15494.9102,239.1602,0,4,0.000300,0.011800,0.002200,0.020600,0.1859,0,0,0,0.2566,2.6047,0.064000,0.000400,0.001300,0.000200,0.000400,0.006700,0.006400,0.042100,0.005500,0.032600,0.1264,0.010100,0.006000,0.1454,0.025900,0.008600,0.027900,0.011800,0.019300,0.099100,0.012300,0.073400,0.002500,0.084500,0.008100,0.071900,0.6094,0.005600,2.3603,0.000300,0.1909,0.000600,0.000300,0.029600,0.3127,0.6845,0.023200,0.9223,0.1758,0.002000,0.010300,0.000400,0.036000,0.3308,9.1171,8.7628,13.0955,634,16,0.2500,0,16,3.8438,1,0,0,629,1,0,115,102,13,0,-1,-1,0,-1,-1,13.9904,4.9185,0,1525.2227,1525.2227,1525.0977,95,884,561,321,0,0,0.001000,0,0,0.017300,0.079600,0.000600,0.013100,0.070000,0.044300,0.000900,0.002000,0.000200,0.001900,0.006800,0.001000,0.004200,0.026000,0.1575,0.056300,0.086800,0.1719,0.037900,0.1585,0.021200,0.089600,0.000100,0.005600,0.063900,0.008400,0.001500,0.000400,0.027000,0.006600,0.012200,0.001400,0.1381,0.015500,0.039600,0.2030,0.070100,0.001000,0.030300,0.002900,0.032400,0.022200,0.016000,8.5633,0.061600,0.005900,0.000100,0,10.6074,0,0,0,0,0,0,0,50,0,0,0,0,1,1,9,9,2,1,1,4,1,1,1,1,1,1,7,7,1,1,50,9,6,42,76,794,950,0,0,0,0,0,-100,-100,-100,-100,600,1440,107.7673,0,0,-0.000000,-1,0,0,0,1,0,13.7344,5,50,75.1289,13.7344,0,0,48.9844,0,100,0,0,0,0,0,0,0,0,0,0.4249,0.4249,1,0.4249,0.4249,5.5689,8.9635,20141,90,568,135,11121.3047,3604.2070,7254.3555,0,14725.6016,10.6960,2.0945,7.3420,10.6960,2.0963,2.9171,33.3333,5.3534,22.8348,0.000200,0.022200,0.000700,0.000600,0.001700,0.009400,0.000600,0.073700,0,0.019500,0.027400,0.034200,0.3479,0.1957,0.021500,0.006200,0.061400,0,0.045800,0.007600,0.1963,0.005200,0.032300,0.1427,0.015500,0.091100,0.4250,0.7154,0.7486,0.055300,2.6718,0.096200,0.030800,0.039100,0.6915,0.1397,0.002300,0.002300,0.063300,0.1955,0.050200,0.000600,0.5943,1011,403082,0.051300,2370,1337,0,0.9847,0.3411,0,0.001900,0.007800,0,0,0,0,0,0,0,0,0,0,0,0,0,0,0,0,0,0,0
,0.013700,0.015300,2,76,0,74,0,0,14,233,44,0,454,3,0,0,13,2,0,0,0,0,0.1596,0.002600,0.3118,0.006200,0.009100,0.001000,0.8310,0.4132,0.052000,0.1314,0.002100,0.024100,0,0,768,256,11229,3565.7148,15494.9102,239.1602,0.003500,2,0.000200,0.3278,0.001500,0.017500,0.1881,0,0,0.2609,0.2188,2.7825,0.065200,0.000200,0.001200,0.000200,0.000200,0.006900,0.006700,0.043200,0.005300,0.1340,0.1388,0.011600,0.005900,0.7640,0.025800,0.008700,0.030700,0.011800,0.019000,0.086300,0.010100,0.070100,0.002100,0.077500,0.011200,0.075100,0.6564,0.005600,2.5170,0.000300,0.2064,0.000600,0.000300,0.031000,0.3169,0.6216,0.024400,0.9601,0.1707,0.002100,0.009800,0.000500,0.035700,0.1061,8.1064,8.7628,13.0955,634,16,0.2500,0,16,3.8438,1,0,0,629,1,0,115,102,13,0,-1,-1,0,-1,-1,13.9904,4.9185,0,1525.2227,1525.2227,1525.0977,95,877,561,322,0,0,0.000800,0,0,0.015200,0.080500,0.000500,0.012300,0.069100,0.041800,0.001400,0.001900,0.000200,0.001700,0.007000,0.001200,0.004300,0.023700,0.1306,0.057800,0.077400,0.1559,0.037800,0.3823,0.014900,0,0.000400,0.011800,0.064100,0.009300,0.001400,0.000600,0.025500,0.006600,0.011900,0.001300,0.1382,0.015100,0.041000,0.1968,0.069900,0.001500,0.045300,0.002200,0.017500,0.024600,0.017200,7.5826,0.075500,0.007300,0.000100,0,10.7388,0,0,0,0,0,0,0,50,0,0,0,0,1,1,9,9,2,1,1,4,1,1,1,1,1,1,7,7,1,1,50,9,6,42,76,794,950,0,0,0,0,0,-100,-100,-100,-100,600,1440,107.7673,0,0,-0.000000,-1,0,0,0,1,0,13.7344,5,50,75.1289,13.7344,0,0,48.9844,0,100,0,0,0,0,0,0,0,0,0,0.4425,0.4425,1,0.4425,0.4425,15.4224,8.9635,20141,90,568,135,11120.9062,3604.2070,7254.3555,0,14725.5117,9.7827,2.2458,8.2433,9.7827,2.2458,2.6794,33.3333,5.7497,22.5030,0.000700,0.022200,0.000500,0.000700,0.001900,0.008400,0.001600,0.074700,0,0.021600,0.021800,0.026600,0.3666,0.1972,0.019400,0.005100,0.061700,0,0.047100,0.018500,0.1912,0.005100,0.032300,0.3465,0.015600,0.086700,0.4253,0.6878,0.3302,0.063400,2.4783,0.094300,0.030700,0.038200,0.6886,0.1016,0.002000,0.002500,0.062900,0.1976,0.049200,0.000700,0.6205,980,399900,0,0,0,0,0,0,0.004900,0,0.009100,0,0,0,0,0,0,0,0,0,0,0,0,0,0,0,0,0,0,0
,0.015400,0.006900,2,64,0,62,0,0,13,233,27,0,454,3,0,0,12,2,0,0,0,0,0,0.007000,0.3335,0.004500,0.009000,0.001000,0.8717,0.1825,0.051800,0.1278,0.001600,0.032500,0.003200,0,768,256,11229,3565.7148,15494.9102,239.1602,0.001600,5,0.000100,0.009300,0.001900,0.014400,0.1854,0,0,0.072500,0.2863,2.7017,0.065600,0.000200,0.001600,0.000300,0.000300,0.007600,0.007000,0.047200,0.005700,0.032400,0.1311,0.011500,0.006700,1.4704,0.029200,0.008300,0.040900,0.012000,0.019000,0.078900,0.009800,0.067200,0.002500,0.076200,0.007800,0.074500,0.6025,0.004800,2.4661,0.000400,0.2017,0.001000,0.000400,0.029200,0.3150,0.5942,0.024300,0.9720,0.2102,0.001900,0.009900,0.000600,0.032800,0.010900,8.7402,8.7628,13.0955,634,16,0.2500,0,16,3.8438,1,0,0,629,1,0,115,102,13,0,-1,-1,0,-1,-1,13.9904,4.9185,0,1525.2227,1525.2227,1525.0977,95,881,561,322,0,0,0.000900,0,0,0.015000,0.082700,0.000600,0.011800,0.072900,0.042400,0.000900,0.001700,0.000300,0.001700,0.006700,0.001100,0.004000,0.024200,0.1362,0.057500,0.096000,0.1538,0.051100,0.2010,0.025400,0.1193,0.000300,0.001700,0.071600,0.009300,0.001100,0.000600,0.027200,0.006800,0.012600,0.001300,0.1541,0.016000,0.042500,0.2131,0.069000,0.001100,0.042100,0.002800,0.035000,0.022900,0.019900,8.0869,0.061100,0.007400,0.000100,0,9.7497,0,0,0,0,0,0,0,50,0,0,0,0,1,1,9,9,2,1,1,4,1,1,1,1,1,1,7,7,1,1,50,9,6,42,76,794,950,0,0,0,0,0,-100,-100,-100,-100,600,1440,107.7673,0,0,-0.000000,-1,0,0,0,1,0,13.7344,5,50,75.1289,13.7344,0,0,48.9844,0,100,0,0,0,0,0,0,0,0,0,0.4756,0.4756,1,0.4756,0.4756,25.6870,8.9635,20141,90,568,135,11120.0430,3604.2070,7254.3555,0,14725.1133,10.3177,2.1535,7.6036,10.3177,2.1535,2.9174,33.3333,5.6805,22.6287,0.000200,0.023900,0.000600,0.000600,0.001700,0.013500,0.000600,0.076300,0,0.018500,0.028700,0.039400,0.7796,0.3089,0.020500,0.006200,0.067700,0,0.045500,0.011400,0.1953,0.006100,0.043600,0.1824,0.025700,0.1101,0.4207,0.6961,0.3792,0.059400,2.0713,0.094300,0.030700,0.039000,0.6904,0.099700,0.002200,0.002500,0.059900,0.1955,0.050200,0.000600,0.9165,947,391144,0,0,0,0,0,0,0,0,0.007400,0,0,0,0,0,0,0,0,0,0,0,0,0,0,0,0,0,0,0
,0.029100,0.012700,2,57,0,55,0,0,13,233,13,0,454,3,0,0,12,2,0,0,0,0,0.009400,0,0.3394,0.004700,0.009600,0.000800,0.8620,0.2158,0.051300,0.1241,0.001200,0.021200,0,1,768,256,11229,3565.7148,15494.9102,239.1602,0.001800,1,0.000100,0.007200,0.002000,0.014300,0.2771,0,0,0.057700,0.3539,2.6144,0.072000,0.000200,0.001200,0.000200,0.000400,0.006700,0.006800,0.041800,0.004700,0.033700,0.1071,0.010400,0.005800,1.4831,0.026400,0.008400,0.032400,0.012200,0.018600,0.076500,0.012400,0.074800,0.002100,0.074200,0.007800,0.069900,0.6133,0.005600,2.3425,0.000200,0.1889,0.000700,0.000300,0.030400,0.3627,1.2086,0.024700,0.9253,0.1529,0.002100,0.010900,0.000600,0.037600,0.2093,9.2222,8.7628,13.0955,634,16,0.2500,0,16,3.8438,1,0,0,629,1,0,115,102,13,0,-1,-1,0,-1,-1,13.9904,4.9185,0,1525.2227,1525.2227,1441.5039,95,882,561,322,0,0,0.001800,0,0,0.015000,0.080800,0.000800,0.012600,0.073000,0.042300,0.000900,0.001700,0.000400,0.001600,0.006600,0.000900,0.004300,0.022900,0.1644,0.060100,0.083900,0.1521,0.039700,0.1969,0.019900,0.046400,0.000300,0.001800,0.066500,0.008800,0.001500,0.000500,0.025400,0.006400,0.013200,0.001200,0.1491,0.016000,0.043100,0.2050,0.067300,0.001200,0.039900,0.002800,0.033500,0.024100,0.016000,8.5723,0.058900,0.009900,0.000100,0,10.2996,0,0,0,0,0,0,0,50,0,0,0,0,1,1,9,9,2,1,1,4,1,1,1,1,1,1,7,7,1,1,50,9,6,42,76,794,950,0,0,0,0,0,-100,-100,-100,-100,600,1440,107.7673,0,0,-0.000000,-1,0,0,0,1,0,13.7344,5,50,75.1289,13.7344,0,0,48.9844,0,100,0,0,0,0,0,0,0,0,0,0.4300,0.4300,1,0.4300,0.4300,36.3696,8.9635,20141,90,568,135,11118.4023,3604.2070,7254.3555,0,14724.2500,10.6953,2.1285,7.5888,10.6953,2.1294,2.9007,33.3333,5.4532,22.7561,0.000700,0.021100,0.000600,0.000600,0.001600,0.008400,0.000700,0.071500,0,0.020500,0.026600,0.039100,0.3546,0.1959,0.020500,0.005100,0.062200,0,0.045800,0.010700,0.2023,0.006200,0.032400,0.1354,0.015300,0.090900,1.0736,0.6818,0.3548,0.057300,2.5007,0.095200,0.034900,0.037900,0.7133,0.090400,0.001900,0.002300,0.062500,0.2026,0.050200,0.000600,0.5996,964,407730,0,0,0,0,0,0,0,0.001000,0.008300,0,0,0,0,0,0,0,0,0,0,0,0,0,0,0,0,0,0,0
,0.056300,0.017300,2,57,0,55,0,0,13,233,13,0,454,3,0,0,12,2,0,0,0,0,0.017200,0.005800,0.3267,0.004900,0.008900,0.001000,0.8115,0.1940,0.052200,0.1236,0.001200,0.027300,0.004500,2,768,256,11229,3565.7148,15494.9102,239.1602,0.001200,4,0.000300,0.007300,0.002000,0.012600,0.1714,0,0,0.067000,0.2173,2.6765,0.071400,0.000300,0.001100,0.000200,0.000300,0.006200,0.007700,0.042100,0.005100,0.031400,0.1263,0.010600,0.006000,1.5788,0.028400,0.008600,0.034800,0.012000,0.019900,0.088000,0.010300,0.073300,0.002100,0.080000,0.008200,0.073300,0.5926,0.004500,2.3177,0.000300,0.1850,0.000500,0.000300,0.029900,0.3103,0.6149,0.023100,0.9075,0.1642,0.002100,0.009400,0.000500,0.033700,0,9.7492,8.7628,13.0955,634,16,0.2500,0,16,3.8438,1,0,0,629,1,0,115,102,13,0,-1,-1,0,-1,-1,13.9904,4.9185,0,1525.2227,1525.2227,1525.0977,95,880,561,322,0,0,0.000700,0,0,0.015700,0.079800,0.000600,0.012000,0.070600,0.041700,0.001000,0.001600,0.000400,0.001700,0.006500,0.001300,0.003900,0.022300,0.1382,0.055300,0.079900,0.1560,0.053300,0.2402,0.019500,0.024900,0.000300,0.001900,0.063300,0.008700,0.001300,0.000500,0.026700,0.005900,0.012300,0.001100,0.1441,0.014200,0.039900,0.1878,0.071900,0.001100,0.042100,0.002700,0.016100,0.024200,0.015800,9.1698,0.060800,0.008300,0.000100,0,10.7110,0,0,0,0,0,0,0,50,0,0,0,0,1,1,9,9,2,1,1,4,1,1,1,1,1,1,7,7,1,1,50,9,6,42,76,794,950,0,0,0,0,0,-100,-100,-100,-100,600,1440,107.7673,0,0,-0.000000,-1,0,0,0,1,0,13.7344,5,50,75.1289,13.7344,0,0,48.9844,0,100,0,0,0,0,0,0,0,0,0,0.4296,0.4296,1,0.4296,0.4296,47.6489,8.9635,20141,90,568,135,11113.4336,3604.2070,7254.3555,0,14722.6094,11.2719,2.1302,8.0171,11.2719,2.1302,2.8628,33.3333,5.5929,22.4009,0.000200,0.021100,0.000600,0.000600,0.001600,0.007600,0.000600,0.073000,0,0.026500,0.027500,0.038000,0.3323,0.1990,0.019400,0.005100,0.066800,0,0.044900,0.012300,0.1879,0.005200,0.032700,0.1331,0.015800,0.090200,0.4272,0.6617,0.3402,0.056300,2.4548,0.095200,0.030700,0.038300,0.6925,0.089400,0.001900,0.002500,0.063000,0.1955,0.049200,0.000600,0.5942,965,408658,0,0,0,0,0,0,0.002600,0,0.009000,0,0,0,0,0,0,0,0,0,0,0,0,0,0,0,0,0,0,0
,0.015500,0.006300,2,56,0,54,0,0,13,233,11,0,454,3,0,0,12,2,0,0,0,0,0,0.016700,0.3379,0.005800,0.010100,0.000900,0.8600,0.1917,0.052800,0.1250,0,0.023300,0.001600,1,768,256,11229,3565.7148,15494.9102,239.1602,0.001800,3,0.000100,0.008000,0.001900,0.013500,0.1797,0,0,0.054200,0.2463,2.8798,0.074600,0.000300,0.001500,0.000200,0.000200,0.007300,0.006900,0.051200,0.005800,0.035300,0.1063,0.013000,0.006600,1.6554,0.030800,0.009800,0.035700,0.012000,0.019100,0.080500,0.009700,0.068600,0.002400,0.077800,0.008000,0.068700,0.6199,0.005500,2.3544,0.000400,0.1895,0.000500,0.000300,0.030200,0.3842,0.6639,0.026600,0.9674,0.5290,0.002000,0.011500,0.000400,0.035500,0.1396,8.9282,8.7628,13.0955,634,16,0.2500,0,16,3.8438,1,0,0,629,1,0,115,102,13,0,-1,-1,0,-1,-1,13.9904,4.9185,0,1525.2227,1525.2227,1525.0977,95,879,561,322,0,0,0.001000,0,0,0.014800,0.089500,0.000600,0.011800,0.066200,0.039300,0.000900,0.002000,0.000300,0.001800,0.006800,0.001100,0.004100,0.021400,0.1472,0.058900,0.077600,0.1443,0.058900,0.2493,0.019000,0,0.000300,0.001800,0.063600,0.009200,0.001600,0.000300,0.025900,0.006300,0.011800,0.001100,0.1383,0.014800,0.037900,0.8591,0.079000,0.001500,0.051200,0.001900,0.037200,0.023900,0.020200,7.6377,0.061400,0.006900,0.000200,0,11.2911,0,0,0,0,0,0,0,50,0,0,0,0,1,1,9,9,2,1,1,4,1,1,1,1,1,1,7,7,1,1,50,9,6,42,76,794,950,0,0,0,0,0,-100,-100,-100,-100,600,1440,107.7673,0,0,-0.000000,-1,0,0,0,1,0,13.7344,5,50,75.1289,13.7344,0,0,48.9844,0,100,0,0,0,0,0,0,0,0,0,0.4326,0.4326,1,0.4326,0.4326,58.0936,8.9635,20141,90,568,135,11108.7070,3604.2070,7254.3555,0,14717.6406,10.4521,2.0987,7.3455,10.4521,2.0987,3.0521,33.3333,5.2545,22.3246,0.000300,0.022400,0.000600,0.000600,0.001800,0.009900,0.000600,0.074500,0,0.020500,0.021300,0.026300,0.3675,0.2917,0.019500,0.006100,0.069500,0,0.048500,0.012200,0.1974,0.006100,0.039300,0.1880,0.027300,0.1051,0.4314,0.6923,0.3925,0.054100,2.0744,0.094200,0.030700,0.038400,0.6875,0.077700,0.001900,0.002400,0.061600,0.1966,0.050200,0.000600,0.6246,1009,404500,0,0,0,0,0,0,0,0,0.008600,0,0,0,0,0,0,0,0,0,0,0,0,0,0,0,0,0,0,0
,0.015300,0.019100,2,73,0,71,0,0,14,233,25,0,454,3,0,0,13,2,0,0,0,0,0.009600,0.011100,0.3375,0.005800,0.009400,0.000900,0.8367,0.2041,0.051000,0.1231,0.002200,0.037900,0,2,768,256,11229,3565.7148,15494.9102,239.1602,0.002900,4,0.000400,0.011000,0.001900,0.013900,0.2035,0,0,0.058700,0.2719,2.5668,0.1009,0.000200,0.001300,0.000200,0.000300,0.007700,0.007000,0.039700,0.005300,0.032600,0.097000,0.010900,0.006200,0.4798,0.025700,0.009500,0.028400,0.011400,0.018600,0.1001,0.009500,0.073500,0.002100,0.077100,0.008100,0.069100,0.5859,0.004400,2.3513,0.000200,0.1910,0.000600,0.000300,0.030500,0.3526,0.6884,0.024200,0.9063,0.4313,0.002100,0.012400,0.000400,0.037100,0,9.9635,8.7628,13.0955,634,16,0.2500,0,16,3.8438,1,0,0,629,1,0,115,102,13,0,-1,-1,0,-1,-1,13.9904,4.9185,0,1525.2227,1525.2227,1525.0977,95,878,561,322,0,0,0.001300,0,0,0.015800,0.088000,0.000600,0.013600,0.073100,0.041100,0.000900,0.002100,0.000300,0.001800,0.006900,0.001100,0.003700,0.022800,0.1375,0.059100,0.081300,0.1790,0.049900,0.1857,0.049900,0.1067,0.000300,0.001800,0.069500,0.009400,0.001700,0.000700,0.029100,0.006300,0.012500,0.001100,0.1448,0.014900,0.043700,0.2172,0.070900,0.001400,0.024100,0.003200,0.035800,0.025900,0.020100,9.3556,0.058900,0.006700,0.000300,0,10.3350,0,0,0,0,0,0,0,50,0,0,0,0,1,1,9,9,2,1,1,4,1,1,1,1,1,1,7,7,1,1,50,9,6,42,76,794,950,0,0,0,0,0,-100,-100,-100,-100,600,1440,107.7673,0,0,-0.000000,-1,0,0,0,1,0,13.7344,5,50,75.1289,13.7344,0,0,48.9844,0,100,0,0,0,0,0,0,0,0,0,0.4712,0.4712,1,0.4712,0.4712,6.6930,8.9635,20141,90,568,135,11104.1797,3604.2070,7254.3555,0,14712.9141,11.4941,2.8183,7.1536,11.4941,2.8195,2.7269,33.3333,5.6152,21.8216,0.000500,0.021900,0.000500,0.000600,0.002200,0.006900,0.000600,0.075200,0.001000,0.018500,0.021200,0.026300,0.3480,0.2953,0.019400,0.006200,0.061900,0,0.047200,0.014600,0.1972,0.005100,0.032800,0.1437,0.015300,0.089400,0.8976,0.6934,0.3939,0.058200,2.5099,0.096300,0.032700,0.040800,0.6884,0.093400,0.002100,0.002400,0.061000,0.1965,0.050200,0.000700,0.6113,994,429212,0,2371,1330,0,0.8816,0.062100,0.005800,0.001200,0.009100,0,0,0,0,0,0,0,0,0,0,0,0,0,0,0,0,0,0,0
,0.024900,0.006400,0,0,0,0,0,0,0,0,0,0,0,0,0,0,0,0,0,0,0,0,0.008100,0.010100,0.3556,0.005300,0.008700,0.000900,0.8880,0.1962,0.053400,0.1330,0.001000,0.023300,0,1,768,256,11229,3565.7148,15494.9102,239.1602,0.001500,5,0.000200,0.008700,0.002100,0.015800,0.1850,0,0,0.070000,0.2941,2.6215,0.072800,0.000300,0.001500,0.000200,0.000200,0.007600,0.009000,0.042900,0.006300,0.036200,0.1365,0.012100,0.006700,1.1763,0.028900,0.008500,0.033600,0.012200,0.019800,0.084600,0.008600,0.076900,0.002600,0.086200,0.010000,0.073500,0.6098,0.005000,2.3278,0.000200,0.1897,0.000600,0.000300,0.030200,0.3059,0.6114,0.024200,0.9361,0.1450,0.001700,0.011000,0.000500,0.035600,0,8.3579,8.7628,13.0955,634,16,0.2500,0,16,3.8438,1,0,0,629,1,0,115,102,13,0,-1,-1,0,-1,-1,13.9904,4.9185,0,1525.2227,1525.2227,1525.0977,95,874,561,322,0,0,0.000800,0,0,0.016900,0.085700,0.000400,0.012100,0.069800,0.042900,0.000800,0.001400,0.000200,0.001600,0.006200,0.000900,0.004000,0.021500,0.1716,0.061200,0.081400,0.1540,0.039600,0.1820,0.033100,0.059000,0.000200,0.001700,0.066900,0.008500,0.001300,0.000500,0.029000,0.006800,0.013200,0.001200,0.1432,0.018000,0.042800,0.1915,0.067700,0.001000,0.030900,0.003100,0.017800,0.023200,0.017600,7.7172,0.066200,0.007100,0.000100,0,11.4844,0,0,0,0,0,0,0,50,0,0,0,0,1,1,9,9,2,1,1,4,1,1,1,1,1,1,7,7,1,1,50,9,6,42,76,794,950,0,0,0,0,0,-100,-100,-100,-100,600,1440,107.7673,0,0,-0.000000,-1,0,0,0,1,0,13.7344,5,50,75.1289,13.7344,0,0,48.9844,0,100,0,0,0,0,0,0,0,0,0,0.4449,0.4449,1,0.4449,0.4449,16.4485,8.9635,20141,90,568,135,11103.2500,3604.2070,7254.3555,0,14708.3867,9.7488,2.0590,7.1536,9.7488,2.0590,2.9371,33.3333,5.8951,22.1338,0.000200,0.022500,0.000700,0.000700,0.001700,0.008900,0.000600,0.073700,0.001000,0.016400,0.028100,0.039500,0.3487,0.1975,0.018500,0.006100,0.064000,0,0.045900,0.013700,0.1959,0.005200,0.032000,0.1425,0.015400,0.092400,0.4279,0.6366,0.2828,0.057300,2.4014,0.095300,0.031700,0.039500,0.6945,0.086500,0.002000,0.002500,0.062000,0.1976,0.050200,0.000700,0.6251,948,404130,0.052400,0,0,0,0,0,0,0,0.008000,0,0,0,0,0,0,0,0,0,0,0,0,0,0,0,0,0,0,0
,0.027900,0.015300,4,121,0,117,0,0,26,466,54,0,908,6,0,0,24,4,0,0,0,0,0.018200,0.002700,0.3540,0.006000,0.009300,0.001000,0.8875,0.1746,0.051800,0.1305,0.002900,0.024200,0.002600,0,768,256,11229,3565.7148,15494.9102,239.1602,0.002000,5,0.000400,0.018200,0.002400,0.015900,0.1912,0,0,0.056000,0.2350,2.8231,0.074000,0.000200,0.001300,0.000300,0.000500,0.007000,0.006300,0.042800,0.005200,0.033000,0.1025,0.010200,0.006100,1.9010,0.032300,0.009500,0.059700,0.012100,0.021300,0.087200,0.013800,0.068400,0.002400,0.087600,0.009500,0.079300,0.6178,0.004800,2.3479,0.000600,0.1886,0.000600,0.000600,0.031800,0.3102,0.6372,0.026200,0.9527,0.1623,0.002300,0.010600,0.000600,0.035200,0.1292,8.3984,8.7628,13.0955,634,16,0.2500,0,16,3.8438,1,0,0,629,1,0,115,102,13,0,-1,-1,0,-1,-1,13.9904,4.9185,0,1525.2227,1525.2227,1525.0977,95,876,561,322,0,0,0.001000,0,0,0.016000,0.088100,0.000800,0.013700,0.077000,0.045900,0.000800,0.001800,0.000300,0.001800,0.007500,0.001200,0.004700,0.027500,0.1740,0.060100,0.090300,0.1711,0.044100,0.1602,0.025100,0.2338,0.000200,0.001600,0.070900,0.009200,0.001500,0.000700,0.027400,0.007000,0.013100,0.001200,0.1473,0.014400,0.043300,0.2205,0.070700,0.001100,0.048800,0.002600,0.032800,0.026300,0.020100,7.8198,0.063500,0.006700,0.000100,0,9.8159,0,0,0,0,0,0,0,50,0,0,0,0,1,1,9,9,2,1,1,4,1,1,1,1,1,1,7,7,1,1,50,9,6,42,76,794,950,0,0,0,0,0,-100,-100,-100,-100,600,1440,107.7673,0,0,-0.000000,-1,0,0,0,1,0,13.7344,5,50,75.1289,13.7344,0,0,48.9844,0,100,0,0,0,0,0,0,0,0,0,0.5478,0.5478,1,0.5478,0.5478,26.6176,8.9635,20141,90,568,135,11101.7969,3604.2070,7254.3555,0,14707.4570,10.1311,2.2915,7.4949,10.1311,2.2915,2.9333,33.3333,5.6631,21.5807,0.000200,0.022800,0.000600,0.000600,0.001500,0.007900,0.000500,0.074100,0,0.016400,0.026300,0.040900,0.3552,0.1932,0.019500,0.005100,0.066600,0,0.043800,0.012700,0.2053,0.005100,0.032000,0.1337,0.016200,0.093600,0.4314,1.5572,0.3233,0.056400,2.4504,0.094200,0.031800,0.039200,0.6893,0.088600,0.002000,0.002500,0.060600,0.2008,0.049100,0.000600,0.6147,947,390860,0,0,0,0,0,0,0.003000,0,0.007900,0,0,0,0,0,0,0,0,0,0,0,0,0,0,0,0,0,0,0
,0.027400,0.023600,2,60,0,58,0,0,13,233,27,0,454,3,0,0,12,2,0,0,0,0,0.009300,0.017500,0.3442,0.005600,0.010500,0.001100,0.9379,0.2349,0.054300,0.1362,0.001200,0.039000,0,1,768,256,11229,3565.7148,15494.9102,239.1602,0.003100,2,0.000200,0.010300,0.002100,0.014700,0.1926,0,0,0.060300,0.3643,2.6917,0.072900,0.000300,0.001300,0.000200,0.000200,0.006600,0.007800,0.045900,0.006100,0.034500,0.1384,0.012200,0.006200,1.2680,0.041400,0.009700,0.039200,0.011600,0.019400,0.085800,0.008500,0.077100,0.002200,0.079600,0.008900,0.069500,0.5921,0.004600,2.3489,0.000300,0.1986,0.000500,0.000300,0.032000,0.4159,1.0176,0.029400,1.0939,0.1606,0.002200,0.011000,0.000600,0.092800,0.2857,9.7301,8.7628,13.0955,634,16,0.2500,0,16,3.8438,1,0,0,629,1,0,115,102,13,0,-1,-1,0,-1,-1,13.9904,4.9185,0,1525.2227,1525.2227,1441.5039,95,878,561,321,0,0,0.001000,0,0,0.014600,0.078100,0.000800,0.012500,0.067400,0.040800,0.000800,0.001600,0.000300,0.001500,0.006300,0.001100,0.004100,0.022500,0.1532,0.058000,0.085800,0.1577,0.047700,0.2221,0.018500,0.021900,0.000200,0.006600,0.060700,0.009500,0.001400,0.000400,0.025000,0.006400,0.011200,0.001300,0.1320,0.014300,0.039200,0.2076,0.065000,0.001000,0.045400,0.002400,0.032400,0.022800,0.017800,9.0962,0.059000,0.005900,0,0.006600,10.1946,0,0,0,0,0,0,0,50,0,0,0,0,1,1,9,9,2,1,1,4,1,1,1,1,1,1,7,7,1,1,50,9,6,42,76,794,950,0,0,0,0,0,-100,-100,-100,-100,600,1440,107.7673,0,0,-0.000000,-1,0,0,0,1,0,13.7344,5,50,75.1289,13.7344,0,0,48.9844,0,100,0,0,0,0,0,0,0,0,0,0.4211,0.4211,1,0.4211,0.4211,37.7943,8.9635,20141,90,568,135,11097.5625,3604.2070,7254.3555,0,14706.0039,11.2067,2.1342,8.2236,11.2067,2.1351,2.9308,33.3333,5.3742,21.0464,0.000700,0.022800,0.000500,0.000600,0.001600,0.007100,0.001800,0.072100,0,0.023500,0.028200,0.039600,0.3433,0.1848,0.020500,0.006100,0.067200,0,0.046400,0.013800,0.1958,0.005100,0.031400,0.1276,0.016900,0.089900,0.4280,0.7568,0.3513,0.056300,2.4924,0.095200,0.032800,0.039800,0.6946,0.094200,0.002000,0.002600,0.060600,0.2059,0.049200,0.000700,0.6263,963,408126,0,0,0,0,0,0,0.002600,0.001200,0.009400,0,0,0,0,0,0,0,0,0,0,0,0,0,0,0,0,0,0,0
,0.016600,0.018700,2,64,0,62,0,0,13,233,28,0,454,3,0,0,12,2,0,0,0,0,0,0.008900,0.3853,0.005100,0.009800,0.000900,0.9819,0.1752,0.057800,0.1477,0.001400,0.032300,0,1,768,256,11229,3565.7148,15494.9102,239.1602,0.001400,5,0.000300,0.008800,0.002400,0.015700,0.1856,0,0,0.063400,0.2507,2.6121,0.065200,0.000300,0.001300,0.000200,0.000200,0.007600,0.008200,0.042500,0.005200,0.034700,0.1529,0.010500,0.006400,0.5616,0.027400,0.009000,0.027200,0.012300,0.018600,0.097700,0.009700,0.070100,0.002400,0.1208,0.008900,0.072800,0.6347,0.005500,2.3880,0.000200,0.1924,0.000700,0.000400,0.032100,0.3078,0.9711,0.025700,0.9469,0.1658,0.002100,0.014000,0.000600,0.033800,0,9.6129,8.7628,13.0955,634,16,0.2500,0,16,3.8438,1,0,0,629,1,0,115,102,13,0,-1,-1,0,-1,-1,13.9904,4.9185,0,1525.2227,1525.2227,1525.0977,95,871,551,321,0,0,0.001000,0,0,0.016200,0.082500,0.000500,0.012200,0.071900,0.040100,0.000800,0.001500,0.000400,0.001600,0.006500,0.001400,0.004000,0.022700,0.1635,0.055300,0.083600,0.1727,0.046000,0.1584,0.023400,0.1406,0.000200,0.001700,0.071200,0.009100,0.001800,0.000700,0.026500,0.006500,0.012300,0.001200,0.1560,0.016300,0.044600,0.1958,0.070800,0.001400,0.040200,0.003100,0.017700,0.022900,0.018200,9.0314,0.060100,0.006800,0.000100,0,11.3334,0,0,0,0,0,0,0,50,0,0,0,0,1,1,9,9,2,1,1,4,1,1,1,1,1,1,7,7,1,1,50,9,6,42,76,794,950,0,0,0,0,0,-100,-100,-100,-100,600,1440,107.7673,0,0,-0.000000,-1,0,0,0,1,0,13.7344,5,50,75.1289,13.7344,0,0,48.9844,0,100,0,0,0,0,0,0,0,0,0,0.4975,0.4975,1,0.4975,0.4975,49.1959,8.9635,20141,90,568,135,11093.7109,3604.2070,7254.3555,0,14701.7695,11.3811,2.3360,7.4123,11.3811,2.3370,3.1424,33.3333,5.7181,20.5042,0.000300,0.022500,0.000800,0.000700,0.001900,0.007700,0.000600,0.074800,0,0.018500,0.029000,0.037600,0.3709,0.1865,0.018400,0.006100,0.062600,0,0.044100,0.015000,0.1789,0.005100,0.032100,0.1358,0.016000,0.096900,0.4180,0.7142,0.3983,0.057300,2.0759,0.094300,0.031700,0.049300,0.6913,0.086800,0.001900,0.002600,0.062000,0.1998,0.049100,0.000600,1.0462,950,392316,0,0,0,0,0,0,0,0.001200,0.009400,0,0,0,0,0,0,0,0,0,0,0,0,0,0,0,0,0,0,0
,0.015100,0.015700,2,57,0,55,0,0,13,233,11,0,454,3,0,0,12,2,0,0,0,0,0.009900,0.004000,0.3447,0.005800,0.008800,0.001000,0.8604,0.1936,0.050900,0.1264,0.001700,0.063200,0.005000,0,768,256,11229,3565.7148,15494.9102,239.1602,0.001400,3,0.000400,0.009400,0.002300,0.018100,0.2054,0,0,0.060900,0.2549,2.6040,0.062700,0.000300,0.001300,0.000300,0.000300,0.007100,0.006500,0.040900,0.005400,0.032000,0.1021,0.011000,0.006100,1.0536,0.026100,0.008200,0.029900,0.011900,0.018600,0.091500,0.009700,0.070000,0.002400,0.1221,0.009600,0.072900,0.6044,0.005100,2.3217,0.000300,0.1862,0.000500,0.000400,0.028700,0.3039,0.6821,0.024100,0.9281,0.4568,0.001900,0.011900,0.000500,0.035700,0,8.5240,8.7628,13.0955,634,16,0.2500,0,16,3.8438,1,0,0,629,1,0,115,102,13,0,-1,-1,0,-1,-1,13.9904,4.9185,0,1525.2227,1525.2227,1441.6289,95,875,561,321,0,0,0.001100,0,0,0.015200,0.086400,0.000500,0.011700,0.075700,0.042400,0.001100,0.002100,0.000400,0.002100,0.008800,0.001400,0.005000,0.028400,0.1618,0.058200,0.082800,0.1601,0.038800,0.1807,0.032200,0.061100,0.000200,0.001900,0.065100,0.009700,0.001300,0.000600,0.027100,0.007000,0.014000,0.001100,0.1505,0.015300,0.043100,0.2189,0.073200,0.001300,0.044800,0.002400,0.037600,0.023300,0.018900,7.9531,0.060800,0.006200,0.000100,0.002400,11.1471,0,0,0,0,0,0,0,50,0,0,0,0,1,1,9,9,2,1,1,4,1,1,1,1,1,1,7,7,1,1,50,9,6,42,76,794,950,0,0,0,0,0,-100,-100,-100,-100,600,1440,107.7673,0,0,-0.000000,-1,0,0,0,1,0,13.7344,5,50,75.1289,13.7344,0,0,48.9844,0,100,0,0,0,0,0,0,0,0,0,0.4338,0.4338,1,0.4338,0.4338,59.2280,8.9635,20141,90,568,135,11088.6602,3604.2070,7254.3555,0,14697.9180,9.9778,2.0556,7.7834,9.9778,2.0556,3.1306,33.3333,6.0473,21.7030,0.000700,0.019900,0.000600,0.000600,0.001600,0.008100,0.000800,0.072900,0.001100,0.022600,0.026400,0.039200,0.3363,0.1962,0.019400,0.006200,0.063800,0,0.047100,0.024800,0.1763,0,0.032600,0.1412,0.015900,0.086600,0.4224,0.7723,0.3245,0.057400,3.3519,0.094200,0.031700,0.039400,0.6914,0.086000,0.001800,0.002600,0.062300,0.1976,0.050200,0.000700,0.6373,945,389234,0,0,0,0,0,0,0.004800,0,0.008800,0,0,0,0,0,0,0,0,0,0,0,0,0,0,0,0,0,0,0
,0.017700,0.021200,2,59,0,57,0,0,13,233,30,0,454,3,0,0,12,2,0,0,0,0,0.020800,0.012500,0.3343,0.006300,0.009100,0.000900,0.8396,0.1802,0.051300,0.1224,0.001100,0.031800,0,1,768,256,11229,3565.7148,15494.9102,239.1602,0.001500,4,0.000200,0.008400,0.002000,0.022600,0.1784,0,0,0.067900,0.2197,2.4309,0.065300,0.000400,0.001300,0.000200,0.000300,0.006700,0.006800,0.042300,0.005800,0.031000,0.1011,0.010900,0.006200,1.2248,0.024600,0.008200,0.030100,0.011600,0.019700,0.089100,0.009500,0.076100,0.001900,0.1152,0.008300,0.068100,0.5952,0.004800,2.4048,0.000400,0.2372,0.000700,0.000300,0.029800,0.2930,0.5973,0.022100,0.9415,0.1389,0.002200,0.011800,0.000500,0.035700,0,8.2683,8.7628,13.0955,634,16,0.2500,0,16,3.8438,1,0,0,629,1,0,115,102,13,0,-1,-1,0,-1,-1,13.9904,4.9185,0,1525.2227,1525.2227,1525.0977,95,871,551,321,0,0,0.001200,0,0,0.016400,0.082100,0.000400,0.010800,0.070000,0.042500,0.001000,0.001800,0.000400,0.001700,0.007300,0.000800,0.004000,0.022400,0.1443,0.055800,0.079800,0.1556,0.052900,0.1593,0.027500,0.5924,0.000300,0.001700,0.065500,0.008700,0.001300,0.000600,0.027100,0.006500,0.013200,0.001100,0.1520,0.018300,0.044200,0.2277,0.070200,0.001100,0.041900,0.002300,0.035400,0.023200,0.022400,7.7578,0.059800,0.006800,0.000100,0.006700,10.0280,0,0,0,0,0,0,0,50,0,0,0,0,1,1,9,9,2,1,1,4,1,1,1,1,1,1,7,7,1,1,50,9,6,42,76,794,950,0,0,0,0,0,-100,-100,-100,-100,600,1440,107.7673,0,0,-0.000000,-1,0,0,0,1,0,13.7344,5,50,75.1289,13.7344,0,0,48.9844,0,100,0,0,0,0,0,0,0,0,0,0.4531,0.4531,1,0.4531,0.4531,7.9579,8.9635,20141,90,568,135,11087.7305,3604.2070,7254.3555,0,14692.8672,10.2884,2.5504,8.2641,10.2884,2.5504,2.8385,33.3333,5.8218,23.2565,0.000200,0.020500,0.000500,0.000600,0.001800,0.007800,0.000600,0.073700,0,0.019500,0.030000,0.037500,0.3610,0.1955,0.019400,0.006200,0.061900,0,0.046500,0.023300,0.1927,0.005200,0.031900,0.1411,0.015400,0.090400,0.4263,0.7114,0.3652,0.057300,2.4861,0.095200,0.030800,0.039100,0.6866,0.087800,0.002100,0.002500,0.059900,0.1988,0.050200,0.000500,0.6029,1010,404470,0,2372,1328,0,1.1615,0,0,0,0.007700,0,0,0,0,0,0,0,0,0,0,0,0,0,0,0,0,0,0,0
,0.016300,0.025000,2,79,0,77,0,0,14,233,42,0,454,3,0,0,13,2,0,0,0,0,0.007800,0.002900,0.3402,0.006200,0.008700,0.001100,0.8923,0.2082,0.057200,0.1289,0.001000,0.028400,0.001800,1,768,256,11229,3565.7148,15494.9102,239.1602,0.001700,4,0.000100,0.009100,0.002400,0.018600,0.1800,0,0,0.061800,0.2296,2.5050,0.066700,0.000200,0.001300,0.000200,0.000400,0.006700,0.007300,0.044000,0.005300,0.035200,0.1430,0.011100,0.006300,1.7087,0.027800,0.008900,0.041600,0.011500,0.018200,0.072400,0.008100,0.070600,0.002100,0.099600,0.007700,0.065000,0.5788,0.004200,2.3236,0.000200,0.1832,0.001100,0.000300,0.029500,0.3697,0.5729,0.023500,0.8323,0.1406,0.001900,0.009200,0.000400,0.034400,0.1506,7.6310,8.7628,13.0955,634,16,0.2500,0,16,3.8438,1,0,0,629,1,0,115,102,13,0,-1,-1,0,-1,-1,13.9904,4.9185,0,1525.2227,1525.2227,1525.0977,95,871,551,321,0,0,0.000800,0,0,0.015100,0.080000,0.000400,0.012900,0.072900,0.040100,0.000900,0.001800,0.000300,0.001800,0.006900,0.001100,0.003800,0.023700,0.1469,0.060800,0.083900,0.1618,0.044500,0.1900,0.018200,0.8440,0.000300,0.001600,0.065100,0.009400,0.001500,0.000600,0.029400,0.006900,0.013200,0.001000,0.1414,0.014400,0.044000,0.1975,0.078800,0.001100,0.026100,0.002300,0.018700,0.022800,0.021200,7.0969,0.058900,0.007300,0.000100,0,10.3202,0,0,0,0,0,0,0,50,0,0,0,0,1,1,9,9,2,1,1,4,1,1,1,1,1,1,7,7,1,1,50,9,6,42,76,794,950,0,0,0,0,0,-100,-100,-100,-100,600,1440,107.7673,0,0,-0.000000,-1,0,0,0,1,0,13.7344,5,50,75.1289,13.7344,0,0,48.9844,0,100,0,0,0,0,0,0,0,0,0,1.2098,1.2098,1,1.2098,1.2098,17.8465,8.9635,20141,90,568,135,11086.9375,3604.2070,7254.3555,0,14691.9375,9.9671,2.8391,7.4413,9.9671,2.8391,2.8400,33.3333,5.3927,24.0446,0.000600,0.020700,0.000600,0.000600,0.001700,0.010000,0.000600,0.075400,0,0.017400,0.020200,0.033300,0.7820,0.1969,0.021500,0.006100,0.065800,0,0.044400,0.020800,0.1775,0,0.033700,0.1452,0.018700,0.1151,0.4325,0.8021,0.3024,0.057300,2.2888,0.094200,0.030700,0.039600,0.6929,0.093600,0.001700,0.002500,0.058900,0.2018,0.050200,0.001100,0.7433,963,389890,0,0,0,0,0,0,0.007500,0,0.008800,0,0,0,0,0,0,0,0,0,0,0,0,0,0,0,0,0,0,0
,0.027500,0.005000,2,69,0,67,0,0,13,233,28,0,454,3,0,0,12,2,0,0,0,0,0,0.004500,0.3288,0.005700,0.008100,0.001000,0.8649,0.1666,0.058500,0.1224,0.001400,0.023300,0,0,768,256,11229,3565.7148,15494.9102,239.1602,0.012700,3,0,0.008800,0.001900,0.018900,0.1990,0,0,0.056100,0.2953,2.4894,0.061300,0.000400,0.001200,0.000200,0.000400,0.006900,0.006300,0.040200,0.005100,0.030900,0.1058,0.009900,0.006500,0.7618,0.026800,0.009400,0.028900,0.011600,0.020000,0.1059,0.016900,0.072900,0.002400,0.1058,0.008100,0.066900,0.6182,0.005200,2.4130,0.000200,0.2183,0.000500,0.000300,0.031700,0.3124,0.6301,0.026700,0.9744,0.1203,0.002200,0.010200,0.000700,0.035200,0.088300,8.9987,8.7628,13.0955,634,16,0.2500,0,16,3.8438,1,0,0,629,1,0,115,102,13,0,-1,-1,0,-1,-1,13.9904,4.9185,0,1525.2227,1525.2227,1525.0977,95,871,551,321,0,0,0.001300,0,0,0.015600,0.080900,0.000600,0.012500,0.068700,0.042400,0.000900,0.001800,0.000500,0.001700,0.007100,0.001100,0.004000,0.021900,0.1473,0.056100,0.079200,0.1603,0.049500,0.1396,0.019300,0.056800,0.000200,0.001400,0.061200,0.007600,0.001100,0.000500,0.026200,0.006200,0.012300,0.001200,0.1412,0.013600,0.040600,0.1986,0.068500,0.001400,0.029400,0.002300,0.031500,0.020900,0.016100,8.4205,0.057600,0.006900,0.000100,0,9.9786,0,0,0,0,0,0,0,50,0,0,0,0,1,1,9,9,2,1,1,4,1,1,1,1,1,1,7,7,1,1,50,9,6,42,76,794,950,0,0,0,0,0,-100,-100,-100,-100,600,1440,107.7673,0,0,-0.000000,-1,0,0,0,1,0,13.7344,5,50,75.1289,13.7344,0,0,48.9844,0,100,0,0,0,0,0,0,0,0,0,0.4236,0.4236,1,0.4236,0.4236,28.3629,8.9635,20141,90,568,135,11084.2812,3604.2070,7254.3555,0,14691.1445,10.4773,2.0303,7.6879,10.4773,2.1082,2.8513,33.3333,5.5007,24.1442,0.000200,0.021900,0.000600,0.000700,0.001800,0.008600,0.001600,0.075100,0,0.020500,0.021400,0.035400,0.3521,0.1859,0.019500,0.006100,0.065200,0,0.043300,0.007000,0.1794,0,0.031000,0.1348,0.016500,0.088900,1.3815,0.6890,0.3457,0.058400,2.4751,0.095300,0.031700,0.039500,0.6952,0.091400,0.001900,0.002500,0.063500,0.1976,0.049100,0.000700,0.6039,925,385178,0.1547,0,0,0,0,0.2415,0,0.078400,0.009500,0,0,0,0,0,0,0,0,0,0,0,0,0,0,0,0,0,0,0
,0.014700,0.008600,0,0,0,0,0,0,0,0,0,0,0,0,0,0,0,0,0,0,0,0,0.027500,0.002900,0.3366,0.005800,0.009400,0.001000,0.8450,0.2056,0.051600,0.1249,0.001300,0.042700,0,1,768,256,11229,3565.7148,15494.9102,239.1602,0.001500,4,0.000300,0.008800,0.002200,0.017900,0.1915,0,0,0.056700,0.2924,2.5531,0.061900,0.000400,0.001300,0.000200,0.000200,0.007000,0.006200,0.039600,0.005600,0.031100,0.1278,0.010500,0.005700,1.4378,0.027500,0.009000,0.031000,0.010800,0.017500,0.072100,0.011000,0.073400,0.002100,0.1021,0.008000,0.068000,0.5745,0.004800,2.3315,0.000200,0.1946,0.000600,0.000300,0.030000,0.3195,1.1131,0.023500,0.9123,0.2287,0.001900,0.012800,0.000500,0.037700,0.1445,8.5383,8.7628,13.0955,634,16,0.2500,0,16,3.8438,1,0,0,629,1,0,115,102,13,0,-1,-1,0,-1,-1,13.9904,4.9185,0,1525.2227,1525.2227,1441.5039,95,874,561,321,0,0,0.001000,0,0,0.015700,0.081900,0.000600,0.012000,0.067500,0.040200,0.000900,0.001400,0.000200,0.001500,0.006100,0.001300,0.004000,0.021700,0.1374,0.054500,0.081400,0.1496,0.040000,0.1937,0.031600,0.065900,0.000100,0.001300,0.062000,0.008100,0.001000,0.000600,0.024900,0.006600,0.011200,0.001100,0.1516,0.016100,0.042000,0.2081,0.071300,0.001000,0.043700,0.002000,0.032700,0.024000,0.016700,7.9712,0.062700,0.007100,0.000200,0,10.4538,0,0,0,0,0,0,0,50,0,0,0,0,1,1,9,9,2,1,1,4,1,1,1,1,1,1,7,7,1,1,50,9,6,42,76,794,950,0,0,0,0,0,-100,-100,-100,-100,600,1440,107.7673,0,0,-0.000000,-1,0,0,0,1,0,13.7344,5,50,75.1289,13.7344,0,0,48.9844,0,100,0,0,0,0,0,0,0,0,0,0.4349,0.4349,1,0.4349,0.4349,38.3712,8.9635,20141,90,568,135,11080.6484,3604.2070,7254.3555,0,14688.4883,10.0448,2.0052,7.6879,10.0448,2.0064,2.8303,33.3333,5.6520,23.5442,0.000600,0.022100,0.000600,0.000600,0.001800,0.007600,0.000600,0.073900,0,0.019500,0.028400,0.038200,0.3412,0.1883,0.019500,0.005100,0.062400,0,0.045500,0.009000,0.1739,0,0.032300,0.1378,0.015900,0.088400,0.4257,0.7493,0.3394,0.059400,2.4873,0.095200,0.030700,0.038500,0.6834,0.098300,0.001900,0.002500,0.060100,0.1976,0.049200,0.000700,0.5939,923,384330,0,0,0,0,0,0,0,0.001400,0.008300,0,0,0,0,0,0,0,0,0,0,0,0,0,0,0,0,0,0,0
,0.014200,0.035000,4,112,0,108,0,0,26,466,30,0,908,6,0,0,24,4,0,0,0,0,0.008800,0.012200,0.3425,0.006000,0.008900,0.000900,0.8945,0.1700,0.066900,0.1269,0.001200,0.097200,0,0,768,256,11229,3565.7148,15494.9102,239.1602,0.000900,6,0.000400,0.008800,0.002000,0.018000,0.3221,0,0,0.1004,0.2380,2.4673,0.060200,0.000200,0.001500,0.000200,0.000400,0.007100,0.006600,0.041300,0.005100,0.031100,0.097900,0.010700,0.005300,0.6488,0.026700,0.008400,0.038200,0.012200,0.020000,0.1073,0.010000,0.080600,0.002100,0.083000,0.008500,0.066500,0.5997,0.004800,2.3668,0.000300,0.1895,0.000500,0.000300,0.028700,0.3660,0.5561,0.025400,0.9301,0.1701,0.001800,0.009400,0.000500,0.034700,0,9.3275,8.7628,13.0955,634,16,0.2500,0,16,3.8438,1,0,0,629,1,0,115,102,13,0,-1,-1,0,-1,-1,13.9904,4.9185,0,1525.2227,1525.2227,1525.0977,95,876,551,321,0,0,0.000900,0,0,0.015600,0.075900,0.000700,0.012000,0.067500,0.040800,0.000700,0.001500,0.000500,0.001300,0.006300,0.000900,0.003900,0.022400,0.1570,0.058700,0.089100,0.1599,0.036300,0.1564,0.025300,0.1060,0.000200,0.001400,0.062500,0.008500,0.001000,0.000500,0.023400,0.006200,0.011800,0.001200,0.1372,0.015100,0.040200,0.1855,0.067800,0.001000,0.039000,0.003000,0.016700,0.022700,0.016900,8.7693,0.058900,0.006200,0.000200,0,10.1540,0,0,0,0,0,0,0,50,0,0,0,0,1,1,9,9,2,1,1,4,1,1,1,1,1,1,7,7,1,1,50,9,6,42,76,794,950,0,0,0,0,0,-100,-100,-100,-100,600,1440,107.7673,0,0,-0.000000,-1,0,0,0,1,0,13.7344,5,50,75.1289,13.7344,0,0,48.9844,0,100,0,0,0,0,0,0,0,0,0,0.4523,0.4523,1,0.4523,0.4523,49.2972,8.9635,20141,90,568,135,11076.3984,3604.2070,7254.3555,0,14684.8555,10.9468,2.1971,7.3096,10.9468,2.1983,2.7959,33.3333,5.7793,24.1414,0.000200,0.020900,0.000500,0.000600,0.001700,0.007900,0.000600,0.073000,0.001000,0.019400,0.027700,0.036200,0.3555,0.1949,0.018500,0.006100,0.062900,0,0.047300,0.008700,0.1825,0.005200,0.032800,0.1377,0.018500,0.2112,0.4219,0.6970,0.3804,0.057400,2.0700,0.094200,0.031700,0.040400,0.6952,0.073100,0.001800,0.002400,0.060400,0.1986,0.049200,0.000600,0.6019,972,395926,0,0,0,0,0,0.088600,0.006100,0.001400,0.008400,0,0,0,0,0,0,0,0,0,0,0,0,0,0,0,0,0,0,0
,0.020800,0.005900,0,0,0,0,0,0,0,0,0,0,0,0,0,0,0,0,0,0,0,0,0.009300,0.004000,0.3401,0.005000,0.009100,0.000800,0.8501,0.1844,0.050800,0.1257,0.000900,0.025700,0,0,768,256,11229,3565.7148,15494.9102,239.1602,0.001300,1,0.000300,0.014000,0.002200,0.020700,0.1825,0,0,0.065400,0.2420,2.5780,0.060400,0.000300,0.003900,0.000300,0.000300,0.007100,0.006600,0.042700,0.005100,0.030700,0.5692,0.010800,0.006700,0.6541,0.026200,0.008900,0.027800,0.011300,0.018200,0.090200,0.015300,0.077800,0.002500,0.082000,0.008500,0.070200,0.5933,0.004500,2.2858,0.000300,0.1796,0.000500,0.000300,0.031200,0.3035,0.8425,0.024200,0.9124,0.1583,0.002000,0.010600,0.000400,0.038800,0.3378,7.9418,8.7628,13.0955,634,16,0.2500,0,16,3.8438,1,0,0,629,1,0,115,102,13,0,-1,-1,0,-1,-1,13.9904,4.9185,0,1525.2227,1525.2227,1525.0977,95,873,561,322,0,0,0.000800,0,0,0.014600,0.079800,0.000600,0.012100,0.072700,0.041700,0.000900,0.001400,0.000200,0.001600,0.006100,0.001100,0.003900,0.022900,0.1531,0.057700,0.082300,0.1532,0.044400,0.1709,0.019300,0.073500,0.000200,0.001500,0.066600,0.008200,0.001600,0.000500,0.026200,0.007300,0.012300,0.001100,0.1423,0.016800,0.042600,0.2108,0.069800,0.001200,0.041700,0.002900,0.031700,0.021500,0.018700,7.4336,0.058800,0.007100,0.000100,0.008600,10.8810,0,0,0,0,0,0,0,50,0,0,0,0,1,1,9,9,2,1,1,4,1,1,1,1,1,1,7,7,1,1,50,9,6,42,76,794,950,0,0,0,0,0,-100,-100,-100,-100,600,1440,107.7673,0,0,-0.000000,-1,0,0,0,1,0,13.7344,5,50,75.1289,13.7344,0,0,48.9844,0,100,0,0,0,0,0,0,0,0,0,0.4068,0.4068,1,0.4068,0.4068,58.8712,8.9635,20141,90,568,135,11071.8164,3604.2070,7254.3555,0,14680.6055,9.4627,2.0945,7.3096,9.4627,2.0945,2.9290,33.3333,5.5344,24.0976,0.000200,0.022100,0.000600,0.000700,0.001600,0.009200,0.000600,0.074000,0.001000,0.021500,0.021900,0.033100,0.3429,0.1944,0.019400,0.006200,0.066800,0.001000,0.045500,0.019200,0.1765,0,0.031200,0.1297,0.016900,0.090900,0.4277,0.6959,0.3459,0.056300,2.4932,0.095200,0.030800,0.038900,0.6819,0.089900,0.001800,0.002700,0.062300,0.1944,0.050200,0.000600,0.6162,964,397224,0,0,0,0,0,0,0,0,0.007400,0,0,0,0,0,0,0,0,0,0,0,0,0,0,0,0,0,0,0
,0.014900,0.013600,4,134,0,130,0,0,27,466,68,0,908,6,0,0,25,4,0,0,0,0,0,0.009700,0.3425,0.004900,0.009500,0.001400,0.8971,0.2331,0.057200,0.1354,0.001200,0.023900,0.001800,0,768,256,11229,3565.7148,15494.9102,239.1602,0.001700,5,0.000200,0.009000,0.002100,0.014800,0.4994,0,0,0.066400,0.2891,2.5597,0.069200,0.000200,0.001200,0.000200,0.000300,0.006800,0.007200,0.047300,0.005400,0.036000,0.1317,0.011500,0.006900,1.3810,0.029500,0.008500,0.036900,0.011700,0.019000,0.096000,0.009000,0.072100,0.001900,0.081600,0.007700,0.071400,0.5953,0.005000,2.3349,0.000300,0.1950,0.000600,0.000300,0.030300,0.3013,0.6529,0.024000,0.8889,0.1182,0.002000,0.009800,0.000400,0.035000,0.2993,8.7974,8.7628,13.0955,634,16,0.2500,0,16,3.8438,1,0,0,629,1,0,115,102,13,0,-1,-1,0,-1,-1,13.9904,4.9185,0,1525.2227,1525.2227,1525.0977,95,870,551,322,0,0,0.001100,0,0,0.015600,0.079700,0.000600,0.011400,0.070900,0.039800,0.000800,0.001700,0.000200,0.001600,0.006400,0.000900,0.004100,0.022600,0.1432,0.053700,0.075500,0.1752,0.042900,0.2245,0.020800,0.035200,0.000300,0.001500,0.061100,0.007800,0.001400,0.000500,0.026200,0.006200,0.011700,0.001400,0.1428,0.015700,0.040600,0.2058,0.070400,0.001200,0.040200,0.002100,0.031900,0.023100,0.015800,8.1938,0.059700,0.005900,0.000100,0.003600,9.6045,0,0,0,0,0,0,0,50,0,0,0,0,1,1,9,9,2,1,1,4,1,1,1,1,1,1,7,7,1,1,50,9,6,42,76,794,950,0,0,0,0,0,-100,-100,-100,-100,600,1440,107.7673,0,0,-0.000000,-1,0,0,0,1,0,13.7344,5,50,75.1289,13.7344,0,0,48.9844,0,100,0,0,0,0,0,0,0,0,0,0.4180,0.4180,1,0.4180,0.4180,7.6262,8.9635,20141,90,568,135,11071.2852,3604.2070,7254.3555,0,14676.0234,10.4161,2.1721,7.2700,10.4161,2.1721,2.7085,33.3333,5.6214,23.7269,0.000300,0.022200,0.000600,0.000600,0.001600,0.007500,0.000600,0.072800,0,0.019500,0.021600,0.033700,0.3466,0.1938,0.019500,0.006100,0.064500,0,0.044700,0.011400,0.1944,0.005100,0.032400,0.1352,0.014900,0.089400,0.4258,0.7505,0.3554,0.058300,2.4912,0.096200,0.031800,0.038900,0.6937,0.064600,0.002100,0.002500,0.062600,0.1966,0.050200,0.000600,0.6593,931,386408,0,2390,1334,0,1.4213,0,0,0,0.007800,0,0,0,0,0,0,0,0,0,0,0,0,0,0,0,0,0,0,0
,0.016600,0.005700,2,57,0,55,0,0,13,233,17,0,454,3,0,0,12,2,0,0,0,0,0.014300,0.002300,0.3219,0.005400,0.009800,0.001100,0.8510,0.2119,0.054100,0.1290,0,0.021100,0.005400,0,768,256,11229,3565.7148,15494.9102,239.1602,0,6,0.000300,0.010700,0.002600,0.013700,0.1893,0,0,0.059500,0.2675,2.5434,0.061800,0.000200,0.001300,0.000300,0.000200,0.007400,0.007400,0.042500,0.005800,0.040000,0.1019,0.010500,0.005600,1.3868,0.026900,0.008700,0.041800,0.011400,0.018700,0.073600,0.014600,0.078200,0.002600,0.083100,0.008600,0.070400,0.6165,0.004800,2.3869,0.000200,0.1995,0.000500,0.000300,0.031300,0.3051,0.6266,0.025300,0.9537,0.1722,0.002100,0.009800,0.000300,0.036100,0.1688,8.7673,8.7628,13.0955,634,16,0.2500,0,16,3.8438,1,0,0,629,1,0,115,102,13,0,-1,-1,0,-1,-1,13.9904,4.9185,0,1525.2227,1525.2227,1525.0977,95,870,551,322,0,0,0.001100,0,0,0.022700,0.081300,0.000600,0.011100,0.070800,0.041900,0.000700,0.001400,0.000300,0.001600,0.006600,0.001100,0.003800,0.022400,0.1552,0.055100,0.077000,0.1579,0.049000,0.1940,0.018200,0.2127,0.000100,0.005200,0.065100,0.008900,0.001300,0.000500,0.025300,0.006200,0.011900,0.001100,0.1405,0.014000,0.041900,0.1929,0.067400,0.001100,0.039600,0.002500,0.017300,0.023800,0.018300,8.1841,0.057900,0.006400,0.000100,0,10.3508,0,0,0,0,0,0,0,50,0,0,0,0,1,1,9,9,2,1,1,4,1,1,1,1,1,1,7,7,1,1,50,9,6,42,76,794,950,0,0,0,0,0,-100,-100,-100,-100,600,1440,107.7673,0,0,-0.000000,-1,0,0,0,1,0,13.7344,5,50,75.1289,13.7344,0,0,48.9844,0,100,0,0,0,0,0,0,0,0,0,0.5917,0.5917,1,0.5917,0.5917,18.1176,8.9635,20141,90,568,135,11069.3398,3604.2070,7254.3555,0,14675.4922,10.5158,2.3246,7.3600,10.5158,2.3246,2.8882,33.3333,5.6151,22.9719,0.000300,0.020800,0.000600,0.000700,0.001600,0.007500,0.001500,0.074100,0,0.021600,0.019900,0.029000,0.3547,0.1909,0.019400,0.005100,0.067200,0,0.045500,0.011100,0.1885,0,0.030500,0.1286,0.016200,0.092600,0.4267,0.7017,0.3317,0.056400,3.1108,0.096300,0.032700,0.039000,0.6890,0.097900,0.002100,0.002500,0.063300,0.1967,0.050100,0.000600,0.6025,941,389652,0,0,0,0,0,0,0.010900,0,0.008400,0,0,0,0,0,0,0,0,0,0,0,0,0,0,0,0,0,0,0
,0.019900,0.007700,2,60,0,58,0,0,13,233,26,0,454,3,0,0,12,2,0,0,0,0,0.018500,0.011800,0.3246,0.005300,0.009000,0.001400,0.8715,0.1760,0.056200,0.1365,0.002100,0.028500,0.012500,0,768,256,11229,3565.7148,15494.9102,239.1602,0.002900,6,0.000300,0.009500,0.002200,0.015100,0.1835,0,0,0.061000,0.2423,2.6076,0.066300,0.000200,0.001200,0.000300,0.000300,0.006300,0.007300,0.042900,0.005700,0.034500,0.1431,0.010700,0.006600,1.5643,0.027700,0.009200,0.031700,0.011700,0.019700,0.097900,0.009100,0.077600,0.002000,0.086500,0.008500,0.067900,0.6152,0.005900,2.3087,0.000500,0.1931,0.000800,0.000400,0.029900,0.3074,0.6110,0.023600,0.8680,0.1292,0.002000,0.010600,0.000500,0.038400,0.064600,8.7030,8.7628,13.0955,634,16,0.2500,0,16,3.8438,1,0,0,629,1,0,115,102,13,0,-1,-1,0,-1,-1,13.9904,4.9185,0,1525.2227,1525.2227,1525.0977,95,870,551,322,0,0,0.001100,0,0,0.015100,0.079200,0.000800,0.016100,0.067500,0.039400,0.000900,0.001800,0.000200,0.001300,0.006100,0.000900,0.004000,0.023000,0.1234,0.054700,0.085400,0.1532,0.039900,0.1908,0.018600,0.3057,0.000100,0.001800,0.062300,0.008800,0.001100,0.000500,0.025700,0.005800,0.011700,0.000900,0.1411,0.017300,0.042300,0.2040,0.069800,0.001000,0.021900,0.003700,0.031800,0.022400,0.017000,8.4271,0.061600,0.006200,0.000100,0,10.4753,0,0,0,0,0,0,0,50,0,0,0,0,1,1,9,9,2,1,1,4,1,1,1,1,1,1,7,7,1,1,50,9,6,42,76,794,950,0,0,0,0,0,-100,-100,-100,-100,600,1440,107.7673,0,0,-0.000000,-1,0,0,0,1,0,13.7344,5,50,75.1289,13.7344,0,0,48.9844,0,100,0,0,0,0,0,0,0,0,0,0.6062,0.6062,1,0.6062,0.6062,28.8719,8.9635,20141,90,568,135,11068.6055,3604.2070,7254.3555,0,14673.5469,10.4827,2.3264,7.9685,10.4827,2.3264,2.8886,33.3333,5.7374,22.2621,0.000600,0.021100,0.000600,0.000700,0.001600,0.007800,0.000700,0.072800,0.001000,0.017500,0.021300,0.034700,0.3445,0.2927,0.020500,0.006200,0.065200,0,0.043600,0.012500,0.1751,0,0.032100,0.1341,0.019800,0.094400,0.4268,0.6958,0.5993,0.057400,2.0646,0.093200,0.031700,0.038700,0.6902,0.089600,0.001900,0.002600,0.061300,0.1934,0.049100,0.000500,0.6153,949,392712,0,0,0,0,0,0,0.003600,0,0.008500,0,0,0,0,0,0,0,0,0,0,0,0,0,0,0,0,0,0,0
,0.015200,0.021400,2,64,0,62,0,0,13,233,26,0,454,3,0,0,12,2,0,0,0,0,0.024200,0.016100,0.3404,0.006600,0.009700,0.001000,0.8776,0.1942,0.056100,0.1325,0.001200,0.041000,0.000900,0,768,256,11229,3565.7148,15494.9102,239.1602,0.002100,3,0.000200,0.010800,0.002000,0.014200,0.1739,0,0,0.057800,0.2925,2.6393,0.072200,0.000200,0.001200,0.000200,0.000100,0.006500,0.007000,0.045700,0.005700,0.039700,0.1284,0.010400,0.006600,1.7040,0.029100,0.009100,0.037900,0.011500,0.019000,0.073800,0.010800,0.074200,0.003000,0.074200,0.008000,0.072100,0.6241,0.005500,2.3874,0.000200,0.1989,0.000900,0.000400,0.031800,0.3088,0.6275,0.025000,0.8532,0.1215,0.002100,0.011200,0.000600,0.035700,0.3082,8.6782,8.7628,13.0955,634,16,0.2500,0,16,3.8438,1,0,0,629,1,0,115,102,13,0,-1,-1,0,-1,-1,13.9904,4.9185,0,1525.2227,1525.2227,1525.0977,95,870,551,322,0,0,0.000900,0,0,0.017700,0.082100,0.000600,0.015000,0.071000,0.040700,0.000900,0.001800,0.000300,0.001400,0.006400,0.001000,0.004400,0.024300,0.1467,0.058100,0.076300,0.1479,0.046900,0.2138,0.017500,0.064600,0.000300,0.001700,0.066400,0.008600,0.001300,0.000800,0.024400,0.006600,0.011900,0.001100,0.1392,0.013600,0.040600,0.2059,0.070100,0.001200,0.033200,0.002400,0.032600,0.022600,0.021000,8.0517,0.061500,0.006700,0.000100,0.008400,10.6864,0,0,0,0,0,0,0,50,0,0,0,0,1,1,9,9,2,1,1,4,1,1,1,1,1,1,7,7,1,1,50,9,6,42,76,794,950,0,0,0,0,0,-100,-100,-100,-100,600,1440,107.7673,0,0,-0.000000,-1,0,0,0,1,0,13.7344,5,50,75.1289,13.7344,0,0,48.9844,0,100,0,0,0,0,0,0,0,0,0,0.4093,0.4093,1,0.4093,0.4093,39.0126,8.9635,20141,90,568,135,11068.2500,3604.2070,7254.3555,0,14672.8125,10.4168,2.0680,7.4763,10.4168,2.0680,2.9431,33.3333,5.2268,22.7288,0.000200,0.022000,0.000600,0.000600,0.001800,0.012200,0.000500,0.073100,0,0.017400,0.027400,0.036900,0.7951,0.2983,0.021500,0.005100,0.068700,0,0.047800,0.011800,0.1801,0,0.039300,0.1854,0.019200,0.1024,0.4190,0.7008,0.3906,0.056200,2.0737,0.094200,0.031800,0.039500,0.6899,0.094800,0.002200,0.002500,0.061500,0.1966,0.051200,0.000700,0.6344,921,385152,0.066800,0,0,0,0,0,0,0,0.007900,0,0,0,0,0,0,0,0,0,0,0,0,0,0,0,0,0,0,0
,0.015100,0.008700,2,57,0,55,0,0,13,233,12,0,454,3,0,0,12,2,0,0,0,0,0.007500,0.011500,0.3147,0.006000,0.009900,0.001300,0.8532,0.1997,0.053000,0.1246,0.000800,0.028000,0.001000,0,768,256,11229,3565.7148,15494.9102,239.1602,0.001200,5,0.000200,0.009800,0.002100,0.013400,0.1819,0,0,0.057900,0.2576,2.5777,0.065300,0.000200,0.001400,0.000200,0.000400,0.007300,0.007700,0.047000,0.005300,0.035500,0.1345,0.011000,0.005700,1.4110,0.027500,0.009200,0.037600,0.011100,0.019200,0.082600,0.010400,0.078000,0.002000,0.076100,0.012100,0.073300,0.5962,0.004600,2.4927,0.000600,0.2230,0.000600,0.000300,0.032400,0.3079,1.3916,0.025400,0.9673,0.1663,0.001900,0.010100,0.000500,0.040300,0.1719,9.2441,8.7628,13.0955,634,16,0.2500,0,16,3.8438,1,0,0,629,1,0,115,102,13,0,-1,-1,0,-1,-1,13.9904,4.9185,0,1525.2227,1525.2227,1441.6289,95,873,561,322,0,0,0.001500,0,0,0.017200,0.083000,0.000600,0.012400,0.071700,0.040700,0.000900,0.001600,0.000200,0.001400,0.005900,0.000900,0.004000,0.022600,0.1317,0.057000,0.078700,0.1530,0.048100,0.1767,0.022600,0.1973,0.000300,0.001600,0.065600,0.009000,0.001200,0.000300,0.025900,0.006500,0.012400,0.001200,0.1413,0.015100,0.044000,0.1922,0.067100,0.001400,0.044900,0.002400,0.018000,0.023500,0.016600,8.7115,0.059900,0.007100,0.000200,0,10.1979,0,0,0,0,0,0,0,50,0,0,0,0,1,1,9,9,2,1,1,4,1,1,1,1,1,1,7,7,1,1,50,9,6,42,76,794,950,0,0,0,0,0,-100,-100,-100,-100,600,1440,107.7673,0,0,-0.000000,-1,0,0,0,1,0,13.7344,5,50,75.1289,13.7344,0,0,48.9844,0,100,0,0,0,0,0,0,0,0,0,0.5145,0.5145,1,0.5145,0.5145,49.9575,8.9635,20141,90,568,135,11067.7266,3604.2070,7254.3555,0,14672.4570,10.9350,2.2363,7.5772,10.9350,2.2363,2.9512,33.3333,5.4377,22.7116,0.000300,0.021000,0.000500,0.000600,0.001800,0.007000,0.000800,0.072700,0.001000,0.020500,0.021200,0.036900,0.3433,0.1893,0.019500,0.007100,0.064700,0,0.044600,0.015400,0.1870,0,0.032500,0.1331,0.016100,0.090900,0.8655,0.7523,0.3667,0.056200,2.4619,0.094200,0.032800,0.039300,0.6972,0.4900,0.002200,0.002400,0.063700,0.1967,0.050200,0.000700,0.6029,941,389232,0,0,0,0,0,0,0,0,0.007800,0,0,0,0,0,0,0,0,0,0,0,0,0,0,0,0,0,0,0
,0.024700,0.005800,2,59,0,57,0,0,13,233,28,0,454,3,0,0,12,2,0,0,0,0,0.010300,0.004500,0.3092,0.005500,0.009500,0.000900,0.8405,0.1938,0.064900,0.1360,0.001300,0.030400,0,1,768,256,11229,3565.7148,15494.9102,239.1602,0.001800,3,0.000400,0.010500,0.002500,0.012200,0.4259,0,0,0.086500,0.2322,2.5716,0.067800,0.000200,0.001200,0.000200,0.000300,0.006600,0.007100,0.037300,0.005000,0.029800,0.1281,0.010600,0.005600,0.1336,0.025000,0.008800,0.033100,0.011500,0.019400,0.1162,0.011300,0.088200,0.002400,0.084900,0.009700,0.073000,0.6500,0.005800,2.4162,0.000200,0.2041,0.000500,0.000400,0.032500,0.3155,0.6587,0.026000,0.9651,0.1496,0.001900,0.010200,0.000500,0.036900,0,9.9104,8.7628,13.0955,634,16,0.2500,0,16,3.8438,1,0,0,629,1,0,115,102,13,0,-1,-1,0,-1,-1,13.9904,4.9185,0,1525.2227,1525.2227,1525.0977,95,876,561,322,0,0,0.000900,0,0,0.015200,0.079300,0.000600,0.011700,0.069300,0.041000,0.000700,0.001700,0.000200,0.001400,0.005900,0.001000,0.004100,0.023300,0.1523,0.055100,0.077700,0.1642,0.045800,0.1808,0.032300,0.067100,0.000200,0.001600,0.061300,0.007400,0.001800,0.000500,0.024800,0.005900,0.011600,0.001000,0.1374,0.015700,0.040700,0.2085,0.069800,0.001000,0.040000,0.002400,0.034300,0.023400,0.017000,9.3430,0.059800,0.006500,0.000100,0,10.9095,0,0,0,0,0,0,0,50,0,0,0,0,1,1,9,9,2,1,1,4,1,1,1,1,1,1,7,7,1,1,50,9,6,42,76,794,950,0,0,0,0,0,-100,-100,-100,-100,600,1440,107.7673,0,0,-0.000000,-1,0,0,0,1,0,13.7344,5,50,75.1289,13.7344,0,0,48.9844,0,100,0,0,0,0,0,0,0,0,0,0.4403,0.4403,1,0.4403,0.4403,61.4055,8.9635,20141,90,568,135,11067.3281,3604.2070,7254.3555,0,14671.9336,11.4386,2.1006,7.8072,11.4386,2.1006,2.9554,33.3333,5.6474,22.4328,0.000300,0.021100,0.000600,0.000600,0.001700,0.007300,0.000600,0.073800,0,0.019400,0.030000,0.036600,0.3594,0.1924,0.019500,0.006100,0.062100,0,0.046000,0.013700,0.1887,0.005100,0.032100,0.1435,0.015200,0.093000,0.4269,0.7071,0.3041,0.057300,2.4454,0.094200,0.032800,0.039100,0.6916,0.1027,0.002100,0.004600,0.061000,0.1916,0.050100,0.000700,0.5902,1001,403676,0,0,0,0,0,0.3715,0,0,0.009000,0,0,0,0,0,0,0,0,0,0,0,0,0,0,0,0,0,0,0
,0.023800,0.006200,2,80,0,78,0,0,14,233,38,0,454,3,0,0,13,2,0,0,0,0,0.009900,0.001700,0.3524,0.006500,0.010100,0.001200,0.8918,0.1989,0.053100,0.1338,0.001000,0.022800,0,0,768,256,11229,3565.7148,15494.9102,239.1602,0.002500,3,0.000400,0.009700,0.002500,0.015000,0.1996,0,0,0.057800,0.2919,2.7222,0.072000,0.000200,0.001400,0.000200,0.000200,0.006700,0.008000,0.046800,0.005300,0.032500,0.3381,0.012600,0.006800,0.6354,0.031400,0.010100,0.030500,0.011700,0.019700,0.092200,0.012900,0.077400,0.002500,0.084700,0.009300,0.070700,0.6111,0.005000,2.3668,0.000100,0.1994,0.000600,0.000300,0.032600,0.3409,0.6770,0.027600,0.9557,0.1427,0.002000,0.011200,0.000600,0.040400,0.3585,7.7827,8.7628,13.0955,634,16,0.2500,0,16,3.8438,1,0,0,629,1,0,115,102,13,0,-1,-1,0,-1,-1,13.9904,4.9185,0,1525.2227,1525.2227,1525.0977,95,874,561,322,0,0,0.000800,0,0,0.014400,0.084900,0.000600,0.011300,0.074800,0.040900,0.001100,0.001500,0.000200,0.001500,0.006300,0.001000,0.003900,0.022700,0.1330,0.058500,0.077500,0.1662,0.037100,0.1954,0.022100,0.3830,0.000200,0.001900,0.069600,0.009900,0.001400,0.000800,0.030300,0.007700,0.012800,0.001200,0.1406,0.014700,0.042500,0.2427,0.077500,0.001200,0.050400,0.002600,0.033600,0.024100,0.024700,7.0923,0.061600,0.006200,0.000200,0,11.4538,0,0,0,0,0,0,0,50,0,0,0,0,1,1,9,9,2,1,1,4,1,1,1,1,1,1,7,7,1,1,50,9,6,42,76,794,950,0,0,0,0,0,-100,-100,-100,-100,600,1440,107.7673,0,0,-0.000000,-1,0,0,0,1,0,13.7344,5,50,75.1289,13.7344,0,0,48.9844,0,100,0,0,0,0,0,0,0,0,0,0.4405,0.4405,1,0.4405,0.4405,7.5357,8.9635,20141,90,568,135,11068.9961,3604.2070,7254.3555,0,14671.5352,9.6017,2.4263,7.3957,9.6017,2.4280,3.0128,33.3333,5.7839,21.0463,0.000200,0.020800,0.000700,0.000600,0.001600,0.007100,0.000600,0.073200,0.001100,0.032600,0.021000,0.035300,0.3477,0.1986,0.019500,0.005100,0.062600,0,0.047900,0.012700,0.1974,0.005100,0.032100,0.6976,0.016300,0.093500,0.4305,0.7179,0.3563,0.057300,2.4894,0.095200,0.031800,0.039700,0.6969,0.071200,0.002300,0.002500,0.064900,0.1977,0.049100,0.000600,0.6237,935,388308,0,2402,1335,0,1.0579,0,0.001500,0.001900,0.008800,0,0,0,0,0,0,0,0,0,0,0,0,0,0,0,0,0,0,0
,0.016800,0.025400,2,56,0,54,0,0,13,233,13,0,454,3,0,0,12,2,0,0,0,0,0,0.015500,0.3365,0.006900,0.009700,0.001200,0.8995,0.2129,0.054300,0.1366,0,0.037100,0,0,768,256,11229,3565.7148,15494.9102,239.1602,0,7,0.000100,0.008900,0.002600,0.016000,0.1856,0,0,0.062600,0.2875,2.7217,0.074700,0.000300,0.001300,0.000200,0.000200,0.008300,0.008200,0.046700,0.005100,0.033500,0.1021,0.010800,0.006100,1.0995,0.028800,0.010000,0.027300,0.011800,0.019200,0.1080,0.010700,0.069300,0.002700,0.080100,0.008300,0.075400,0.6464,0.005700,2.4874,0.000300,0.2241,0.000500,0.000400,0.034000,0.3357,1.3185,0.027800,1.0237,0.1504,0.002300,0.013700,0.000600,0.037000,0.1161,8.7523,8.7628,13.0955,634,16,0.2500,0,16,3.8438,1,0,0,629,1,0,115,102,13,0,-1,-1,0,-1,-1,13.9904,4.9185,0,1525.2227,1525.2227,1525.0977,95,874,561,321,0,0,0.001000,0,0,0.015800,0.087900,0.000600,0.011900,0.075200,0.041900,0.001200,0.001600,0.000500,0.001400,0.006800,0.001000,0.004100,0.023600,0.1636,0.060100,0.079700,0.1577,0.042300,0.2286,0.022800,0.075900,0.000400,0.001400,0.067400,0.008900,0.001600,0.000400,0.027700,0.007300,0.013200,0.001200,0.1565,0.016400,0.046000,0.2130,0.080500,0.001100,0.046000,0.002500,0.020300,0.026700,0.018800,8.0919,0.076100,0.006200,0.000300,0,9.6416,0,0,0,0,0,0,0,50,0,0,0,0,1,1,9,9,2,1,1,4,1,1,1,1,1,1,7,7,1,1,50,9,6,42,76,794,950,0,0,0,0,0,-100,-100,-100,-100,600,1440,107.7673,0,0,-0.000000,-1,0,0,0,1,0,13.7344,5,50,75.1289,13.7344,0,0,48.9844,0,100,0,0,0,0,0,0,0,0,0,0.4982,0.4982,1,0.4982,0.4982,17.9593,8.9635,20141,90,568,135,11066.9883,3604.2070,7254.3555,0,14673.2031,10.4306,2.3043,7.9151,10.4306,2.3052,3.8019,33.3333,5.8758,20.3654,0.000200,0.022200,0.000500,0.000600,0.001600,0.008100,0.000600,0.076700,0,0.020400,0.020600,0.025800,0.3509,0.2013,0.019500,0.005100,0.061900,0,0.045800,0.014300,0.1987,0.005100,0.033100,0.1403,0.016100,0.089500,0.4338,0.7299,0.3504,0.056200,2.4791,0.094200,0.030700,0.040000,0.6916,0.1649,0.002300,0.002600,0.061900,0.2068,0.050100,0.000700,0.6069,975,395472,0,0,0,0,0,0,0,0.001000,0.007600,0,0,0,0,0,0,0,0,0,0,0,0,0,0,0,0,0,0,0
,0.019100,0.006600,2,73,0,71,0,0,14,233,26,0,454,3,0,0,13,2,0,0,0,0,0.017600,0.016700,0.4221,0.006100,0.010100,0.001100,0.9127,0.1739,0.059700,0.1508,0.002100,0.036200,0.002000,1,768,256,11229,3565.7148,15494.9102,239.1602,0.007600,9,0.000200,0.011000,0.002200,0.014800,0.1959,0,0,0.076100,0.2675,2.9718,0.070100,0.000300,0.001100,0.000200,0.000100,0.006500,0.007500,0.041600,0.004800,0.033000,0.2328,0.010600,0.005800,0.9634,0.028100,0.008100,0.031700,0.011600,0.020400,0.091200,0.009400,0.075900,0.005000,0.1342,0.012000,0.090300,0.7037,0.005300,2.5877,0.000400,0.2035,0.000700,0.000300,0.030100,0.3661,0.7499,0.026300,0.9708,0.4300,0.001700,0.011300,0.000600,0.035200,0,9.7545,8.7628,13.0955,634,16,0.2500,0,16,3.8438,1,0,0,629,1,0,115,102,13,0,-1,-1,0,-1,-1,13.9904,4.9185,0,1525.2227,1525.2227,1525.0977,95,875,561,321,0,0,0.001400,0,0,0.015800,0.081200,0.000600,0.015600,0.069200,0.041700,0.000800,0.001900,0.000200,0.001700,0.007000,0.001400,0.004500,0.026100,0.1649,0.056900,0.081600,0.1561,0.048200,0.1551,0.026600,0.1317,0.000300,0.001300,0.061700,0.008600,0.001500,0.000800,0.024300,0.006300,0.012000,0.001300,0.1351,0.014100,0.038200,0.2109,0.066200,0.001000,0.048800,0.002300,0.033700,0.024000,0.017600,9.1674,0.064700,0.006100,0.000100,0,10.3209,0,0,0,0,0,0,0,50,0,0,0,0,1,1,9,9,2,1,1,4,1,1,1,1,1,1,7,7,1,1,50,9,6,42,76,794,950,0,0,0,0,0,-100,-100,-100,-100,600,1440,107.7673,0,0,-0.000000,-1,0,0,0,1,0,13.7344,5,50,75.1289,13.7344,0,0,48.9844,0,100,0,0,0,0,0,0,0,0,0,0.4736,0.4736,1,0.4736,0.4736,29.2406,8.9635,20141,90,568,135,11062.9336,3604.2070,7254.3555,0,14671.1953,11.2930,2.2016,7.3744,11.2930,2.2016,3.0075,33.3333,5.8179,20.5667,0.000200,0.021500,0.000600,0.000600,0.001700,0.008300,0.000600,0.073700,0,0.019400,0.021100,0.030800,0.3403,0.2748,0.019500,0.006100,0.064700,0,0.043100,0.022100,0.1945,0.005100,0.032200,0.1364,0.023200,0.1014,0.4307,0.7089,0.3890,0.058400,2.0582,0.093200,0.030700,0.048100,0.6878,0.088600,0.001800,0.002500,0.061500,0.1986,0.049200,0.000600,1.0365,932,386492,0,0,0,0,0,0,0,0,0.008700,0,0,0,0,0,0,0,0,0,0,0,0,0,0,0,0,0,0,0
,0.028800,0.005900,2,56,0,54,0,0,13,233,15,0,454,3,0,0,12,2,0,0,0,0,0,0.004900,0.3297,0.007100,0.009500,0.001100,0.8274,0.1996,0.052200,0.1243,0.001000,0.021800,0,0,768,256,11229,3565.7148,15494.9102,239.1602,0,3,0.000200,0.007700,0.002200,0.018900,0.1781,0,0,0.058000,0.2541,2.7322,0.060900,0.000300,0.001200,0.000200,0.000200,0.007500,0.006600,0.047400,0.007100,0.044200,0.1910,0.013200,0.008300,0.9895,0.031700,0.009300,0.029700,0.012300,0.019600,0.1158,0.012000,0.078200,0.002600,0.1229,0.009900,0.073800,0.6117,0.004700,2.8464,0.000200,0.2171,0.000800,0.000400,0.034200,0.3111,0.6116,0.026000,0.9670,0.1799,0.001800,0.009900,0.000500,0.036700,0.016100,9.7505,8.7628,13.0955,634,16,0.2500,0,16,3.8438,1,0,0,629,1,0,115,102,13,0,-1,-1,0,-1,-1,13.9904,4.9185,0,1525.2227,1525.2227,1525.0977,95,875,561,321,0,0,0.001000,0,0,0.014500,0.083600,0.000800,0.012000,0.070300,0.042200,0.000900,0.001700,0.000400,0.001700,0.006400,0.001100,0.004300,0.023500,0.1524,0.059300,0.080600,0.1627,0.039000,0.2235,0.020000,0,0.000200,0.001800,0.064300,0.009100,0.001600,0.000400,0.027500,0.006600,0.012800,0.001300,0.1445,0.014600,0.040500,0.2165,0.070600,0.001500,0.028200,0.002900,0.036300,0.025300,0.017600,9.0827,0.060700,0.006400,0.000300,0,11.3673,0,0,0,0,0,0,0,50,0,0,0,0,1,1,9,9,2,1,1,4,1,1,1,1,1,1,7,7,1,1,50,9,6,42,76,794,950,0,0,0,0,0,-100,-100,-100,-100,600,1440,107.7673,0,0,-0.000000,-1,0,0,0,1,0,13.7344,5,50,75.1289,13.7344,0,0,48.9844,0,100,0,0,0,0,0,0,0,0,0,0.4160,0.4160,1,0.4160,0.4160,40.5238,8.9635,20141,90,568,135,11063.3359,3604.2070,7254.3555,0,14667.1406,11.2735,2.1221,7.6844,11.2735,2.1235,3.0255,33.3333,5.1500,22.8045,0.000200,0.022800,0.000500,0.000700,0.002000,0.007000,0.000700,0.072100,0.001000,0.019500,0.020900,0.035600,0.3620,0.2182,0.019500,0.006100,0.062000,0,0.046200,0.024500,0.1894,0.005100,0.032800,0.1362,0.017700,0.1071,0.8606,0.7551,0.3433,0.057300,2.4485,0.094200,0.031800,0.039700,0.6919,0.090000,0.001700,0.002600,0.061900,0.1966,0.049200,0.000600,0.6279,980,397158,0,0,0,0,0,0.4169,0,0.001600,0.007900,0,0,0,0,0,0,0,0,0,0,0,0,0,0,0,0,0,0,0
,0.027000,0.005900,2,70,0,68,0,0,14,233,30,0,454,3,0,0,13,2,0,0,0,0,0.017400,0.012300,0.3381,0.005900,0.009700,0.001100,0.8811,0.2165,0.052700,0.1346,0.001600,0.021000,0,0,768,256,11229,3565.7148,15494.9102,239.1602,0.003000,7,0.000300,0.009700,0.002300,0.020600,1.1079,0,0,0.065900,0.3116,2.5922,0.060200,0.000300,0.001300,0.000200,0.000300,0.007300,0.006900,0.046100,0.005300,0.032800,0.094100,0.011300,0.005900,0.5849,0.024700,0.008800,0.026200,0.011100,0.018200,0.081300,0.008100,0.072800,0.002200,0.1240,0.008500,0.070400,0.6083,0.004800,2.3229,0.000200,0.1904,0.000600,0.000300,0.029300,0.3050,0.6348,0.022800,0.9363,0.1827,0.002100,0.009400,0.000400,0.038400,0.062400,9.3890,8.7628,13.0955,634,16,0.2500,0,16,3.8438,1,0,0,629,1,0,115,102,13,0,-1,-1,0,-1,-1,13.9904,4.9185,0,1525.2227,1525.2227,1525.0977,95,874,561,321,0,0,0.001600,0,0,0.017200,0.090400,0.000900,0.013300,0.094000,0.053100,0.001000,0.001500,0.000300,0.001600,0.006400,0.001000,0.004200,0.025600,0.2203,0.060500,0.1002,0.2109,0.060500,0.1855,0.025100,0.1481,0.000100,0.007600,0.086300,0.011400,0.001400,0.000500,0.034300,0.008800,0.015500,0.001200,0.1885,0.019200,0.054200,0.2085,0.074300,0.001100,0.032400,0.002400,0.019300,0.025100,0.018100,8.7138,0.061400,0.006700,0.000100,0.003900,11.2087,0,0,0,0,0,0,0,50,0,0,0,0,1,1,9,9,2,1,1,4,1,1,1,1,1,1,7,7,1,1,50,9,6,42,76,794,950,0,0,0,0,0,-100,-100,-100,-100,600,1440,107.7673,0,0,-0.000000,-1,0,0,0,1,0,13.7344,5,50,75.1289,13.7344,0,0,48.9844,0,100,0,0,0,0,0,0,0,0,0,0.5816,0.5816,1,0.5816,0.5816,51.7177,8.9635,20141,90,568,135,11064.0742,3604.2070,7254.3555,0,14667.5430,11.2009,2.4849,7.8175,11.2009,2.4866,3.2402,33.3333,5.6745,22.7784,0.000200,0.022400,0.000600,0.000900,0.001900,0.009200,0.000600,0.073700,0,0.020400,0.021500,0.026400,0.3448,0.1866,0.019400,0.006200,0.062100,0,0.046900,0.023000,0.1894,0.006100,0.032000,0.1418,0.015800,0.088300,0.4268,0.7661,0.3198,0.056300,2.4782,0.094200,0.030700,0.038800,0.6930,0.087000,0.001900,0.002500,0.064200,0.2049,0.050200,0.000800,0.6975,978,399642,0.054600,0,0,0,0,0,0,0.001900,0.008400,0,0,0,0,0,0,0,0,0,0,0,0,0,0,0,0,0,0,0
,0.030000,0.057500,2,64,0,62,0,0,13,233,43,0,454,3,0,0,12,2,0,0,0,0,0.008900,0.011100,0.3419,0.006700,0.008100,0.001000,0.8846,0.1917,0.055300,0.1297,0.000900,0.034900,0,1,768,256,11229,3565.7148,15494.9102,239.1602,0.001700,3,0.000200,0.008800,0.002100,0.019600,0.1837,0,0,0.056800,0.5142,2.9653,0.073200,0.000200,0.001300,0.000300,0.000300,0.007200,0.007600,0.042400,0.005000,0.030900,0.099100,0.010000,0.005700,0.5569,0.025600,0.008100,0.033600,0.012100,0.019800,0.084900,0.013700,0.075600,0.002400,0.1092,0.010900,0.073100,0.6547,0.005400,2.5437,0.000300,0.2008,0.000700,0.000400,0.029900,0.3949,0.6140,0.024200,0.9610,0.4794,0.002000,0.013700,0.000600,0.036300,0,8.2713,8.7628,13.0955,634,16,0.2500,0,16,3.8438,1,0,0,629,1,0,115,102,13,0,-1,-1,0,-1,-1,13.9904,4.9185,0,1525.2227,1525.2227,1525.0977,95,874,561,321,0,0,0.001000,0,0,0.015100,0.077100,0.000600,0.012500,0.070300,0.042200,0.000800,0.001600,0.000300,0.002300,0.007100,0.001000,0.004300,0.023200,0.1615,0.060800,0.084000,0.1712,0.041000,0.1787,0.019000,0.050900,0.000100,0.001700,0.068000,0.008800,0.001500,0.000400,0.026200,0.006100,0.012500,0.001400,0.1452,0.015400,0.041100,0.2094,0.068800,0.001100,0.045200,0.002500,0.033600,0.023800,0.017700,7.6816,0.059800,0.006200,0.000200,0.002100,11.2781,0,0,0,0,0,0,0,50,0,0,0,0,1,1,9,9,2,1,1,4,1,1,1,1,1,1,7,7,1,1,50,9,6,42,76,794,950,0,0,0,0,0,-100,-100,-100,-100,600,1440,107.7673,0,0,-0.000000,-1,0,0,0,1,0,13.7344,5,50,75.1289,13.7344,0,0,48.9844,0,100,0,0,0,0,0,0,0,0,0,0.4139,0.4139,1,0.4139,0.4139,61.5603,8.9635,20141,90,568,135,11064.0742,3604.2695,7254.3555,0,14668.3438,9.5724,2.2206,7.8175,9.5724,2.2215,2.7894,33.3333,6.1581,23.5610,0.000600,0.022100,0.000600,0.000700,0.001900,0.008500,0.000500,0.073000,0,0.017400,0.030300,0.035200,0.3502,0.2005,0.019500,0.005100,0.067800,0,0.044200,0.019500,0.1564,0.005100,0.031400,0.1312,0.016200,0.099900,0.4263,0.7626,0.3506,0.055200,2.0716,0.094200,0.030700,0.038000,0.6880,0.097800,0.001900,0.002500,0.062300,0.1966,0.050200,0.000500,0.6085,928,386350,0,0,0,0,0,0,0.001900,0.001200,0.009100,0,0,0,0,0,0,0,0,0,0,0,0,0,0,0,0,0,0,0
,0.017700,0.008600,2,57,0,55,0,0,13,233,12,0,454,3,0,0,12,2,0,0,0,0,0.009500,0.006900,0.3367,0.006400,0.008300,0.001100,0.8499,0.1913,0.049400,0.1198,0.001300,0.029600,0,0,768,256,11229,3565.7148,15494.9102,239.1602,0.001500,7,0.000400,0.008600,0.002000,0.018500,0.1903,0,0,0.059400,0.2809,2.5300,0.061300,0.000200,0.001300,0.000400,0.000200,0.007500,0.007000,0.041900,0.004800,0.031600,0.1242,0.011100,0.005300,0.4608,0.025100,0.008000,0.047300,0.012400,0.019600,0.084300,0.008500,0.073300,0.002200,0.1035,0.008200,0.070000,0.6515,0.005900,2.4166,0.000400,0.1961,0.000500,0.000700,0.031200,0.3214,0.6491,0.025200,0.9061,0.1705,0.002100,0.010200,0.000500,0.040000,0,8.9164,8.7628,13.0955,634,16,0.2500,0,16,3.8438,1,0,0,629,1,0,115,102,13,0,-1,-1,0,-1,-1,13.9904,4.9185,0,1525.2227,1525.2227,1525.0977,95,875,561,321,0,0,0.001000,0,0,0.016000,0.081600,0.000500,0.013000,0.072900,0.042100,0.000900,0.001600,0.000400,0.001700,0.007500,0.001100,0.004100,0.022300,0.1411,0.056700,0.080700,0.1592,0.039500,0.2238,0.021200,0.056400,0.000200,0.001700,0.065800,0.008200,0.001500,0.000600,0.026700,0.007300,0.012200,0.001100,0.1386,0.015700,0.040600,0.2062,0.068000,0.001400,0.040300,0.002800,0.034600,0.024000,0.017400,8.4214,0.060100,0.008200,0.000100,0.006700,9.9042,0,0,0,0,0,0,0,50,0,0,0,0,1,1,9,9,2,1,1,4,1,1,1,1,1,1,7,7,1,1,50,9,6,42,76,794,950,0,0,0,0,0,-100,-100,-100,-100,600,1440,107.7673,0,0,-0.000000,-1,0,0,0,1,0,13.7344,5,50,75.1289,13.7344,0,0,48.9844,0,100,0,0,0,0,0,0,0,0,0,0.4373,0.4373,1,0.4373,0.4373,10.2414,8.9635,20141,90,568,135,11064.0742,3604.2695,7254.3555,0,14668.3438,10.7764,2.2380,7.3284,10.7764,2.2380,2.7890,33.3333,5.7153,23.1305,0.000600,0.022200,0.000700,0.000700,0.001600,0.009800,0.000600,0.072800,0.001100,0.019500,0.021100,0.037500,0.3513,0.2922,0.019400,0.006200,0.067100,0,0.044000,0.007400,0.1670,0.006200,0.031800,0.1274,0.015300,0.1028,0.4375,0.7138,0.3818,0.057400,3.0588,0.094200,0.031800,0.039900,0.6897,0.090800,0.002100,0.002800,0.062100,0.1966,0.050100,0.000600,0.6177,950,390874,0,2255,1275,0,2.6488,0,0,0,0.008800,0,0,0,0,0,0,0,0,0,0,0,0,0,0,0,0,0,0,0
,0.028100,0.074600,0,0,0,0,0,0,0,0,0,0,0,0,0,0,0,0,0,0,0,0,0,0.005200,0.4167,0.005600,0.009700,0.001000,1.1275,0.2019,0.054700,0.1323,0,0.027900,0,0,768,256,11229,3565.7148,15494.9102,239.1602,0,3,0.000400,0.010100,0.002200,0.019500,0.1982,0,0,0.058700,0.2554,2.5974,0.061100,0.000300,0.001500,0.000300,0.000300,0.007200,0.007400,0.042100,0.006100,0.033300,0.1144,0.011300,0.006300,0.6330,0.026800,0.009000,0.025700,0.011100,0.017800,0.083700,0.009800,0.066400,0.002100,0.099400,0.007600,0.069000,0.6147,0.004700,2.3297,0.000200,0.1841,0.000600,0.000300,0.030700,0.3172,0.5693,0.025100,0.8867,0.1204,0.001800,0.009800,0.000300,0.035700,0.1263,7.6603,8.7628,13.0955,634,16,0.2500,0,16,3.8438,1,0,0,629,1,0,115,102,13,0,-1,-1,0,-1,-1,13.9904,4.9185,0,1525.2227,1525.2227,1525.0977,95,871,551,321,0,0,0.001000,0,0,0.014700,0.079700,0.000500,0.011600,0.068200,0.042200,0.001100,0.001900,0.000300,0.001500,0.006600,0.001200,0.004000,0.079800,0.1644,0.059700,0.078000,0.1529,0.039500,0.1897,0.019100,0.038900,0.000300,0.001800,0.065600,0.009100,0.001300,0.000600,0.029000,0.006900,0.012100,0.001300,0.1353,0.015600,0.040100,0.1887,0.078300,0.001100,0.041700,0.002000,0.016900,0.024500,0.016500,7.1015,0.059200,0.007300,0.000100,0,10.6421,0,0,0,0,0,0,0,50,0,0,0,0,1,1,9,9,2,1,1,4,1,1,1,1,1,1,7,7,1,1,50,9,6,42,76,794,950,0,0,0,0,0,-100,-100,-100,-100,600,1440,107.7673,0,0,-0.000000,-1,0,0,0,1,0,13.7344,5,50,75.1289,13.7344,0,0,48.9844,0,100,0,0,0,0,0,0,0,0,0,0.4179,0.4179,1,0.4179,0.4179,19.5750,8.9635,20141,90,568,135,11064.4492,3604.2695,7254.3555,0,14668.3438,9.4819,2.2367,7.3284,9.4819,2.2367,2.7728,33.3333,5.7291,22.7591,0.000300,0.021500,0.000600,0.000900,0.001500,0.009400,0.000700,0.073800,0,0.020600,0.021300,0.032900,0.3437,0.1975,0.020400,0.006200,0.062500,0,0.045300,0.007100,0.1940,0.005100,0.031500,0.1317,0.015700,0.089700,0.4249,0.6822,0.3455,0.058300,2.4391,0.094300,0.031700,0.039400,0.6838,0.065400,0.002000,0.002500,0.061300,0.1977,0.049200,0.000700,0.6046,962,395118,0,0,0,0,0,0,0.013700,0,0.007400,0,0,0,0,0,0,0,0,0,0,0,0,0,0,0,0,0,0,0
,0.015400,0.006000,4,124,0,120,0,0,26,466,55,0,908,6,0,0,24,4,0,0,0,0,0.009400,0.031100,0.3383,0.006300,0.009800,0.001000,0.8719,0.1792,0.051000,0.1301,0.002500,0.030700,0,0,768,256,11229,3565.7148,15494.9102,239.1602,0.003600,4,0.000400,0.009200,0.001700,0.018900,0.1787,0,0,0.067100,0.2783,2.7307,0.066500,0.000300,0.001000,0.000300,0.000300,0.007100,0.006600,0.050100,0.005300,0.032700,0.1528,0.011700,0.007100,1.3139,0.025900,0.009000,0.044200,0.012200,0.019500,0.085700,0.009000,0.075000,0.002100,0.081000,0.007700,0.064100,0.5954,0.004400,2.3056,0.000300,0.1784,0.000500,0.000300,0.028600,0.3928,0.6747,0.024300,0.9035,0.1271,0.002000,0.010000,0.000400,0.035400,0,8.0046,8.7628,13.0955,634,16,0.2500,0,16,3.8438,1,0,0,629,1,0,115,102,13,0,-1,-1,0,-1,-1,13.9904,4.9185,0,1525.2227,1525.2227,1525.0977,95,879,561,321,0,0,0.001000,0,0,0.015900,0.080500,0.000600,0.012900,0.068400,0.041100,0.000900,0.001800,0.000300,0.001600,0.007100,0.000900,0.004000,0.024100,0.1510,0.057600,0.085900,0.1627,0.046100,0.1684,0.033900,0.1003,0.000300,0.001700,0.062900,0.007900,0.001200,0.000600,0.025000,0.006400,0.011300,0.001200,0.1376,0.016000,0.041800,0.2030,0.067900,0.001100,0.042100,0.002800,0.032400,0.023000,0.016600,7.4172,0.056700,0.006400,0.000100,0,9.2090,0,0,0,0,0,0,0,50,0,0,0,0,1,1,9,9,2,1,1,4,1,1,1,1,1,1,7,7,1,1,50,9,6,42,76,794,950,0,0,0,0,0,-100,-100,-100,-100,600,1440,107.7673,0,0,-0.000000,-1,0,0,0,1,0,13.7344,5,50,75.1289,13.7344,0,0,48.9844,0,100,0,0,0,0,0,0,0,0,0,0.4551,0.4551,1,0.4551,0.4551,29.1032,8.9635,20141,90,568,135,11065.3438,3604.2695,7254.3555,0,14668.7188,9.4529,2.1152,7.3251,9.4529,2.1152,2.9763,33.3333,5.9305,23.4724,0.000200,0.020800,0.000600,0.000700,0.001400,0.007900,0.000700,0.073100,0,0.023600,0.028300,0.036100,0.3565,0.2247,0.018400,0.005100,0.063100,0,0.046500,0.008500,0.1848,0,0.032700,0.1366,0.021000,0.096900,0.8791,0.7130,0.3390,0.056300,2.4404,0.095300,0.030700,0.039800,0.7057,0.070900,0.002300,0.002600,0.061800,0.1985,0.049200,0.000700,0.6105,926,385190,0,0,0,0,0,0,0.003100,0,0.008200,0,0,0,0,0,0,0,0,0,0,0,0,0,0,0,0,0,0,0
,0.020200,0.008200,2,57,0,55,0,0,13,233,15,0,454,3,0,0,12,2,0,0,0,0,0.039000,0.004900,0.3424,0.006500,0.009700,0.001000,0.8799,0.2159,0.054700,0.1294,0.001200,0.027000,0.004600,0,768,256,11229,3565.7148,15494.9102,239.1602,0.003200,4,0.000100,0.011000,0.001800,0.020700,0.1886,0,0,0.055500,0.5378,2.5876,0.070200,0.000200,0.001700,0.000300,0.000300,0.006800,0.006900,0.041900,0.005600,0.031200,0.2930,0.010900,0.006700,1.3739,0.027300,0.008600,0.035700,0.011200,0.020300,0.078700,0.010000,0.074200,0.002000,0.076700,0.007800,0.069500,0.5720,0.005700,2.3759,0.000200,0.1873,0.000500,0.000400,0.030800,0.3979,0.8169,0.025800,1.0151,0.5762,0.002300,0.014500,0.000600,0.036100,0.1647,8.7795,8.7628,13.0955,634,16,0.2500,0,16,3.8438,1,0,0,629,1,0,115,102,13,0,-1,-1,0,-1,-1,13.9904,4.9185,0,1525.2227,1525.2227,1525.0977,95,875,561,322,0,0,0.001200,0,0,0.014900,0.082300,0.000600,0.012900,0.069400,0.041100,0.000800,0.001400,0.000400,0.001500,0.006300,0.001200,0.004200,0.023900,0.1568,0.057500,0.078100,0.1605,0.042900,0.2061,0.032700,0.053800,0.000200,0.001600,0.064700,0.008600,0.001200,0.000300,0.026100,0.006900,0.011700,0.001800,0.1462,0.016600,0.045100,0.2114,0.070800,0.001500,0.044400,0.002600,0.034800,0.023900,0.018000,8.1657,0.059100,0.006800,0.000100,0,9.6035,0,0,0,0,0,0,0,50,0,0,0,0,1,1,9,9,2,1,1,4,1,1,1,1,1,1,7,7,1,1,50,9,6,42,76,794,950,0,0,0,0,0,-100,-100,-100,-100,600,1440,107.7673,0,0,-0.000000,-1,0,0,0,1,0,13.7344,5,50,75.1289,13.7344,0,0,48.9844,0,100,0,0,0,0,0,0,0,0,0,0.4427,0.4427,1,0.4427,0.4427,39.4674,8.9635,20141,90,568,135,11065.3438,3604.2695,7254.3555,0,14669.6133,10.4281,2.1583,7.7729,10.4281,2.1595,2.8080,33.3333,5.7016,23.7994,0.000300,0.021500,0.000600,0.000600,0.001700,0.007800,0.000600,0.072600,0,0.019400,0.028000,0.039900,0.3402,0.1950,0.020500,0.005100,0.061400,0,0.045800,0.018400,0.1900,0.006200,0.032300,0.1314,0.015500,0.1020,0.4278,0.6891,0.3480,0.056300,2.5048,0.095300,0.030700,0.039400,0.7598,0.093700,0.002300,0.002600,0.071800,0.1985,0.050100,0.000700,1.4452,948,390452,0,0,0,0,0,0,0.003800,0.001300,0.009400,0,0,0,0,0,0,0,0,0,0,0,0,0,0,0,0,0,0,0
,0.017500,0.005400,2,59,0,57,0,0,13,233,30,0,454,3,0,0,12,2,0,0,0,0,0,0.020700,0.3359,0.006200,0.009600,0.000800,0.8905,0.1812,0.056200,0.1254,0,0.026500,0,0,768,256,11229,3565.7148,15494.9102,239.1602,0.001500,4,0.000300,0.016700,0.003000,0.014300,0.1926,0,0,0.060000,0.2511,2.6149,0.071200,0.000200,0.001100,0.000300,0.000300,0.006700,0.007300,0.039700,0.005100,0.044000,0.1794,0.011500,0.007200,1.0076,0.028000,0.008400,0.029900,0.011400,0.018900,0.079700,0.011300,0.1167,0.002200,0.085000,0.009200,0.070000,0.6044,0.005100,2.3422,0.000400,0.2058,0.000600,0.000300,0.028200,0.3151,0.5815,0.023000,0.9553,0.4063,0.002000,0.012600,0.000600,0.036400,0,9.9437,8.7628,13.0955,634,16,0.2500,0,16,3.8438,1,0,0,629,1,0,115,102,13,0,-1,-1,0,-1,-1,13.9904,4.9185,0,1525.2227,1525.2227,1441.6289,95,873,561,322,0,0,0.001000,0,0,0.014200,0.077900,0.000600,0.011400,0.072600,0.041000,0.000800,0.001800,0.000200,0.001500,0.006400,0.000900,0.003800,0.021800,0.1633,0.061400,0.080200,0.1568,0.038200,0.1661,0.026800,0.1032,0.000200,0.001800,0.062400,0.008800,0.001300,0.000500,0.026600,0.006000,0.012700,0.001200,0.1475,0.015200,0.043600,0.1977,0.068800,0.001400,0.021400,0.003500,0.017200,0.023400,0.017400,9.1971,0.058000,0.006100,0.000300,0,10.4237,0,0,0,0,0,0,0,50,0,0,0,0,1,1,9,9,2,1,1,4,1,1,1,1,1,1,7,7,1,1,50,9,6,42,76,794,950,0,0,0,0,0,-100,-100,-100,-100,600,1440,107.7673,0,0,-0.000000,-1,0,0,0,1,0,13.7344,5,50,75.1289,13.7344,0,0,48.9844,0,100,0,0,0,0,0,0,0,0,0,0.4567,0.4567,1,0.4567,0.4567,50.8998,8.9635,20141,90,568,135,11065.3438,3604.2695,7254.3555,0,14669.6133,11.3590,2.2654,8.2306,11.3590,2.2672,2.7389,33.3333,5.4877,23.4725,0.000300,0.026800,0.000800,0.000600,0.001500,0.008600,0.000600,0.077400,0,0.018500,0.044100,0.037500,0.3749,0.2024,0.021500,0.006100,0.067200,0,0.052400,0.012300,0.2026,0.005100,0.032200,0.1331,0.015600,0.092800,0.4450,0.7087,0.3097,0.057400,2.1565,0.094200,0.031700,0.038800,0.6920,0.087600,0.001900,0.002700,0.063800,0.1976,0.049200,0.000600,0.6250,1016,405700,0,0,0,0,0,0,0.002200,0.002000,0.009100,0,0,0,0,0,0,0,0,0,0,0,0,0,0,0,0,0,0,0
,0.083200,0.009500,2,79,0,77,0,0,14,233,45,0,454,3,0,0,13,2,0,0,0,0,0.018700,0.004600,0.3433,0.007800,0.008400,0.001100,0.8495,0.2471,0.046700,0.1273,0.002000,0.024300,0,1,768,256,11229,3565.7148,15494.9102,239.1602,0.001300,5,0.000400,0.019700,0.002100,0.014100,0.1925,0,0,0.058100,0.2039,3.1134,0.060000,0.000200,0.001100,0.000300,0.000300,0.006700,0.007400,0.041300,0.005000,0.031500,0.1300,0.010400,0.005600,0.5499,0.025300,0.008100,0.034800,0.011700,0.018400,0.1015,0.011200,0.073800,0.002000,0.088900,0.009200,0.072600,0.6049,0.005200,2.3454,0.000300,0.1815,0.000600,0.000400,0.029500,0.3137,0.6103,0.023800,0.9099,0.1563,0.001900,0.010400,0.000300,0.034500,0,8.7602,8.7628,13.0955,634,16,0.2500,0,16,3.8438,1,0,0,629,1,0,115,102,13,0,-1,-1,0,-1,-1,13.9904,4.9185,0,1525.2227,1525.2227,1525.0977,95,873,561,322,0,0,0.000900,0,0,0.018200,0.084200,0.000600,0.025300,0.069800,0.039000,0.000900,0.005000,0.000200,0.001500,0.009500,0.000800,0.003700,0.022600,0.1602,0.068900,0.088900,0.1738,0.043300,0.2315,0.022800,0.039400,0.000200,0.001900,0.066600,0.009700,0.001200,0.000600,0.027200,0.006600,0.011900,0.001300,0.1435,0.014900,0.041600,0.2117,0.072600,0.001300,0.032200,0.002700,0.033700,0.024000,0.018100,8.4191,0.063500,0.010400,0.000100,0,11.3978,0,0,0,0,0,0,0,50,0,0,0,0,1,1,9,9,2,1,1,4,1,1,1,1,1,1,7,7,1,1,50,9,6,42,76,794,950,0,0,0,0,0,-100,-100,-100,-100,600,1440,107.7673,0,0,-0.000000,-1,0,0,0,1,0,13.7344,5,50,75.1289,13.7344,0,0,48.9844,0,100,0,0,0,0,0,0,0,0,0,0.4578,0.4578,1,0.4578,0.4578,61.5929,8.9635,20141,90,568,135,11065.3438,3604.2695,7254.3555,0,14669.6133,10.5232,2.2471,7.3877,10.5232,2.2471,3.2632,33.3333,5.6543,23.0809,0.000300,0.021500,0.000600,0.000600,0.001600,0.009100,0.000700,0.077800,0,0.019400,0.026700,0.034500,0.3453,0.1920,0.021500,0.005100,0.061500,0,0.046700,0.011000,0.1918,0.005100,0.032700,0.1298,0.015000,0.091300,1.0499,0.7456,0.3800,0.057400,2.0714,0.093100,0.030800,0.038200,0.6915,0.064900,0.002100,0.002600,0.061600,0.1968,0.050200,0.000500,0.6145,963,390628,0.087100,0,0,0,0,0,0,0,0.008300,0,0,0,0,0,0,0,0,0,0,0,0,0,0,0,0,0,0,0
,0.020100,0.005800,2,68,0,66,0,0,13,233,27,0,454,3,0,0,12,2,0,0,0,0,0.008200,0.002300,0.3415,0.006000,0.009100,0.000800,0.8612,0.1825,0.052500,0.1268,0.001100,0.020500,0,1,768,256,11229,3565.7148,15494.9102,239.1602,0.001400,5,0.000200,0.008700,0.002200,0.013800,1.2107,0,0,0.061000,0.2503,2.5297,0.061400,0.000200,0.001400,0.000200,0.000200,0.007200,0.006900,0.043600,0.006000,0.032100,0.1234,0.010400,0.006300,1.2826,0.029500,0.009700,0.032400,0.012200,0.019000,0.089200,0.011200,0.075700,0.001900,0.091200,0.009100,0.067900,0.5927,0.004900,2.3324,0.000200,0.3290,0.000500,0.000500,0.032500,0.3304,0.6648,0.024200,0.9583,0.1659,0.002100,0.011000,0.000600,0.039800,0.1145,7.7591,8.7628,13.0955,634,16,0.2500,0,16,3.8438,1,0,0,629,1,0,115,102,13,0,-1,-1,0,-1,-1,13.9904,4.9185,0,1525.2227,1525.2227,1525.0977,95,870,551,322,0,0,0.000800,0,0,0.014500,0.079300,0.000500,0.011800,0.072400,0.041200,0.000800,0.001600,0.000300,0.001500,0.006000,0.001000,0.003700,0.021100,0.1445,0.055300,0.076200,0.1573,0.043600,0.1857,0.025000,0.3354,0.000300,0.002400,0.066900,0.008900,0.001700,0.000600,0.027200,0.006800,0.012700,0.001300,0.1458,0.016100,0.043600,0.2166,0.068100,0.001200,0.053700,0.002500,0.032900,0.022800,0.023200,7.6015,0.068300,0.005900,0.000100,0,10.7010,0,0,0,0,0,0,0,50,0,0,0,0,1,1,9,9,2,1,1,4,1,1,1,1,1,1,7,7,1,1,50,9,6,42,76,794,950,0,0,0,0,0,-100,-100,-100,-100,600,1440,107.7673,0,0,-0.000000,-1,0,0,0,1,0,13.7344,5,50,75.1289,13.7344,0,0,48.9844,0,100,0,0,0,0,0,0,0,0,0,0.5015,0.5015,1,0.5015,0.5015,8.0171,8.9635,20141,90,568,135,11065.3438,3604.2695,7254.3555,0,14669.6133,9.8789,2.4573,7.9690,9.8789,2.4573,3.0603,33.3333,5.8680,23.6820,0.000200,0.022100,0.000600,0.000800,0.001700,0.007000,0.000600,0.074900,0,0.019400,0.029900,0.035500,0.3686,0.2009,0.020500,0.006100,0.066400,0,0.047100,0.011500,0.1943,0.005100,0.031300,0.1318,0.015500,0.090400,0.4250,0.7039,0.3724,0.058300,2.4591,0.095200,0.030700,0.040700,0.7148,0.095300,0.001900,0.002300,0.061300,0.2069,0.051200,0.000600,0.6337,976,395708,0,2493,1401,0,1.2210,0,0,0,0.008800,0,0,0,0,0,0,0,0,0,0,0,0,0,0,0,0,0,0,0
,0.016200,0.016100,2,72,0,70,0,0,14,233,29,0,454,3,0,0,13,2,0,0,0,0,0.008400,0.002600,0.3397,0.005000,0.007600,0.001000,0.8956,0.2000,0.052900,0.1289,0.001100,0.033500,0.001100,0,768,256,11229,3565.7148,15494.9102,239.1602,0.002500,2,0.000200,0.008500,0.002100,0.015500,0.1839,0,0,0.068700,0.3102,2.4615,0.065700,0.000200,0.001300,0.000200,0.000300,0.007300,0.007800,0.047500,0.004600,0.033800,0.1525,0.010600,0.006900,1.4077,0.027500,0.008900,0.031000,0.011300,0.018100,0.088700,0.009400,0.079000,0.002000,0.074400,0.008000,0.071600,0.6073,0.006200,2.3135,0.000400,0.1819,0.000500,0.000400,0.028700,0.2970,0.7540,0.023300,0.8430,0.1061,0.001800,0.010100,0.000500,0.035700,0.015200,8.1689,8.7628,13.0955,634,16,0.2500,0,16,3.8438,1,0,0,629,1,0,115,102,13,0,-1,-1,0,-1,-1,13.9904,4.9185,0,1525.2227,1525.2227,1525.0977,95,870,551,322,0,0,0.001000,0,0,0.015400,0.082500,0.000500,0.012200,0.070700,0.038300,0.001000,0.001400,0.000200,0.001700,0.005900,0.000900,0.004100,0.020500,0.1331,0.057600,0.075800,0.1660,0.045300,0.5399,0.015400,0,0.000500,0.001700,0.065000,0.009300,0.001200,0.000800,0.026800,0.006300,0.012400,0.001400,0.1423,0.014200,0.044400,0.2070,0.068400,0.001300,0.043500,0.002300,0.017400,0.022300,0.023100,7.5081,0.063100,0.007100,0.000100,0,10.1034,0,0,0,0,0,0,0,50,0,0,0,0,1,1,9,9,2,1,1,4,1,1,1,1,1,1,7,7,1,1,50,9,6,42,76,794,950,0,0,0,0,0,-100,-100,-100,-100,600,1440,107.7673,0,0,-0.000000,-1,0,0,0,1,0,13.7344,5,50,75.1289,13.7344,0,0,48.9844,0,100,0,0,0,0,0,0,0,0,0,0.4219,0.4219,1,0.4219,0.4219,18.0158,8.9635,20141,90,568,135,11065.3438,3604.2695,7254.3555,0,14669.6133,10.4319,2.5058,7.4307,10.4319,2.5058,2.6154,33.3333,5.3665,23.3105,0.000200,0.022500,0.000600,0.000700,0.001600,0.007400,0.000600,0.072600,0.001000,0.021500,0.025600,0.039400,0.3440,0.1986,0.019400,0.005100,0.066700,0,0.045900,0.011400,0.1795,0,0.031700,0.1354,0.015500,0.087900,0.4448,0.7028,0.3535,0.056400,2.4751,0.095200,0.035800,0.039700,0.6925,0.085800,0.002000,0.002400,0.062800,0.1956,0.050200,0.000600,0.6540,918,384276,0,0,0,0,0,0,0,0,0.008400,0,0,0,0,0,0,0,0,0,0,0,0,0,0,0,0,0,0,0
,0.014600,0.075400,2,55,0,53,0,0,13,233,13,0,454,3,0,0,12,2,0,0,0,0,0.008700,0.010200,0.3216,0.005000,0.010400,0.001100,0.8435,0.1998,0.053400,0.1252,0.001500,0.030000,0,0,768,256,11229,3565.7148,15494.9102,239.1602,0.046800,6,0.000100,0.007100,0.001700,0.012100,0.1764,0,0,0.058100,0.2980,2.5921,0.065500,0.000200,0.001600,0.000200,0.000400,0.007400,0.006700,0.049300,0.005800,0.031700,0.1275,0.010400,0.006100,1.3622,0.026300,0.008600,0.032300,0.010900,0.019500,0.076400,0.010700,0.072400,0.001900,0.074300,0.007400,0.060700,0.6644,0.005600,2.5426,0.000700,0.2106,0.000500,0.000400,0.029700,0.3214,0.8603,0.024200,0.9897,0.4941,0.002200,0.013500,0.000400,0.036200,0.1218,8.6439,8.7628,13.0955,634,16,0.2500,0,16,3.8438,1,0,0,629,1,0,115,102,13,0,-1,-1,0,-1,-1,13.9904,4.9185,0,1525.2227,1525.2227,1525.0977,95,870,551,322,0,0,0.001100,0,0,0.014200,0.081500,0.000700,0.012100,0.070000,0.042300,0.000800,0.001800,0.000300,0.001600,0.006300,0.001000,0.004300,0.022700,0.1360,0.055600,0.083800,0.1515,0.039900,0.1995,0.018600,0.045000,0.000300,0.006100,0.063900,0.008100,0.001100,0.000500,0.026300,0.006500,0.013300,0.001100,0.1408,0.016200,0.041400,0.2065,0.067700,0.001100,0.038900,0.002500,0.033000,0.023800,0.018100,8.1698,0.058100,0.006400,0.000100,0,9.9352,0,0,0,0,0,0,0,50,0,0,0,0,1,1,9,9,2,1,1,4,1,1,1,1,1,1,7,7,1,1,50,9,6,42,76,794,950,0,0,0,0,0,-100,-100,-100,-100,600,1440,107.7673,0,0,-0.000000,-1,0,0,0,1,0,13.7344,5,50,75.1289,13.7344,0,0,48.9844,0,100,0,0,0,0,0,0,0,0,0,0.3945,0.3945,1,0.3945,0.3945,28.2850,8.9635,20141,90,568,135,11065.3438,3604.2695,7254.3555,0,14669.6133,10.1836,2.1282,7.2876,10.1836,2.1300,2.9252,33.3333,5.5752,24.2809,0.000600,0.021000,0.000600,0.000600,0.001700,0.007400,0.001600,0.073000,0,0.021500,0.031400,0.038200,0.3557,0.1856,0.018500,0.006100,0.067700,0,0.046400,0.015800,0.1811,0,0.032500,0.1324,0.016100,0.090100,0.8952,0.6594,0.3063,0.058400,2.7729,0.096300,0.032800,0.039000,0.7291,0.078100,0.002000,0.002700,0.062400,0.2059,0.053200,0.000600,0.6284,964,394716,0,0,0,0,0,0,0,0.001800,0.008500,0,0,0,0,0,0,0,0,0,0,0,0,0,0,0,0,0,0,0
,0.019300,0.005300,2,70,0,68,0,0,14,233,26,0,454,3,0,0,13,2,0,0,0,0,0.010100,0.006000,0.3497,0.005700,0.009200,0.001100,0.8375,0.2004,0.050400,0.1267,0.000900,0.035700,0.001500,0,768,256,11229,3565.7148,15494.9102,239.1602,0.002000,3,0.000400,0.009400,0.002200,0.014200,0.1896,0,0,0.078100,0.2215,2.4659,0.071700,0.000200,0.001300,0.000300,0.000200,0.006300,0.007100,0.041200,0.005100,0.031200,0.1033,0.010500,0.006000,1.3961,0.029000,0.009000,0.029000,0.011900,0.018500,0.075200,0.008100,0.071500,0.002200,0.080000,0.007300,0.068700,0.5963,0.004400,2.3737,0.000300,0.1904,0.000600,0.000300,0.030800,0.3099,0.6918,0.025500,1.0071,0.2182,0.003000,0.011600,0.000400,0.041100,0,9.6725,8.7628,13.0955,634,16,0.2500,0,16,3.8438,1,0,0,629,1,0,115,102,13,0,-1,-1,0,-1,-1,13.9904,4.9185,0,1525.2227,1525.2227,1525.0977,95,874,561,322,0,0,0.000800,0,0,0.014000,0.079300,0.000600,0.015000,0.066800,0.042700,0.000900,0.001600,0.000300,0.001300,0.005900,0.001200,0.004600,0.022900,0.1507,0.061100,0.081300,0.1539,0.049300,0.2087,0.020100,0.026300,0.000100,0.001900,0.065400,0.009300,0.001300,0.000500,0.024800,0.006400,0.011700,0.001000,0.1354,0.014400,0.038900,0.2046,0.067400,0.001200,0.040300,0.002900,0.032600,0.022400,0.016400,9.2337,0.058500,0.006400,0.000100,0,10.2489,0,0,0,0,0,0,0,50,0,0,0,0,1,1,9,9,2,1,1,4,1,1,1,1,1,1,7,7,1,1,50,9,6,42,76,794,950,0,0,0,0,0,-100,-100,-100,-100,600,1440,107.7673,0,0,-0.000000,-1,0,0,0,1,0,13.7344,5,50,75.1289,13.7344,0,0,48.9844,0,100,0,0,0,0,0,0,0,0,0,0.4133,0.4133,1,0.4133,0.4133,39.5991,8.9635,20141,90,568,135,11065.3438,3604.2695,7254.3555,0,14669.6133,11.2756,2.0914,8.3598,11.2756,2.0924,2.8099,33.3333,5.5072,23.9679,0.000200,0.021800,0.000500,0.000600,0.001700,0.008000,0.000600,0.072200,0.001000,0.020500,0.028500,0.043600,0.3413,0.2837,0.019500,0.006100,0.064400,0,0.048700,0.014700,0.1713,0,0.032800,0.1353,0.014900,0.1037,0.4192,0.6960,0.3953,0.056300,2.0796,0.094200,0.031800,0.039500,0.6857,0.098200,0.001800,0.002400,0.062800,0.1977,0.049200,0.000600,0.5920,962,397200,0,0,0,0,0,0,0,0.001200,0.007700,0,0,0,0,0,0,0,0,0,0,0,0,0,0,0,0,0,0,0
,0.018400,0.006200,2,64,0,62,0,0,13,233,39,0,454,3,0,0,12,2,0,0,0,0,0.008000,0.006500,0.3461,0.005900,0.010200,0.001400,0.9870,0.1679,0.066200,0.1876,0.001500,0.038100,0.001700,0,768,256,11229,3565.7148,15494.9102,239.1602,0.002000,4,0.000100,0.008200,0.002800,0.015100,0.1961,0,0,0.081700,0.2559,3.2927,0.081000,0.000200,0.001400,0.000200,0.000400,0.007900,0.008900,0.052600,0.006600,0.037000,0.1740,0.013700,0.007700,2.1212,0.036300,0.009900,0.052100,0.012700,0.020600,0.1006,0.013300,0.092300,0.002300,0.099400,0.013600,0.077800,0.7395,0.008400,2.5808,0.000300,0.2480,0.000500,0.000300,0.032000,0.3095,0.6602,0.028100,0.9204,0.1624,0.001900,0.009500,0.000500,0.035300,0.1524,8.4763,8.7628,13.0955,634,16,0.2500,0,16,3.8438,1,0,0,629,1,0,115,102,13,0,-1,-1,0,-1,-1,13.9904,4.9185,0,1525.2227,1525.2227,1525.0977,95,871,551,322,0,0,0.001000,0,0,0.017900,0.080200,0.000500,0.011000,0.068200,0.040100,0.000700,0.002600,0.000300,0.001600,0.007400,0.001100,0.003900,0.022600,0.1219,0.059500,0.079400,0.1695,0.041100,0.5121,0.014800,0,0.000200,0.001400,0.062300,0.008600,0.001700,0.000700,0.024900,0.005800,0.012100,0.001400,0.1398,0.013700,0.042900,0.2018,0.065600,0.001300,0.044100,0.002600,0.019000,0.024100,0.020500,8.0313,0.076700,0.007800,0.000100,0,11.2778,0,0,0,0,0,0,0,50,0,0,0,0,1,1,9,9,2,1,1,4,1,1,1,1,1,1,7,7,1,1,50,9,6,42,76,794,950,0,0,0,0,0,-100,-100,-100,-100,600,1440,107.7673,0,0,-0.000000,-1,0,0,0,1,0,13.7344,5,50,75.1289,13.7344,0,0,48.9844,0,100,0,0,0,0,0,0,0,0,0,0.4284,0.4284,1,0.4284,0.4284,49.9541,8.9635,20141,90,568,135,11059.5391,3604.2695,7254.3555,0,14669.6133,10.3267,2.2812,7.2633,10.3267,2.2812,2.8512,33.3333,5.2726,24.2884,0.000300,0.019600,0.000600,0.000600,0.002000,0.007300,0.000600,0.073100,0,0.020500,0.028900,0.040400,0.9551,0.3060,0.019500,0.005100,0.068500,0,0.4684,0.013600,0.2014,0.006100,0.044500,0.1830,0.017700,0.1051,0.4370,0.6972,0.3875,0.057200,2.1002,0.095300,0.031700,0.040900,0.6992,0.089200,0.002100,0.003000,0.064400,0.1987,0.050100,0.000600,0.6344,924,386324,0,0,0,0,0,0,0,0,0.009100,0,0,0,0,0,0,0,0,0,0,0,0,0,0,0,0,0,0,0
,0.013800,0.006100,2,57,0,55,0,0,13,233,10,0,454,3,0,0,12,2,0,0,0,0,0.007100,0.005800,0.3501,0.006100,0.007600,0.001300,0.8535,0.2753,0.052700,0.1324,0.000900,0.031700,0,0,768,256,11229,3565.7148,15494.9102,239.1602,0.001700,5,0.000200,0.009200,0.002000,0.015700,0.3737,0,0,0.060000,0.2410,2.7341,0.078700,0.000200,0.001300,0.000300,0.000200,0.006000,0.007800,0.047600,0.005800,0.033200,0.1436,0.010400,0.006000,1.3402,0.026300,0.008500,0.028000,0.014500,0.019200,0.1134,0.010400,0.077100,0.002300,0.074700,0.011000,0.072500,0.6514,0.005100,2.3607,0.000300,0.1905,0.000500,0.000400,0.030700,0.3036,0.5949,0.024400,0.9888,0.1737,0.001800,0.010400,0.000400,0.037100,0.3404,10.2275,8.7628,13.0955,634,16,0.2500,0,16,3.8438,1,0,0,629,1,0,115,102,13,0,-1,-1,0,-1,-1,13.9904,4.9185,0,1525.2227,1525.2227,1525.0977,95,875,561,321,0,0,0.000800,0,0,0.017700,0.088800,0.000800,0.014200,0.092800,0.076500,0.001100,0.002000,0.000500,0.002000,0.008200,0.001400,0.004700,0.034400,0.2117,0.075400,0.1015,0.2416,0.077200,0.2566,0.023200,0.1553,0.000100,0.002000,0.082800,0.011600,0.001900,0.000700,0.033300,0.007600,0.028000,0.001500,0.1941,0.016900,0.047800,0.2270,0.073400,0.001300,0.023200,0.003200,0.034800,0.023900,0.021500,9.7137,0.079200,0.007300,0.000100,0,10.4263,0,0,0,0,0,0,0,50,0,0,0,0,1,1,9,9,2,1,1,4,1,1,1,1,1,1,7,7,1,1,50,9,6,42,76,794,950,0,0,0,0,0,-100,-100,-100,-100,600,1440,107.7673,0,0,-0.000000,-1,0,0,0,1,0,13.7344,5,50,75.1289,13.7344,0,0,48.9844,0,100,0,0,0,0,0,0,0,0,0,0.6793,0.6793,1,0.6793,0.6793,62.4335,8.9635,20141,90,568,135,11021.3750,3604.2695,7254.3555,0,14663.8086,12.4980,2.6884,8.2525,12.4980,2.6884,3.4243,33.3333,5.2322,23.8617,0.000600,0.023000,0.000600,0.000600,0.001800,0.007300,0.000700,0.072500,0,0.018400,0.021100,0.032200,0.3563,0.1908,0.019500,0.006100,0.067400,0,0.044500,0.012700,0.1992,0,0.031500,0.1270,0.016400,0.088400,0.4342,0.7051,0.3281,0.056300,3.3852,0.096200,0.033800,0.040000,0.6923,0.088800,0.002100,0.002300,0.061300,0.1986,0.049200,0.000600,0.6095,949,389748,0,0,0,0,0,0,0.002800,0,0.008900,0,0,0,0,0,0,0,0,0,0,0,0,0,0,0,0,0,0,0
,0.028700,0.006900,2,60,0,58,0,0,13,233,34,0,454,3,0,0,12,2,0,0,0,0,0.009200,0.014000,0.3236,0.004100,0.010400,0.000700,0.8519,0.1754,0.052400,0.1267,0.001100,0.025000,0,2,768,256,11229,3565.7148,15494.9102,239.1602,0.001300,3,0.000500,0.009100,0.002100,0.2750,0.2058,0,0,0.056800,0.3124,2.5468,0.058700,0.000400,0.013900,0.000200,0.000300,0.006400,0.006100,0.039900,0.004700,0.030900,0.095900,0.009400,0.006000,0.7508,0.028300,0.008100,0.034200,0.011900,0.019600,0.093100,0.010000,0.077500,0.002200,0.1121,0.008400,0.067400,0.5914,0.004600,2.4121,0.000300,0.1913,0.000400,0.000500,0.029700,0.3040,0.9551,0.025300,0.9464,0.1284,0.002200,0.011200,0.000500,0.041100,0.098700,9.0987,8.7628,13.0955,634,16,0.2500,0,16,3.8438,1,0,0,629,1,0,115,102,13,0,-1,-1,0,-1,-1,13.9904,4.9185,0,1525.2227,1525.2227,1525.0977,95,871,551,321,0,0,0.001000,0,0,0.015100,0.076500,0.000700,0.011800,0.069300,0.044200,0.000700,0.001800,0.000300,0.001800,0.006900,0.001000,0.003700,0.024800,0.1851,0.057300,0.077300,0.1929,0.042200,0.1694,0.027200,0.091700,0.000200,0.001700,0.063500,0.008500,0.001200,0.000400,0.024100,0.005700,0.011500,0.001100,0.1413,0.015600,0.043800,0.2029,0.067700,0.001000,0.030500,0.002900,0.032400,0.021300,0.017500,8.5940,0.062900,0.006900,0.000100,0,12.4525,0,0,0,0,0,0,0,50,0,0,0,0,1,1,9,9,2,1,1,4,1,1,1,1,1,1,7,7,1,1,50,9,6,42,76,794,950,0,0,0,0,0,-100,-100,-100,-100,600,1440,107.7673,0,0,-0.000000,-1,0,0,0,1,0,13.7344,5,50,75.1289,13.7344,0,0,48.9844,0,100,0,0,0,0,0,0,0,0,0,0.4761,0.4761,1,0.4761,0.4761,10.9807,8.9635,20141,90,568,135,11021.3750,3604.2695,7254.3555,0,14625.6445,10.8552,2.2905,8.2805,10.8552,2.2905,3.2649,33.3333,5.6967,23.7801,0.000600,0.020900,0.000600,0.000700,0.001600,0.007700,0.000700,0.072000,0,0.018400,0.025400,0.037800,0.3387,0.1867,0.018400,0.006100,0.061100,0,0.044300,0.016900,0.1943,0.005100,0.033000,0.1369,0.016300,0.096000,0.4461,0.7842,0.3025,0.055400,2.3879,0.094200,0.031700,0.052100,0.6941,0.088700,0.002100,0.002400,0.060500,0.1996,0.049200,0.000700,0.6066,963,395892,0.1960,2165,1251,0,3.1507,0.090300,0,0,0.008000,0,0,0,0,0,0,0,0,0,0,0,0,0,0,0,0,0,0,0
,0.063800,0.012900,2,63,0,61,0,0,13,233,27,0,454,3,0,0,12,2,0,0,0,0,0.012500,0.033100,0.3429,0.006500,0.007600,0.001000,0.8761,0.1889,0.047400,0.1390,0.001000,0.031800,0.001700,1,768,256,11229,3565.7148,15494.9102,239.1602,0.002000,5,0.000500,0.008200,0.001800,0.019600,0.1733,0,0,0.064500,0.2590,2.5757,0.072400,0.000200,0.001500,0.000200,0.000300,0.008200,0.006900,0.041200,0.004800,0.030400,0.1301,0.011000,0.007200,1.8379,0.090300,0.008100,0.036900,0.011600,0.018900,0.088100,0.010000,0.076600,0.002000,0.1108,0.008700,0.086900,0.6033,0.004500,2.3176,0.000400,0.1883,0.000500,0.000400,0.027900,0.3080,1.2721,0.023500,0.9005,0.083700,0.002200,0.008700,0.000600,0.034200,0,8.5499,8.7628,13.0955,634,16,0.2500,0,16,3.8438,1,0,0,629,1,0,115,102,13,0,-1,-1,0,-1,-1,13.9904,4.9185,0,1525.2227,1525.2227,1441.5039,95,871,551,321,0,0,0.001300,0,0,0.018400,0.082800,0.000700,0.010900,0.067900,0.042400,0.001000,0.001800,0.000400,0.001800,0.006800,0.001100,0.003700,0.024900,0.1570,0.056000,0.083900,0.1573,0.045200,0.1780,0.019100,0.031900,0.000200,0.001600,0.064500,0.008100,0.001200,0.000500,0.026300,0.006500,0.012500,0.001100,0.1435,0.017200,0.040700,0.1937,0.085600,0.001300,0.048100,0.002400,0.017600,0.024000,0.015600,7.9554,0.059800,0.006700,0.000100,0.009000,10.8408,0,0,0,0,0,0,0,50,0,0,0,0,1,1,9,9,2,1,1,4,1,1,1,1,1,1,7,7,1,1,50,9,6,42,76,794,950,0,0,0,0,0,-100,-100,-100,-100,600,1440,107.7673,0,0,-0.000000,-1,0,0,0,1,0,13.7344,5,50,75.1289,13.7344,0,0,48.9844,0,100,0,0,0,0,0,0,0,0,0,0.3889,0.3889,1,0.3889,0.3889,21.1064,8.9635,20141,90,568,135,11021.3750,3604.2695,7254.3555,0,14625.6445,10.1767,2.1371,7.4132,10.1767,2.1371,2.9267,33.3333,6.1615,23.4459,0.000200,0.020700,0.000600,0.000600,0.001600,0.009900,0.000600,0.085400,0.001000,0.019500,0.034200,0.026500,0.3597,0.7562,0.020500,0.006200,0.068100,0,0.045300,0.026100,0.6191,0,0.039200,0.1884,0.025000,0.1088,0.4285,0.6980,0.3822,0.056200,2.1012,0.094200,0.031800,0.039700,0.7235,0.070200,0.002000,0.002400,0.061400,0.1997,0.050200,0.000700,0.6205,973,394958,0,0,0,0,0,0,0,0,0.008600,0,0,0,0,0,0,0,0,0,0,0,0,0,0,0,0,0,0,0
,0.015400,0.005800,2,73,0,71,0,0,14,233,27,0,454,3,0,0,13,2,0,0,0,0,0.008400,0.007300,0.3301,0.006000,0.009700,0.001000,0.8581,0.2624,0.050400,0.1276,0.001000,0.020200,0.001800,0,768,256,11229,3565.7148,15494.9102,239.1602,0.001000,4,0.000400,0.008100,0.002000,0.018100,0.1893,0,0,0.064300,0.2133,2.5274,0.063500,0.000200,0.001000,0.000300,0.000300,0.006800,0.007800,0.039800,0.004800,0.030800,0.1438,0.012100,0.006400,0.9453,0.028500,0.008700,0.037500,0.011800,0.019000,0.091500,0.012800,0.076400,0.002100,0.1174,0.007800,0.071400,0.5959,0.004400,2.4874,0.000300,0.1983,0.000700,0.000300,0.031400,0.3092,0.7284,0.026200,0.9561,0.1568,0.002300,0.009800,0.000400,0.033400,0,9.7275,8.7628,13.0955,634,16,0.2500,0,16,3.8438,1,0,0,629,1,0,115,102,13,0,-1,-1,0,-1,-1,13.9904,4.9185,0,1525.2227,1525.2227,1525.0977,95,876,561,321,0,0,0.001300,0,0,0.014700,0.085500,0.000600,0.011500,0.068000,0.039000,0.000800,0.001600,0.000400,0.001600,0.006500,0.001400,0.004400,0.023000,0.1283,0.059300,0.075600,0.1578,0.041400,0.2660,0.019700,0,0.000300,0.001700,0.062900,0.009200,0.001100,0.000600,0.026800,0.006100,0.012700,0.001500,0.1644,0.015200,0.055500,0.2299,0.070500,0.001100,0.041900,0.002400,0.034600,0.024100,0.015800,9.1258,0.058100,0.006000,0.000100,0.005100,10.1019,0,0,0,0,0,0,0,50,0,0,0,0,1,1,9,9,2,1,1,4,1,1,1,1,1,1,7,7,1,1,50,9,6,42,76,794,950,0,0,0,0,0,-100,-100,-100,-100,600,1440,107.7673,0,0,-0.000000,-1,0,0,0,1,0,13.7344,5,50,75.1289,13.7344,0,0,48.9844,0,100,0,0,0,0,0,0,0,0,0,0.3840,0.3840,1,0.3840,0.3840,32.4358,8.9635,20141,90,568,135,11021.3086,3604.2695,7254.3555,0,14625.6445,11.3467,2.1608,8.1196,11.3467,2.1608,2.9401,33.3333,5.6306,23.6198,0.000600,0.020400,0.000600,0.000600,0.001700,0.008400,0.000600,0.073700,0,0.019400,0.027200,0.034600,0.3530,0.1829,0.020500,0.006100,0.067700,0,0.045100,0.026300,0.1869,0,0.032500,0.1377,0.027900,0.095700,0.9969,0.7278,0.3839,0.056300,2.1195,0.093200,0.034800,0.039500,0.6936,0.4918,0.002000,0.002400,0.065000,0.1976,0.050200,0.000600,0.5992,942,389246,0,0,0,0,0,0,0,0,0.008200,0,0,0,0,0,0,0,0,0,0,0,0,0,0,0,0,0,0,0
,0.027600,0.006200,2,59,0,57,0,0,13,233,27,0,454,3,0,0,12,2,0,0,0,0,0,0.005000,0.3360,0.007100,0.008100,0.001100,0.8724,0.1876,0.050400,0.1242,0.001100,0.028300,0.002900,0,768,256,11229,3565.7148,15494.9102,239.1602,0.001200,3,0.000300,0.007800,0.002400,0.021100,0.1896,0,0,0.060600,0.2755,2.7252,0.062900,0.000200,0.001300,0.000200,0.000200,0.007700,0.007000,0.068400,0.007100,0.035300,0.1324,0.011800,0.006500,1.3187,0.027300,0.009200,0.030300,0.011800,0.018900,0.1230,0.012800,0.081700,0.002300,0.1091,0.022900,0.070200,0.6140,0.004800,2.4701,0.000300,0.2036,0.000500,0.000400,0.032500,0.3258,1.1052,0.026700,0.9513,0.6920,0.002200,0.015600,0.000500,0.040200,0.1496,8.4963,8.7628,13.0955,634,16,0.2500,0,16,3.8438,1,0,0,629,1,0,115,102,13,0,-1,-1,0,-1,-1,13.9904,4.9185,0,1525.2227,1525.2227,1525.0977,95,871,551,321,0,0,0.001000,0,0,0.016100,0.083000,0.000900,0.011900,0.069400,0.041900,0.001000,0.001500,0.000300,0.001500,0.006000,0.000900,0.004100,0.023900,0.1543,0.056400,0.086600,0.1714,0.041000,0.2147,0.019700,0.049300,0.000200,0.001800,0.064100,0.008300,0.001400,0.000700,0.025200,0.005800,0.012000,0.001200,0.1389,0.015300,0.041300,0.2111,0.069200,0.001200,0.037900,0.002500,0.035700,0.022500,0.023300,7.9252,0.064300,0.007200,0.000100,0,11.2692,0,0,0,0,0,0,0,50,0,0,0,0,1,1,9,9,2,1,1,4,1,1,1,1,1,1,7,7,1,1,50,9,6,42,76,794,950,0,0,0,0,0,-100,-100,-100,-100,600,1440,107.7673,0,0,-0.000000,-1,0,0,0,1,0,13.7344,5,50,75.1289,13.7344,0,0,48.9844,0,100,0,0,0,0,0,0,0,0,0,0.4369,0.4369,1,0.4369,0.4369,42.5254,8.9635,20141,90,568,135,11021.3086,3604.2695,7254.3555,0,14625.5781,10.0516,2.1951,8.0647,10.0516,2.1951,2.9648,33.3333,5.3145,23.6605,0.000300,0.022600,0.000600,0.000600,0.001800,0.008700,0.000600,0.073500,0,0.018400,0.032800,0.038800,0.3473,0.1830,0.019500,0.006100,0.065700,0.001000,0.044100,0.021400,0.1891,0.006100,0.032000,0.1359,0.016000,0.088500,0.4287,0.6922,0.3044,0.055400,2.3152,0.094200,0.031700,0.039600,0.6859,0.092200,0.002000,0.002500,0.061400,0.1997,0.051200,0.000700,0.6098,1017,406118,0,0,0,0,0,0,0.003500,0,0.008200,0,0,0,0,0,0,0,0,0,0,0,0,0,0,0,0,0,0,0
,0.017900,0.006300,2,80,0,78,0,0,14,233,42,0,454,3,0,0,13,2,0,0,0,0,0.1326,0.017100,0.3475,0.005500,0.009300,0.000700,0.9016,0.1716,0.054600,0.1334,0.001300,0.032400,0,0,768,256,11229,3565.7148,15494.9102,239.1602,0.002200,2,0.000100,0.008400,0.001900,0.020100,0.1779,0,0,0.078500,0.3016,2.6803,0.067400,0.000200,0.001500,0.000200,0.000300,0.006600,0.007900,0.044000,0.005400,0.031900,0.1482,0.010100,0.005800,1.6171,0.032000,0.009400,0.035900,0.012700,0.020700,0.086000,0.008600,0.073300,0.003100,0.1043,0.008600,0.071200,0.6201,0.005000,2.5189,0.000300,0.2204,0.000600,0.000300,0.033400,0.3508,0.6872,0.025200,0.9756,0.1361,0.001900,0.010200,0.000600,0.035700,0,10.1769,8.7628,13.0955,634,16,0.2500,0,16,3.8438,1,0,0,629,1,0,115,102,13,0,-1,-1,0,-1,-1,13.9904,4.9185,0,1525.2227,1525.2227,1525.0977,95,871,551,321,0,0,0.001100,0,0,0.014400,0.081500,0.000800,0.012900,0.072200,0.059300,0.001000,0.001700,0.000200,0.001600,0.006700,0.001200,0.003900,0.035600,0.1870,0.078300,0.093400,0.1584,0.040600,0.1530,0.025300,0.1271,0.000300,0.001700,0.064500,0.008300,0.001400,0.000700,0.028100,0.007000,0.012200,0.001300,0.1414,0.016800,0.041100,0.1896,0.066200,0.001100,0.042100,0.002300,0.016600,0.023200,0.016900,9.5443,0.066800,0.007400,0.000100,0.003200,10.1258,0,0,0,0,0,0,0,50,0,0,0,0,1,1,9,9,2,1,1,4,1,1,1,1,1,1,7,7,1,1,50,9,6,42,76,794,950,0,0,0,0,0,-100,-100,-100,-100,600,1440,107.7673,0,0,-0.000000,-1,0,0,0,1,0,13.7344,5,50,75.1289,13.7344,0,0,48.9844,0,100,0,0,0,0,0,0,0,0,0,0.4714,0.4714,1,0.4714,0.4714,54.3321,8.9635,20141,90,568,135,11020.7852,3604.2695,7254.3555,0,14625.5781,11.8360,2.2973,7.3947,11.8360,2.2973,2.8085,33.3333,5.2450,23.1588,0.000300,0.022500,0.000700,0.000600,0.001800,0.008900,0.000700,0.077300,0.001000,0.020400,0.021200,0.025400,0.3255,0.2154,0.018500,0.005100,0.067100,0,0.046700,0.009400,0.1836,0,0.032800,0.5906,0.019900,0.099100,0.4172,0.7016,0.3057,0.058400,2.1947,0.094200,0.031800,0.038700,0.6982,0.1009,0.001900,0.002500,0.059400,0.1987,0.050200,0.000700,0.6308,922,384722,0,0,0,0,0,0,0.001600,0,0.008300,0,0,0,0,0,0,0,0,0,0,0,0,0,0,0,0,0,0,0
,0.014600,0.007100,2,56,0,54,0,0,13,233,13,0,454,3,0,0,12,2,0,0,0,0,0,0.009700,0.3340,0.006300,0.010000,0.001000,0.9023,0.1978,0.059900,0.1301,0,0.037200,0.001100,0,768,256,11229,3565.7148,15494.9102,239.1602,0,3,0.000100,0.009600,0.002400,0.019500,0.2106,0,0,0.060500,0.2418,2.6963,0.1917,0.000200,0.001300,0.000300,0.000300,0.007900,0.008000,0.048000,0.014600,0.032900,0.1523,0.012000,0.006100,1.5066,0.028800,0.007800,0.036500,0.011900,0.019200,0.083500,0.010900,0.078700,0.002400,0.1020,0.008500,0.071100,0.5994,0.004600,2.3776,0.000400,0.1961,0.000500,0.000300,0.033300,0.3930,0.6925,0.028200,0.9628,0.1857,0.002200,0.010000,0.000300,0.036000,0.1009,9.4039,8.7628,13.0955,634,16,0.2500,0,16,3.8438,1,0,0,629,1,0,115,102,13,0,-1,-1,0,-1,-1,13.9904,4.9185,0,1525.2227,1525.2227,1525.0977,95,876,561,321,0,0,0.001000,0,0,0.015500,0.082600,0.000500,0.012500,0.068800,0.051900,0.001000,0.001800,0.000300,0.001800,0.007000,0.001000,0.003600,0.023700,0.1465,0.058900,0.083800,0.1479,0.040300,0.1866,0.031900,0.062100,0.000300,0.005900,0.063400,0.008700,0.001200,0.000500,0.025400,0.006300,0.012000,0.001000,0.1507,0.014800,0.042300,0.2204,0.069900,0.001200,0.041300,0.002400,0.032400,0.037100,0.017900,8.7983,0.058500,0.007300,0.000100,0.005100,11.8623,0,0,0,0,0,0,0,50,0,0,0,0,1,1,9,9,2,1,1,4,1,1,1,1,1,1,7,7,1,1,50,9,6,42,76,794,950,0,0,0,0,0,-100,-100,-100,-100,600,1440,107.7673,0,0,-0.000000,-1,0,0,0,1,0,13.7344,5,50,75.1289,13.7344,0,0,48.9844,0,100,0,0,0,0,0,0,0,0,0,0.4209,0.4209,1,0.4209,0.4209,3.1630,8.9635,20141,90,568,135,11020.7500,3604.2695,7254.3555,0,14625.0547,11.0314,2.1956,7.5685,11.0314,2.1956,3.0145,33.3333,5.2123,21.5222,0.000300,0.021700,0.000700,0.000600,0.001700,0.008700,0.000500,0.072400,0,0.020500,0.026600,0.039300,0.3500,0.1976,0.020500,0.005100,0.066500,0,0.047100,0.009100,0.1854,0,0.031800,0.1348,0.015300,0.090500,0.4279,0.7389,0.3430,0.056300,2.4865,0.095300,0.031700,0.039300,1.4837,0.1574,0.002000,0.002500,0.063900,0.2057,0.049200,0.000600,0.6244,971,394934,0,2240,1207,0,1.3008,0,0.003300,0,0.009000,0,0,0,0,0,0,0,0,0,0,0,0,0,0,0,0,0,0,0
,0.016000,0.019200,2,73,0,71,0,0,14,233,25,0,454,3,0,0,13,2,0,0,0,0,0.008900,0.003200,0.3573,0.005800,0.009200,0.001000,0.9036,0.1817,0.057400,0.1430,0.001200,0.026700,0,0,768,256,11229,3565.7148,15494.9102,239.1602,0.001700,4,0.000200,0.008500,0.002100,0.017700,0.1812,0,0,0.077200,0.2459,2.5647,0.1362,0.000200,0.001300,0.000300,0.000400,0.007700,0.007300,0.049500,0.005500,0.031300,0.1632,0.010800,0.006300,1.7562,0.093100,0.008000,0.039300,0.011800,0.019000,0.077100,0.009900,0.068200,0.002400,0.085700,0.007900,0.070000,0.5778,0.004300,2.3401,0.000400,0.1854,0.000500,0.000300,0.029900,0.4033,0.6374,0.024300,0.9407,0.095800,0.001900,0.010300,0.000500,0.038400,0.1684,9.5469,8.7628,13.0955,634,16,0.2500,0,16,3.8438,1,0,0,629,1,0,115,102,13,0,-1,-1,0,-1,-1,13.9904,4.9185,0,1525.2227,1525.2227,1525.0977,95,881,561,321,0,0,0.000800,0,0,0.016800,0.082200,0.000700,0.013100,0.072600,0.038700,0.000700,0.002000,0.000400,0.001600,0.006800,0.001000,0.003900,0.022600,0.1627,0.058200,0.076200,0.1534,0.044600,0.1718,0.023600,0.1185,0.000200,0.002100,0.062700,0.008100,0.001200,0.000500,0.024600,0.006000,0.011900,0.001100,0.1389,0.015300,0.043800,0.2053,0.068900,0.001600,0.021900,0.002800,0.031700,0.021800,0.016800,9.0480,0.059800,0.006700,0.000100,0,10.8341,0,0,0,0,0,0,0,50,0,0,0,0,1,1,9,9,2,1,1,4,1,1,1,1,1,1,7,7,1,1,50,9,6,42,76,794,950,0,0,0,0,0,-100,-100,-100,-100,600,1440,107.7673,0,0,-0.000000,-1,0,0,0,1,0,13.7344,5,50,75.1289,13.7344,0,0,48.9844,0,100,0,0,0,0,0,0,0,0,0,0.4790,0.4790,1,0.4790,0.4790,14.2356,8.9635,20141,90,568,135,11020.1680,3604.2695,7254.3555,0,14625.0195,11.0246,2.0651,7.8291,11.0246,2.0669,2.8606,33.3333,5.3356,21.8086,0.000200,0.020800,0.000700,0.000700,0.001800,0.008900,0.000600,0.073200,0.001000,0.019400,0.022500,0.041200,0.3410,0.1985,0.018400,0.005100,0.063200,0,0.046400,0.006900,0.1943,0.005100,0.032700,0.1381,0.016100,0.090700,0.4273,0.7007,0.3382,0.056200,2.4596,0.095200,0.031800,0.039400,0.6882,0.054600,0.001900,0.002500,0.062000,0.1957,0.049100,0.000800,0.6064,938,388742,0,0,0,0,0,0,0,0.002000,0.007900,0,0,0,0,0,0,0,0,0,0,0,0,0,0,0,0,0,0,0
,0.014200,0.005700,2,57,0,55,0,0,13,233,12,0,454,3,0,0,12,2,0,0,0,0,0.008200,0.063300,0.3356,0.005300,0.008500,0.001000,0.8644,0.2109,0.054700,0.1301,0.001200,0.024300,0.005600,0,768,256,11229,3565.7148,15494.9102,239.1602,0.001400,3,0.000100,0.009300,0.002800,0.020800,0.2246,0,0,0.069800,0.3140,2.7088,0.071600,0.000200,0.001500,0.000300,0.000300,0.008400,0.007700,0.045300,0.006200,0.035900,0.1263,0.011800,0.007200,1.6859,0.031900,0.008600,0.042100,0.011300,0.020500,0.1019,0.012400,0.076300,0.002300,0.080400,0.008900,0.073700,0.6409,0.005700,2.4566,0.000400,0.2075,0.000700,0.000300,0.031900,0.3135,0.7787,0.028300,0.9519,0.1448,0.002000,0.011700,0.000500,0.034500,0.035300,9.5762,8.7628,13.0955,634,16,0.2500,0,16,3.8438,1,0,0,629,1,0,115,102,13,0,-1,-1,0,-1,-1,13.9904,4.9185,0,1525.2227,1525.2227,1525.0977,95,877,561,322,0,0,0.001700,0,0,0.014700,0.083600,0.000700,0.012200,0.074000,0.039700,0.000700,0.001600,0.000300,0.001500,0.006100,0.001000,0.003900,0.024100,0.1590,0.053700,0.076500,0.1628,0.043300,0.2512,0.020800,0,0.000200,0.001800,0.064600,0.009300,0.001300,0.000500,0.028200,0.007100,0.012100,0.001300,0.1489,0.015200,0.041200,0.1918,0.070400,0.001200,0.030700,0.002600,0.018000,0.022000,0.017300,8.5232,0.081800,0.008000,0.000200,0,11.0522,0,0,0,0,0,0,0,50,0,0,0,0,1,1,9,9,2,1,1,4,1,1,1,1,1,1,7,7,1,1,50,9,6,42,76,794,950,0,0,0,0,0,-100,-100,-100,-100,600,1440,107.7673,0,0,-0.000000,-1,0,0,0,1,0,13.7344,5,50,75.1289,13.7344,0,0,48.9844,0,100,0,0,0,0,0,0,0,0,0,0.4355,0.4355,1,0.4355,0.4355,25.1851,8.9635,20141,90,568,135,11018.6367,3604.2695,7254.3555,0,14624.4375,10.9584,1.9724,7.3289,10.9584,1.9724,3.1017,33.3333,5.4550,21.3910,0.000200,0.021700,0.000600,0.000500,0.001500,0.012900,0.000600,0.074100,0,0.017400,0.028100,0.034300,0.7858,0.2942,0.020500,0.005100,0.067700,0,0.044500,0.019900,0.6328,0.006200,0.038900,0.1940,0.016500,0.1048,0.4419,0.7024,0.3901,0.058300,2.3021,0.095200,0.030700,0.039200,0.6901,0.080000,0.002000,0.002500,0.062700,0.1988,0.050100,0.000500,0.6162,938,388764,0.4408,0,0,0,0,0,0,0,0.008600,0,0,0,0,0,0,0,0,0,0,0,0,0,0,0,0,0,0,0
,0.015300,0.009000,2,57,0,55,0,0,13,233,14,0,454,3,0,0,12,2,0,0,0,0,0.009700,0.008300,0.3344,0.006100,0.009200,0.001000,0.8694,0.2476,0.051300,0.1310,0.002900,0.020200,0.003300,2,768,256,11229,3565.7148,15494.9102,239.1602,0.003200,4,0.000300,0.011100,0.002400,0.014800,0.1942,0,0,0.056400,0.2849,2.6379,0.064600,0.000200,0.001300,0.000200,0.000300,0.007500,0.006900,0.045800,0.005100,0.034900,0.1447,0.011200,0.006300,1.3106,0.029300,0.009400,0.031200,0.012200,0.019800,0.088700,0.012000,0.078900,0.002600,0.082600,0.008000,0.064900,0.6259,0.005300,2.3743,0.000300,0.1951,0.001000,0.000300,0.032000,0.3096,0.8415,0.027500,0.9330,0.1582,0.001800,0.010400,0.000600,0.036700,0.1012,9.6607,8.7628,13.0955,634,16,0.2500,0,16,3.8438,1,0,0,629,1,0,115,102,13,0,-1,-1,0,-1,-1,13.9904,4.9185,0,1525.2227,1525.2227,1441.6289,95,870,551,322,0,0,0.001100,0,0,0.017600,0.085200,0.000700,0.014300,0.076200,0.043700,0.001200,0.002100,0.000400,0.001800,0.007600,0.001100,0.004800,0.026600,0.1454,0.061600,0.086600,0.1816,0.045600,0.2767,0.021900,0.025700,0.000100,0.001700,0.065600,0.008900,0.001300,0.000600,0.027000,0.005900,0.012500,0.001100,0.1506,0.016200,0.043500,0.2217,0.074300,0.001400,0.046600,0.002700,0.035400,0.024000,0.018900,9.0225,0.060700,0.007300,0.000100,0,10.9299,0,0,0,0,0,0,0,50,0,0,0,0,1,1,9,9,2,1,1,4,1,1,1,1,1,1,7,7,1,1,50,9,6,42,76,794,950,0,0,0,0,0,-100,-100,-100,-100,600,1440,107.7673,0,0,-0.000000,-1,0,0,0,1,0,13.7344,5,50,75.1289,13.7344,0,0,48.9844,0,100,0,0,0,0,0,0,0,0,0,0.4515,0.4515,1,0.4515,0.4515,36.3241,8.9635,20141,90,568,135,11012.9883,3604.2695,7254.3555,0,14622.9062,11.1615,2.4965,8.2653,11.1615,2.4965,3.0290,33.3333,5.4529,20.8231,0.000200,0.020800,0.000600,0.000600,0.001700,0.008500,0.000600,0.073200,0.001000,0.018500,0.024800,0.033800,0.3406,0.1991,0.019500,0.006100,0.062100,0,0.041500,0.010700,0.1923,0.005100,0.032700,0.1382,0.015800,0.089600,1.0464,0.6659,0.3040,0.055300,2.5131,0.095200,0.031800,0.039600,0.7025,0.090200,0.003800,0.004800,0.063000,0.1996,0.050100,0.000700,0.5969,990,403196,0,0,0,0,0,0,0,0,0.008300,0,0,0,0,0,0,0,0,0,0,0,0,0,0,0,0,0,0,0
,0.014500,0.020400,2,63,0,61,0,0,13,233,44,0,454,3,0,0,12,2,0,0,0,0,0.016500,0.023700,0.3531,0.006000,0.008800,0.001000,0.8743,0.2753,0.052500,0.1311,0.001100,0.1063,0,0,768,256,11229,3565.7148,15494.9102,239.1602,0.001900,5,0.000200,0.2210,0.002100,0.013100,0.1783,0,0,0.063400,0.3097,2.5815,0.062500,0.000200,0.001300,0.000200,0.000200,0.006800,0.007100,0.062300,0.005300,0.032900,0.1632,0.012000,0.006800,0.1629,0.026600,0.009500,0.033900,0.012000,0.018500,0.088400,0.009300,0.072900,0.002200,0.080900,0.008500,0.071900,0.6204,0.005900,2.3604,0.000300,0.1924,0.000500,0.000300,0.038700,0.3154,0.8924,0.022800,0.9036,0.1663,0.002200,0.013800,0.000400,0.035100,0.3712,9.1650,8.7628,13.0955,634,16,0.2500,0,16,3.8438,1,0,0,629,1,0,115,102,13,0,-1,-1,0,-1,-1,13.9904,4.9185,0,1525.2227,1525.2227,1441.5039,95,870,551,322,0,0,0.001000,0,0,0.016100,0.081700,0.000600,0.015500,0.070900,0.044300,0.000800,0.001500,0.000300,0.001600,0.006100,0.001000,0.003800,0.024000,0.1462,0.066300,0.081700,0.1611,0.049500,0.2655,0.019200,0,0.000300,0.002100,0.066900,0.008900,0.001600,0.000700,0.027700,0.007000,0.013000,0.001200,0.1562,0.017900,0.044900,0.2177,0.070900,0.001300,0.043100,0.003400,0.034900,0.023500,0.019300,8.6584,0.062400,0.006100,0.000300,0,11.1903,0,0,0,0,0,0,0,50,0,0,0,0,1,1,9,9,2,1,1,4,1,1,1,1,1,1,7,7,1,1,50,9,6,42,76,794,950,0,0,0,0,0,-100,-100,-100,-100,600,1440,107.7673,0,0,-0.000000,-1,0,0,0,1,0,13.7344,5,50,75.1289,13.7344,0,0,48.9844,0,100,0,0,0,0,0,0,0,0,0,0.4389,0.4389,1,0.4389,0.4389,47.0799,8.9635,20141,90,568,135,11018.6289,3604.2695,7254.3555,0,14617.2578,10.6448,2.0997,8.1901,10.6448,2.0997,3.1514,33.3333,5.6091,22.2111,0.000200,0.020700,0.000500,0.000600,0.001600,0.009300,0.001600,0.074300,0,0.021500,0.021300,0.026000,0.3367,0.1905,0.021500,0.006100,0.062200,0,0.047300,0.011300,0.1726,0,0.032300,0.1341,0.015500,0.098100,0.4126,0.7165,0.3152,0.057300,2.1332,0.094200,0.031800,0.039600,0.6901,0.096800,0.002100,0.002600,0.060200,0.1955,0.050200,0.000600,0.6101,974,394992,0,0,0,0,0,0,0,0,0.007600,0,0,0,0,0,0,0,0,0,0,0,0,0,0,0,0,0,0,0
,0.019900,0.007800,2,73,0,71,0,0,14,233,30,0,454,3,0,0,13,2,0,0,0,0,0.009300,0.013400,0.3319,0.005400,0.009400,0.000700,0.8472,0.1777,0.052000,0.1260,0.000900,0.028600,0.005600,0,768,256,11229,3565.7148,15494.9102,239.1602,0.001900,5,0.000200,0.009300,0.002300,0.014800,0.3318,0,0,0.065300,0.2091,2.5786,0.065100,0.000200,0.001200,0.000200,0.000200,0.007300,0.007500,0.044800,0.005100,0.033800,0.1006,0.011500,0.006100,1.4249,0.030500,0.008500,0.035200,0.012800,0.020000,0.087400,0.013000,0.076800,0.002400,0.084900,0.008600,0.068300,0.6169,0.005100,2.3280,0.000200,0.1944,0.000700,0.000400,0.030800,0.3083,0.6088,0.025000,0.9246,0.1160,0.001900,0.009700,0.000300,0.034500,0,8.1262,8.7628,13.0955,634,16,0.2500,0,16,3.8438,1,0,0,629,1,0,115,102,13,0,-1,-1,0,-1,-1,13.9904,4.9185,0,1525.2227,1525.2227,1525.0977,95,870,551,322,0,0,0.001300,0,0,0.015200,0.086600,0.000700,0.012700,0.070700,0.040000,0.001200,0.001400,0.000500,0.001600,0.006800,0.001100,0.004100,0.023300,0.1241,0.055300,0.077300,0.1589,0.042700,0.1685,0.020700,0.1958,0.000300,0.001900,0.068000,0.008300,0.002000,0.000800,0.029400,0.006100,0.012500,0.001400,0.1385,0.014600,0.041500,0.1974,0.070800,0.001300,0.041800,0.002400,0.018400,0.024700,0.018800,7.7524,0.1082,0.005800,0.000100,0,10.8135,0,0,0,0,0,0,0,50,0,0,0,0,1,1,9,9,2,1,1,4,1,1,1,1,1,1,7,7,1,1,50,9,6,42,76,794,950,0,0,0,0,0,-100,-100,-100,-100,600,1440,107.7673,0,0,-0.000000,-1,0,0,0,1,0,13.7344,5,50,75.1289,13.7344,0,0,48.9844,0,100,0,0,0,0,0,0,0,0,0,0.5093,0.5093,1,0.5093,0.5093,57.0314,8.9635,20141,90,568,135,11019.5391,3604.2695,7254.3555,0,14622.8984,9.8209,2.2019,7.3283,9.8209,2.2019,2.9570,33.3333,6.8744,22.9903,0.000300,0.022700,0.000600,0.000600,0.001700,0.007700,0.000800,0.073100,0,0.019400,0.031300,0.039500,0.3515,0.1930,0.020500,0.007200,0.066600,0,0.045500,0.011600,0.2013,0,0.032300,0.1341,0.015500,0.091500,0.4255,1.1950,0.3242,0.057400,3.0841,0.094200,0.031700,0.039600,0.6902,0.086600,0.002100,0.002500,0.063200,0.1946,0.049100,0.000600,0.5945,942,389664,0,0,0,0,0,0,0.007300,0,0.008400,0,0,0,0,0,0,0,0,0,0,0,0,0,0,0,0,0,0,0
,0.016400,0.009800,2,60,0,58,0,0,13,233,27,0,454,3,0,0,12,2,0,0,0,0,0.009700,0.058900,0.3365,0.005900,0.009700,0.000800,0.8779,0.2181,0.051800,0.1335,0.001000,0.028200,0,0,768,256,11229,3565.7148,15494.9102,239.1602,0.020100,3,0.000300,0.010600,0.002200,0.014700,0.2560,0,0,0.058000,0.2334,3.3228,0.064900,0.000200,0.001200,0.000300,0.000300,0.006800,0.006400,0.044100,0.005000,0.034700,0.1388,0.011400,0.006200,0.3433,0.024500,0.009100,0.030000,0.012900,0.021200,0.080800,0.014600,0.071700,0.002400,0.085000,0.008700,0.074000,0.6114,0.005500,2.4220,0.000500,0.2009,0.000600,0.000400,0.032500,0.3190,0.7050,0.029300,0.9979,0.1143,0.002300,0.010300,0.000500,0.040700,0.8911,8.1946,8.7628,13.0955,634,16,0.2500,0,16,3.8438,1,0,0,629,1,0,115,102,13,0,-1,-1,0,-1,-1,13.9904,4.9185,0,1525.2227,1525.2227,1525.0977,95,873,561,322,0,0,0.001000,0,0,0.013900,0.084400,0.000800,0.016000,0.074100,0.038200,0.000900,0.002000,0.000100,0.001700,0.006900,0.000900,0.003600,0.021900,0.1346,0.054300,0.076500,0.1677,0.037600,0.3875,0.016000,0,0.000300,0.001500,0.063800,0.009200,0.001200,0.000600,0.026600,0.006200,0.012000,0.001400,0.1494,0.019600,0.047300,0.2288,0.072800,0.001200,0.043300,0.002600,0.035900,0.024800,0.026200,7.5734,0.058700,0.006400,0.000100,0.003700,10.0466,0,0,0,0,0,0,0,50,0,0,0,0,1,1,9,9,2,1,1,4,1,1,1,1,1,1,7,7,1,1,50,9,6,42,76,794,950,0,0,0,0,0,-100,-100,-100,-100,600,1440,107.7673,0,0,-0.000000,-1,0,0,0,1,0,13.7344,5,50,75.1289,13.7344,0,0,48.9844,0,100,0,0,0,0,0,0,0,0,0,0.4210,0.4210,1,0.4210,0.4210,4.5822,8.9635,20141,90,568,135,11019.0742,3604.2695,7254.3555,0,14623.8086,10.1867,2.3380,8.4735,10.1867,2.3393,3.0485,33.3333,6.1017,22.8515,0.000200,0.020800,0.000600,0.000600,0.001500,0.007600,0.000600,0.073300,0,0.018400,0.025300,0.034600,0.3431,0.1873,0.019400,0.006200,0.062700,0,0.046900,0.010800,0.2074,0,0.032700,0.1419,0.016000,0.090000,0.4275,0.7714,0.3165,0.057300,2.4555,0.095300,0.031700,0.039300,0.6932,0.088900,0.001900,0.002700,0.062100,0.1996,0.050200,0.000700,0.5957,949,392042,0,2384,1334,0,0.9029,0,0,0.001300,0.008900,0,0,0,0,0,0,0,0,0,0,0,0,0,0,0,0,0,0,0
,0.018800,0.008400,2,63,0,61,0,0,13,233,28,0,454,3,0,0,12,2,0,0,0,0,0.009600,0.007900,0.3445,0.007100,0.008100,0.001200,1.0117,0.1896,0.057900,0.1392,0.001000,0.030400,0.011000,0,768,256,11229,3565.7148,15494.9102,239.1602,0.001300,2,0.000300,0.009500,0.002300,0.014200,0.1786,0,0,0.059600,0.2780,2.4774,0.068900,0.000200,0.001300,0.000200,0.000300,0.006700,0.007700,0.044900,0.005300,0.033200,0.1058,0.011000,0.006600,0.7744,0.029000,0.009200,0.028300,0.011600,0.020100,0.091300,0.009200,0.078300,0.002100,0.083200,0.009100,0.073600,0.6333,0.005200,2.4068,0.000400,0.2266,0.000700,0.000300,0.031400,0.3174,0.7600,0.024300,0.8914,0.1155,0.001900,0.010300,0.000400,0.033700,0.1203,9.6653,8.7628,13.0955,634,16,0.2500,0,16,3.8438,1,0,0,629,1,0,115,102,13,0,-1,-1,0,-1,-1,13.9904,4.9185,0,1525.2227,1525.2227,1525.0977,95,844,535,318,0,0,0.001000,0,0,0.014400,0.081800,0.000600,0.011700,0.068100,0.037100,0.000800,0.001800,0.000200,0.001500,0.005900,0.000700,0.003600,0.020100,0.1215,0.053100,0.078900,0.1505,0.053700,0.2128,0.018900,0.047900,0.000500,0.001400,0.061900,0.007800,0.001100,0.000500,0.024700,0.006500,0.011600,0.001100,0.1427,0.015900,0.040900,0.1999,0.067000,0.001100,0.045800,0.002300,0.032200,0.021400,0.018800,9.1333,0.061900,0.007700,0.000100,0,9.8258,0,0,0,0,0,0,0,50,0,0,0,0,1,1,9,9,2,1,1,4,1,1,1,1,1,1,7,7,1,1,50,9,6,42,76,794,950,0,0,0,0,0,-100,-100,-100,-100,600,1440,107.7673,0,0,-0.000000,-1,0,0,0,1,0,13.7344,5,50,75.1289,13.7344,0,0,48.9844,0,100,0,0,0,0,0,0,0,0,0,0.4117,0.4117,1,0.4117,0.4117,15.7301,8.9635,20141,90,568,135,11018.9883,3604.2695,7254.3555,0,14623.3438,11.0513,2.0736,7.3710,11.0513,2.0736,3.1725,33.3333,6.1254,23.0436,0.000500,0.020800,0.000700,0.000600,0.001700,0.006900,0.000500,0.075300,0,0.020500,0.020800,0.025800,0.3724,0.1987,0.021500,0.006200,0.062000,0.001000,0.046100,0.014500,0.1904,0.004100,0.032300,0.1421,0.015400,0.089100,0.4380,0.7613,0.3088,0.057300,2.4914,0.095200,0.031700,0.040300,0.6906,0.086500,0.002000,0.002400,0.061700,0.1967,0.050200,0.000600,0.6113,975,394364,0,0,0,0,0,0,0,0,0.007900,0,0,0,0,0,0,0,0,0,0,0,0,0,0,0,0,0,0,0
,0.020800,0.009300,2,73,0,71,0,0,14,233,30,0,454,3,0,0,13,2,0,0,0,0,0.008000,0.016200,0.3289,0.006000,0.008800,0.001000,0.8657,0.2181,0.054500,0.1325,0,0.030100,0,1,768,256,11229,3565.7148,15494.9102,239.1602,0.001700,4,0.000700,0.008500,0.001800,0.013900,0.1835,0,0,0.057900,0.2258,2.4964,0.062900,0.000200,0.001200,0.000200,0.000300,0.007600,0.006300,0.042600,0.005800,0.032600,0.1159,0.010100,0.006100,1.1782,0.025300,0.008500,0.028400,0.011000,0.019500,0.089500,0.009400,0.076600,0.002100,0.096600,0.008700,0.070500,0.6542,0.005600,2.4751,0.000400,0.2028,0.000500,0.000300,0.032400,0.3297,1.3357,0.026300,1.0171,0.1606,0.002200,0.015500,0.000400,0.036000,0.1860,8.1958,8.7628,13.0955,634,16,0.2500,0,16,3.8438,1,0,0,629,1,0,115,102,13,0,-1,-1,0,-1,-1,13.9904,4.9185,0,1525.2227,1525.2227,1525.0977,95,845,535,318,0,0,0.001100,0,0,0.014800,0.081200,0.000800,0.012200,0.073600,0.044700,0.000900,0.001400,0.000200,0.001800,0.006400,0.001000,0.004800,0.025600,0.1580,0.061700,0.082000,0.1620,0.038300,0.2069,0.020000,0.027700,0.000200,0.001600,0.066400,0.008400,0.001400,0.000900,0.027300,0.006200,0.012300,0.001200,0.1455,0.014700,0.041300,0.1974,0.069400,0.001100,0.021100,0.003100,0.018400,0.023200,0.017700,7.7204,0.061000,0.006600,0.000100,0,11.2439,0,0,0,0,0,0,0,50,0,0,0,0,1,1,9,9,2,1,1,4,1,1,1,1,1,1,7,7,1,1,50,9,6,42,76,794,950,0,0,0,0,0,-100,-100,-100,-100,600,1440,107.7673,0,0,-0.000000,-1,0,0,0,1,0,13.7344,5,50,75.1289,13.7344,0,0,48.9844,0,100,0,0,0,0,0,0,0,0,0,0.4134,0.4134,1,0.4134,0.4134,25.5911,8.9635,20141,90,568,135,11018.7148,3604.2695,7254.3555,0,14623.2578,9.8556,2.1512,7.4007,9.8556,2.1524,2.9271,33.3333,6.4995,23.2080,0.000600,0.021400,0.000600,0.000600,0.001700,0.010500,0.000700,0.076400,0,0.017400,0.022100,0.040400,0.3440,0.2007,0.021500,0.005100,0.061900,0,0.045900,0.013800,0.062400,0.005100,0.034500,0.1330,0.016800,0.086800,0.4293,0.6364,0.3980,0.057300,2.9995,0.095200,0.030700,0.039000,0.7146,0.088900,0.002000,0.002900,0.062300,0.2028,0.050200,0.000600,0.5986,931,388558,0,0,0,0,0,0,0,0.001300,0.008100,0,0,0,0,0,0,0,0,0,0,0,0,0,0,0,0,0,0,0
,0.024100,0.006200,2,59,0,57,0,0,13,233,27,0,454,3,0,0,12,2,0,0,0,0,0.008800,0.006800,0.7708,0.006600,0.008200,0.001200,0.8326,0.1756,0.053700,0.1339,0.001700,0.039800,0,0,768,256,11229,3565.7148,15494.9102,239.1602,0.002300,4,0.000200,0.009100,0.002200,0.013700,0.3201,0,0,0.062000,0.3437,2.4174,0.062400,0.000300,0.001400,0.000400,0.000300,0.006900,0.007000,0.041700,0.004700,0.041300,0.1001,0.010900,0.006000,0.4082,0.026400,0.008200,0.030500,0.012100,0.018300,0.1022,0.009700,0.074700,0.002700,0.098400,0.017600,0.070800,0.6506,0.005200,2.3765,0.000200,0.1960,0.000500,0.000500,0.031500,0.3011,1.7921,0.024200,0.9475,0.1274,0.002200,0.013200,0.000500,0.041200,0.046400,9.4142,8.7628,13.0955,634,16,0.2500,0,16,3.8438,1,0,0,629,1,0,115,102,13,0,-1,-1,0,-1,-1,13.9904,4.9185,0,1525.2227,1525.2227,1441.5039,95,845,535,318,0,0,0.001100,0,0,0.014700,0.079900,0.000600,0.011800,0.069700,0.043300,0.000900,0.001800,0.000400,0.001400,0.006200,0.001100,0.004200,0.021200,0.1679,0.056800,0.081300,0.1645,0.046600,0.1499,0.052300,0.1317,0.000200,0.005900,0.065100,0.008600,0.002200,0.000300,0.026100,0.006800,0.012000,0.001400,0.1399,0.015200,0.040400,0.2069,0.067800,0.001200,0.031100,0.002500,0.032400,0.023400,0.017100,8.9402,0.059700,0.006000,0.000100,0,9.8242,0,0,0,0,0,0,0,50,0,0,0,0,1,1,9,9,2,1,1,4,1,1,1,1,1,1,7,7,1,1,50,9,6,42,76,794,950,0,0,0,0,0,-100,-100,-100,-100,600,1440,107.7673,0,0,-0.000000,-1,0,0,0,1,0,13.7344,5,50,75.1289,13.7344,0,0,48.9844,0,100,0,0,0,0,0,0,0,0,0,0.4859,0.4859,1,0.4859,0.4859,36.7327,8.9635,20141,90,568,135,11018.7070,3604.2695,7254.3555,0,14622.9844,11.1497,2.1892,8.1073,11.1497,2.1892,2.8647,33.3333,6.1318,23.1274,0.000200,0.021700,0.000600,0.000500,0.001700,0.009000,0.000600,0.075500,0.001000,0.021500,0.022000,0.024900,0.3606,0.1965,0.018400,0.006200,0.062200,0,0.047500,0.014000,0.065900,0.005100,0.030200,0.1370,0.016400,0.092600,0.4269,0.7627,0.3268,0.057300,2.4729,0.095300,0.030700,0.039300,0.6922,0.092400,0.001800,0.002600,0.062100,0.1977,0.050200,0.000600,0.5976,992,401682,0.051800,0,0,0,0,0.1189,0,0,0.007500,0,0,0,0,0,0,0,0,0,0,0,0,0,0,0,0,0,0,0
,0.017900,0.011900,2,79,0,77,0,0,14,233,45,0,454,3,0,0,13,2,0,0,0,0,0.010100,0.001600,0.6471,0.005100,0.009700,0.000900,0.9000,0.2271,0.057200,0.1384,0.001300,0.034500,0.002900,1,768,256,11229,3565.7148,15494.9102,239.1602,0.001900,4,0.000200,0.008700,0.002500,0.015000,0.1929,0,0,0.064900,0.2138,2.9879,0.073300,0.000200,0.001500,0.000200,0.000200,0.008300,0.008400,0.048900,0.006400,0.038800,0.1446,0.012300,0.006700,1.6805,0.030500,0.008600,0.033200,0.012100,0.020200,0.090000,0.008800,0.076800,0.002400,0.081800,0.009500,0.080500,0.6214,0.004900,2.3832,0.000400,0.2020,0.000600,0.000300,0.032400,0.5105,0.8961,0.026100,1.0610,0.1036,0.002200,0.010800,0.000400,0.035600,0,8.8913,8.7628,13.0955,634,16,0.2500,0,16,3.8438,1,0,0,629,1,0,115,102,13,0,-1,-1,0,-1,-1,13.9904,4.9185,0,1525.2227,1525.2227,1525.0977,95,879,535,317,0,0,0.001100,0,0,0.015300,0.084800,0.000600,0.012200,0.072400,0.041700,0.000900,0.001700,0.000100,0.001600,0.006400,0.000900,0.004100,0.024600,0.1542,0.058400,0.093400,0.1514,0.042500,0.2188,0.020500,0.069600,0.000100,0.001700,0.070400,0.009500,0.001400,0.000600,0.028700,0.006900,0.012200,0.001100,0.1416,0.015000,0.051800,0.2237,0.077500,0.001200,0.050100,0.002300,0.037500,0.024400,0.020200,8.4516,0.1017,0.006600,0.000100,0,11.1486,0,0,0,0,0,0,0,50,0,0,0,0,1,1,9,9,2,1,1,4,1,1,1,1,1,1,7,7,1,1,50,9,6,42,76,794,950,0,0,0,0,0,-100,-100,-100,-100,600,1440,107.7673,0,0,-0.000000,-1,0,0,0,1,0,13.7344,5,50,75.1289,13.7344,0,0,48.9844,0,100,0,0,0,0,0,0,0,0,0,0.4217,0.4217,1,0.4217,0.4217,47.4723,8.9635,20141,90,568,135,11018.2266,3604.2695,7254.3555,0,14622.9766,10.5803,2.1768,7.2802,10.5803,2.1768,3.0900,33.3333,5.9619,23.2344,0.000200,0.022700,0.000500,0.000600,0.001600,0.014100,0.000600,0.075500,0.001100,0.020500,0.027100,0.035800,0.7827,0.1839,0.018500,0.006100,0.066300,0,0.044800,0.012500,0.062200,0.006100,0.034700,0.1391,0.016200,0.086100,0.4256,0.7357,0.3401,0.057400,2.4853,0.095200,0.031800,0.039500,0.6908,0.087100,0.001700,0.002400,0.060300,0.1966,0.051200,0.000600,0.9155,954,388606,0,0,0,0,0,0,0,0,0.008200,0,0,0,0,0,0,0,0,0,0,0,0,0,0,0,0,0,0,0
,0.018400,0.020700,2,69,0,67,0,0,13,233,30,0,454,3,0,0,12,2,0,0,0,0,0.008600,0,0.3418,0.006100,0.009700,0.001000,0.8930,0.2064,0.056900,0.1297,0.001100,0.040400,0.009400,17,768,256,11229,3565.7148,15494.9102,239.1602,0.001900,2,0.000100,0.009300,0.002100,0.016600,0.1952,0,0,0.057500,0.2401,3.0434,0.062100,0.000200,0.001100,0.000200,0.000400,0.006800,0.007000,0.041600,0.005100,0.030700,0.1002,0.011300,0.005900,0.7199,0.029200,0.009900,0.029200,0.011400,0.018300,0.086400,0.009600,0.072700,0.002400,0.1164,0.009800,0.073500,0.6919,0.006400,2.4266,0.000300,0.2057,0.000600,0.000400,0.032400,0.3090,0.7791,0.027200,0.9491,0.1600,0.002100,0.010600,0.000500,0.037600,0.097700,9.7787,8.7628,13.0955,634,16,0.2500,0,16,3.8438,1,0,0,629,1,0,115,102,13,0,-1,-1,0,-1,-1,13.9904,4.9185,0,1525.2227,1525.2227,1525.0977,95,880,535,317,0,0,0.000900,0,0,0.017500,0.083700,0.000800,0.013700,0.072400,0.043600,0.001000,0.001500,0.000300,0.001600,0.006300,0.000900,0.004100,0.023200,0.1398,0.059700,0.085000,0.1617,0.041300,0.3047,0.022200,0,0.000200,0.001700,0.066900,0.008400,0.001200,0.000900,0.026500,0.006400,0.012500,0.001000,0.1467,0.016500,0.042200,0.2116,0.070700,0.001100,0.041500,0.002200,0.018200,0.024000,0.027800,9.4913,0.059500,0.006500,0.000300,0,10.7199,0,0,0,0,0,0,0,50,0,0,0,0,1,1,9,9,2,1,1,4,1,1,1,1,1,1,7,7,1,1,50,9,6,42,76,794,950,0,0,0,0,0,-100,-100,-100,-100,600,1440,107.7673,0,0,-0.000000,-1,0,0,0,1,0,13.7344,5,50,75.1289,13.7344,0,0,48.9844,0,100,0,0,0,0,0,0,0,0,0,0.4108,0.4108,1,0.4108,0.4108,59.1537,8.9635,20141,90,568,135,11018.1523,3604.2695,7254.3555,0,14622.4961,11.6226,2.2709,7.6791,11.6226,2.2709,3.0729,33.3333,5.8883,23.6806,0.000300,0.020100,0.000600,0.000600,0.001700,0.008400,0.000700,0.071700,0,0.018400,0.026400,0.038500,0.3555,0.1806,0.019500,0.005100,0.060300,0.001000,0.045400,0.023400,0.085600,0.005100,0.031100,0.1346,0.016900,0.091600,0.4451,0.6551,0.3152,0.061300,3.1885,0.096200,0.031800,0.039700,0.6964,0.080900,0.001900,0.002500,0.063200,0.1965,0.050200,0.000600,0.5925,1027,392820,0,0,0,0,0,0,0.006600,0,0.008000,0,0,0,0,0,0,0,0,0,0,0,0,0,0,0,0,0,0,0
,0.018100,0.006400,2,57,0,55,0,0,13,233,14,0,454,3,0,0,12,2,0,0,0,0,0.014600,0.014100,0.3302,0.006100,0.007800,0.001000,0.8771,0.1985,0.056200,0.1384,0.001000,0.029800,0.001700,1,768,256,11229,3565.7148,15494.9102,239.1602,0.002100,0,0,0.010700,0.001900,0.022000,0.1845,0,0,0.058800,0.2872,2.9570,0.088600,0.000200,0.001200,0.000200,0.000300,0.008100,0.007700,0.057900,0.005200,0.033100,0.1331,0.011200,0.006500,1.5016,0.028100,0.009300,0.039600,0.012500,0.031500,0.095500,0.010800,0.076500,0.002200,0.1115,0.007900,0.069600,0.5957,0.004600,2.3598,0.000300,0.1881,0.000900,0.000300,0.034900,0.4499,0.9509,0.029000,1.0464,0.5684,0.002100,0.012800,0.000700,0.043800,0.084100,7.2774,8.7628,13.0955,634,16,0.2500,0,16,3.8438,1,0,0,629,1,0,115,102,13,0,-1,-1,0,-1,-1,13.9904,4.9185,0,1525.2227,1525.2227,1525.0977,95,880,535,317,0,0,0.001000,0,0,0.016300,0.087800,0.000500,0.011700,0.076000,0.040500,0.001100,0.001500,0.000100,0.001600,0.006300,0.001300,0.004100,0.022300,0.1428,0.059300,0.077600,0.1776,0.046800,0.1865,0.033200,1.3451,0.000300,0.001800,0.068500,0.009200,0.001500,0.000600,0.028900,0.006500,0.014300,0.001000,0.1509,0.016400,0.058300,0.2119,0.071600,0.001200,0.049000,0.002300,0.032900,0.021800,0.024100,6.6948,0.060100,0.007100,0.000300,0.004200,11.7136,0,0,0,0,0,0,0,50,0,0,0,0,1,1,9,9,2,1,1,4,1,1,1,1,1,1,7,7,1,1,50,9,6,42,76,794,950,0,0,0,0,0,-100,-100,-100,-100,600,1440,107.7673,0,0,-0.000000,-1,0,0,0,1,0,13.7344,5,50,75.1289,13.7344,0,0,48.9844,0,100,0,0,0,0,0,0,0,0,0,1.7076,1.7076,1,1.7076,1.7076,5.9058,8.9635,20141,90,568,135,11018.0820,3604.2695,7254.3555,0,14622.4219,10.5045,3.4870,8.1266,10.5045,3.4870,2.8726,33.3333,6.1709,22.9243,0.000300,0.021300,0.000500,0.000600,0.001800,0.008600,0.000500,0.072700,0.001000,0.020400,0.029800,0.038900,0.3433,0.1943,0.019400,0.006200,0.061200,0.001100,0.045400,0.024300,0.081500,0.005100,0.030500,0.1357,0.015000,0.092600,0.4282,0.6874,0.3019,0.056200,2.2988,0.095200,0.030800,0.040600,0.6891,0.091700,0.004000,0.004900,0.063300,0.1976,0.049200,0.000600,0.6741,1116,407746,0,2368,1327,0,1.0178,0,0.012100,0,0.008000,0,0,0,0,0,0,0,0,0,0,0,0,0,0,0,0,0,0,0
,0.018700,0.006200,2,80,0,78,0,0,14,233,44,0,454,3,0,0,13,2,0,0,0,0,0,0.010700,0.3894,0.007700,0.010800,0.001200,0.9478,0.1734,0.056700,0.1457,0,0.045500,0,1,768,256,11229,3565.7148,15494.9102,239.1602,0,4,0.000400,0.009500,0.002300,0.019500,0.2609,0,0,0.064700,0.2659,2.9853,0.061300,0.000300,0.001300,0.000200,0.000300,0.007100,0.007900,0.041400,0.005300,0.035100,0.5213,0.011300,0.007100,0.2691,0.027300,0.009200,0.026800,0.012600,0.019700,0.094800,0.008000,0.065800,0.002100,0.1143,0.008500,0.072300,0.6279,0.005500,2.4851,0.000200,0.2097,0.000600,0.000300,0.030000,0.3229,0.7807,0.026000,0.9514,0.4438,0.001900,0.011700,0.000500,0.034600,0.2422,10.3579,8.7628,13.0955,634,16,0.2500,0,16,3.8438,1,0,0,629,1,0,115,102,13,0,-1,-1,0,-1,-1,13.9904,4.9185,0,1525.2227,1525.2227,1525.0977,95,880,535,317,0,0,0.000800,0,0,0.015000,0.080100,0.000500,0.011600,0.069800,0.041700,0.000900,0.001700,0.000300,0.001500,0.006800,0.001100,0.004400,0.021900,0.1736,0.057900,0.082200,0.1564,0.039200,0.1749,0.024200,0.1172,0.000200,0.001600,0.062600,0.008400,0.001200,0.000500,0.026000,0.005500,0.011600,0.001000,0.1376,0.013900,0.042400,0.1946,0.070100,0.001400,0.041100,0.002500,0.030800,0.021200,0.016500,9.7839,0.061900,0.006400,0.000100,0,10.2064,0,0,0,0,0,0,0,50,0,0,0,0,1,1,9,9,2,1,1,4,1,1,1,1,1,1,7,7,1,1,50,9,6,42,76,794,950,0,0,0,0,0,-100,-100,-100,-100,600,1440,107.7673,0,0,-0.000000,-1,0,0,0,1,0,13.7344,5,50,75.1289,13.7344,0,0,48.9844,0,100,0,0,0,0,0,0,0,0,0,0.4917,0.4917,1,0.4917,0.4917,17.8678,8.9635,20141,90,568,135,11017.7461,3604.2695,7254.3555,0,14622.3516,11.9752,2.2386,7.2432,11.9752,2.2399,3.0533,33.3333,5.7493,23.4359,0.000700,0.022100,0.000600,0.000600,0.001800,0.007900,0.000500,0.076100,0,0.021500,0.019400,0.025400,0.3649,0.1889,0.022500,0.005100,0.062500,0,0.045700,0.022100,0.085800,0.005100,0.030800,0.1370,0.015000,0.090900,0.4239,0.7305,0.3515,0.057400,2.4822,0.095300,0.031700,0.041700,0.6934,0.086700,0.001800,0.002700,0.061600,0.1966,0.049100,0.000600,0.9184,1026,391928,0,0,0,0,0,0,0,0.001400,0.008900,0,0,0,0,0,0,0,0,0,0,0,0,0,0,0,0,0,0,0
,0.017600,0.017500,2,57,0,55,0,0,13,233,15,0,454,3,0,0,12,2,0,0,0,0,0.017600,0.008300,0.3296,0.006200,0.008000,0.001200,0.8823,0.2039,0.053700,0.1284,0.001900,0.026400,0.001700,0,768,256,11229,3565.7148,15494.9102,239.1602,0.003000,7,0.000400,0.013400,0.002200,0.022200,0.1826,0,0,0.065800,0.3581,2.9872,0.071200,0.000300,0.001500,0.000200,0.000200,0.007100,0.007900,0.046500,0.005100,0.031800,0.1052,0.011600,0.005900,1.2464,0.027600,0.009100,0.036800,0.011900,0.020200,0.084200,0.010700,0.071400,0.002200,0.1288,0.009400,0.074100,0.6800,0.005800,2.4636,0.000400,0.2070,0.000500,0.000400,0.031200,0.3120,0.8767,0.026100,0.9781,0.4010,0.002200,0.018800,0.000500,0.036700,0.028800,9.2574,8.7628,13.0955,634,16,0.2500,0,16,3.8438,1,0,0,629,1,0,115,102,13,0,-1,-1,0,-1,-1,13.9904,4.9185,0,1525.2227,1525.2227,1441.5039,95,880,535,317,0,0,0.000800,0,0,0.015500,0.084600,0.000900,0.013000,0.072200,0.044900,0.001200,0.001500,0.000200,0.001600,0.006600,0.001000,0.003700,0.023100,0.1563,0.056800,0.076200,0.1694,0.038800,0.1962,0.018900,0.098200,0.000200,0.001900,0.068300,0.009100,0.001500,0.000600,0.028800,0.006700,0.012600,0.001100,0.1442,0.014700,0.041300,0.1998,0.072300,0.001300,0.041900,0.002300,0.017600,0.024100,0.017600,8.9055,0.057000,0.006900,0.000100,0,11.9780,0,0,0,0,0,0,0,50,0,0,0,0,1,1,9,9,2,1,1,4,1,1,1,1,1,1,7,7,1,1,50,9,6,42,76,794,950,0,0,0,0,0,-100,-100,-100,-100,600,1440,107.7673,0,0,-0.000000,-1,0,0,0,1,0,13.7344,5,50,75.1289,13.7344,0,0,48.9844,0,100,0,0,0,0,0,0,0,0,0,0.4248,0.4248,1,0.4248,0.4248,28.9816,8.9635,20141,90,568,135,11017.7305,3604.2695,7254.3555,0,14622.0156,10.8818,2.1963,7.2580,10.8818,2.1977,3.1289,33.3333,6.2382,23.4435,0.000200,0.021900,0.000600,0.000600,0.001700,0.010400,0.000600,0.075100,0,0.020500,0.021900,0.033400,0.3450,0.1947,0.018400,0.007200,0.066200,0,0.044600,0.020800,0.080000,0.005100,0.031100,0.1290,0.016200,0.092100,0.4308,0.7139,0.3038,0.057300,3.2973,0.097300,0.032700,0.039500,0.6918,0.097900,0.002400,0.005100,0.061500,0.1996,0.050200,0.000500,0.6421,1067,405792,0,0,0,0,0,0,0,0.001600,0.008400,0,0,0,0,0,0,0,0,0,0,0,0,0,0,0,0,0,0,0
,0.079100,0.2209,2,64,0,62,0,0,13,233,42,0,454,3,0,0,12,2,0,0,0,0,0.008700,0.014500,0.3455,0.006100,0.009200,0.001100,0.8665,0.1561,0.055200,0.1332,0.001200,0.040700,0.002200,0,768,256,11229,3565.7148,15494.9102,239.1602,0.001400,4,0.000100,0.008600,0.001800,0.021100,0.1787,0,0,0.065900,0.2265,3.0549,0.069600,0.000300,0.001100,0.000200,0.000200,0.007500,0.020800,0.044800,0.005800,0.032200,0.1259,0.010300,0.006000,1.3302,0.029700,0.009400,0.031100,0.012500,0.019600,0.088300,0.010700,0.073600,0.002500,0.1019,0.008900,0.083900,0.5960,0.004500,2.3690,0.000400,0.1836,0.000600,0.000500,0.032300,0.3022,0.7820,0.025200,1.0085,0.1821,0.002000,0.010200,0.000600,0.038300,0,9.3051,8.7628,13.0955,634,16,0.2500,0,16,3.8438,1,0,0,629,1,0,115,102,13,0,-1,-1,0,-1,-1,13.9904,4.9185,0,1525.2227,1525.2227,1525.0977,95,909,561,321,0,0,0.001100,0,0,0.019000,0.076700,0.000600,0.016100,0.072100,0.039000,0.000900,0.001500,0.000200,0.001800,0.006200,0.001100,0.003900,0.022400,0.1344,0.057000,0.077300,0.1588,0.042000,0.6184,0.015000,0,0.000100,0.001800,0.064300,0.008800,0.001200,0.000600,0.026900,0.006500,0.011700,0.001000,0.1414,0.018100,0.038900,0.2093,0.072000,0.001100,0.021700,0.002900,0.033700,0.021500,0.023400,8.8974,0.060100,0.010400,0.000100,0,11.1133,0,0,0,0,0,0,0,50,0,0,0,0,1,1,9,9,2,1,1,4,1,1,1,1,1,1,7,7,1,1,50,9,6,42,76,794,950,0,0,0,0,0,-100,-100,-100,-100,600,1440,107.7673,0,0,-0.000000,-1,0,0,0,1,0,13.7344,5,50,75.1289,13.7344,0,0,48.9844,0,100,0,0,0,0,0,0,0,0,0,0.4087,0.4087,1,0.4087,0.4087,40.3570,8.9635,20141,90,568,135,11017.5195,3604.2695,7254.3555,0,14622,11.3902,2.4876,8.1621,11.3902,2.4876,3.1007,33.3333,6.0005,23.2289,0.000200,0.020500,0.000600,0.000500,0.001700,0.018900,0.000800,0.072300,0.001100,0.019500,0.026900,0.040000,0.3459,0.1949,0.019400,0.006200,0.067000,0,0.044900,0.008200,0.081500,0.005100,0.032900,0.1336,0.027800,0.089000,0.4272,0.7081,0.3528,0.060400,2.5157,0.095200,0.030700,0.037800,0.7005,0.099600,0.002000,0.002500,0.061400,0.1976,0.053200,0.000600,0.5917,1027,392438,0,0,0,0,0,0,0,0,0.008600,0,0,0,0,0,0,0,0,0,0,0,0,0,0,0,0,0,0,0
,0.028400,0.006400,2,57,0,55,0,0,13,233,16,0,454,3,0,0,12,2,0,0,0,0,0.009300,0,0.3716,0.005100,0.009400,0.001100,0.9039,0.1800,0.055800,0.1343,0.001500,0.023300,0,1,768,256,11229,3565.7148,15494.9102,239.1602,0.002100,1,0,0.007900,0.002300,0.018600,0.1911,0,0,0.060900,0.3868,2.6401,0.071900,0.000200,0.001400,0.000200,0.000200,0.007300,0.006400,0.053700,0.005100,0.035300,0.1147,0.011600,0.006600,1.5374,0.028400,0.008800,0.038000,0.011300,0.019700,0.079700,0.022600,0.079300,0.002100,0.1058,0.008500,0.070900,0.6175,0.004700,2.3727,0.000300,0.1916,0.000500,0.000400,0.029500,0.3181,0.6837,0.026100,0.9376,0.4287,0.002200,0.021700,0.000500,0.035500,0.036700,9.4155,8.7628,13.0955,634,16,0.2500,0,16,3.8438,1,0,0,629,1,0,115,102,13,0,-1,-1,0,-1,-1,13.9904,4.9185,0,1525.2227,1525.2227,1441.6289,95,874,561,321,0,0,0.001100,0,0,0.018500,0.079300,0.000500,0.011400,0.068500,0.040800,0.000800,0.001500,0.000300,0.001500,0.006000,0.001000,0.004200,0.023100,0.1469,0.059800,0.080000,0.1467,0.044500,0.2335,0.019300,0,0.000300,0.001900,0.062300,0.008400,0.001300,0.000400,0.025700,0.006600,0.012100,0.001000,0.1401,0.014900,0.042200,0.2253,0.067300,0.001200,0.033200,0.002500,0.033200,0.023200,0.019700,8.7411,0.058600,0.007100,0.000100,0,11.3151,0,0,0,0,0,0,0,50,0,0,0,0,1,1,9,9,2,1,1,4,1,1,1,1,1,1,7,7,1,1,50,9,6,42,76,794,950,0,0,0,0,0,-100,-100,-100,-100,600,1440,107.7673,0,0,-0.000000,-1,0,0,0,1,0,13.7344,5,50,75.1289,13.7344,0,0,48.9844,0,100,0,0,0,0,0,0,0,0,0,0.4035,0.4035,1,0.4035,0.4035,51.1741,8.9635,20141,90,568,135,11017.5078,3604.2695,7254.3555,0,14621.7891,11.0209,2.0317,7.2547,11.0209,2.0317,3.1239,33.3333,5.7908,23.5466,0.000600,0.022000,0.000600,0.000600,0.001600,0.008800,0.000600,0.072200,0,0.018500,0.030000,0.037400,0.3611,0.1851,0.019400,0.006200,0.067000,0.001000,0.045700,0.008800,0.1959,0.005200,0.032500,0.1359,0.015300,0.089600,0.4298,0.6745,0.3624,0.061400,2.4650,0.094200,0.031700,0.039200,0.6903,0.089100,0.002000,0.002500,0.061100,0.1996,0.050100,0.000600,0.6586,1043,394046,0.1959,0,0,0,0,0,0,0,0.008100,0,0,0,0,0,0,0,0,0,0,0,0,0,0,0,0,0,0,0
,0.015900,0.088400,2,59,0,57,0,0,13,233,28,0,454,3,0,0,12,2,0,0,0,0,0.008900,0.044000,0.3328,0.005800,0.009800,0.001100,0.8699,0.2324,0.054100,0.1256,0.000900,0.024400,0,2,768,256,11229,3565.7148,15494.9102,239.1602,0.001800,5,0.000400,0.008200,0.002300,0.018500,0.2152,0,0,0.068300,0.2558,2.5287,0.057500,0.000200,0.001000,0.000300,0.000200,0.006500,0.007700,0.052800,0.004600,0.033300,0.1012,0.010200,0.006000,0.4941,0.028300,0.008200,0.027300,0.011600,0.019200,0.1226,0.010200,0.075700,0.002600,0.089100,0.009700,0.079700,0.6625,0.005400,2.4117,0.000300,0.1970,0.000500,0.000400,0.030100,0.3156,0.6055,0.043300,1.0539,0.4840,0.002300,0.010400,0.000600,0.035500,0,9.4324,8.7628,13.0955,634,16,0.2500,0,16,3.8438,1,0,0,629,1,0,115,102,13,0,-1,-1,0,-1,-1,13.9904,4.9185,0,1525.2227,1525.2227,1525.0977,95,876,551,321,0,0,0.001000,0,0,0.014500,0.078200,0.000700,0.011800,0.071100,0.053500,0.001400,0.014400,0.000500,0.002000,0.020000,0.001200,0.004000,0.023000,0.1325,0.058600,0.085700,0.1486,0.041200,0.2130,0.019400,0.060400,0.000100,0.001500,0.077000,0.008600,0.001600,0.000500,0.038400,0.006200,0.011600,0.001000,0.1469,0.016000,0.041100,0.1956,0.068000,0.001200,0.043600,0.002600,0.017000,0.024300,0.017700,9.0952,0.063800,0.006200,0.000200,0.003000,10.8951,0,0,0,0,0,0,0,50,0,0,0,0,1,1,9,9,2,1,1,4,1,1,1,1,1,1,7,7,1,1,50,9,6,42,76,794,950,0,0,0,0,0,-100,-100,-100,-100,600,1440,107.7673,0,0,-0.000000,-1,0,0,0,1,0,13.7344,5,50,75.1289,13.7344,0,0,48.9844,0,100,0,0,0,0,0,0,0,0,0,0.4038,0.4038,1,0.4038,0.4038,62.4787,8.9635,20141,90,568,135,11017.2930,3604.2695,7254.3555,0,14621.7773,11.0590,2.2388,7.4139,11.0590,2.2397,2.7983,33.3333,6.3189,23.3472,0.000300,0.021700,0.000500,0.000600,0.001800,0.008300,0.000500,0.077400,0.001000,0.018400,0.021500,0.025800,0.3367,0.1906,0.019500,0.006100,0.062200,0,0.047100,0.007400,0.2018,0.006200,0.032900,0.1399,0.015800,0.093000,0.4290,0.6340,0.3322,0.055400,3.3935,0.096300,0.031700,0.038900,0.6905,0.088100,0.002300,0.002600,0.064000,0.1977,0.050200,0.000800,0.6066,999,402268,0,0,0,0,0,0.3873,0,0.001100,0.008700,0,0,0,0,0,0,0,0,0,0,0,0,0,0,0,0,0,0,0
,0.034500,0.016900,2,76,0,74,0,0,14,233,44,0,454,3,0,0,13,2,0,0,0,0,0.009100,0.012400,0.3521,0.005200,0.009200,0.001000,0.9149,0.2025,0.055600,0.1467,0.001000,0.026500,0.001700,1,768,256,11229,3565.7148,15494.9102,239.1602,0.001500,4,0.000300,0.009900,0.002300,0.021700,0.1847,0,0,0.062400,0.3622,2.5101,0.080600,0.000200,0.001200,0.000200,0.000600,0.006900,0.007500,0.042100,0.005000,0.032500,0.1108,0.010800,0.006100,1.3295,0.031400,0.009900,0.036200,0.011900,0.019900,0.071900,0.009300,0.082600,0.002200,0.077300,0.008200,0.067500,0.5934,0.017300,2.5238,0.000200,0.2188,0.000600,0.000400,0.034800,0.3182,0.7453,0.2292,0.9672,0.4839,0.002400,0.012300,0.000500,0.042400,0,8.1782,8.7628,13.0955,634,16,0.2500,0,16,3.8438,1,0,0,629,1,0,115,102,13,0,-1,-1,0,-1,-1,13.9904,4.9185,0,1525.2227,1525.2227,1441.6289,95,870,551,322,0,0,0.001100,0,0,0.015000,0.086300,0.000600,0.012000,0.069000,0.039700,0.001000,0.001700,0.000300,0.001500,0.006300,0.001000,0.004200,0.021800,0.1291,0.057400,0.089000,0.1574,0.039300,0.6139,0.014400,0,0.000200,0.006200,0.065900,0.008400,0.001100,0.000400,0.025400,0.006600,0.012500,0.002000,0.1431,0.015100,0.043900,0.2248,0.084400,0.001300,0.046600,0.002300,0.034600,0.023300,0.020800,7.6743,0.059000,0.006500,0.000200,0,11.2680,0,0,0,0,0,0,0,50,0,0,0,0,1,1,9,9,2,1,1,4,1,1,1,1,1,1,7,7,1,1,50,9,6,42,76,794,950,0,0,0,0,0,-100,-100,-100,-100,600,1440,107.7673,0,0,-0.000000,-1,0,0,0,1,0,13.7344,5,50,75.1289,13.7344,0,0,48.9844,0,100,0,0,0,0,0,0,0,0,0,0.4326,0.4326,1,0.4326,0.4326,9.7722,8.9635,20141,90,568,135,11017.2930,3604.2695,7254.3555,0,14621.5625,10.3182,2.4706,8.4954,10.3182,2.4706,3.1264,33.3333,6.4794,23.0100,0.000700,0.022200,0.000700,0.000700,0.001400,0.008700,0.000700,0.083000,0,0.019500,0.021500,0.033400,0.3627,0.2002,0.021400,0.005200,0.064800,0,0.045000,0.019300,0.2253,0,0.032000,0.1371,0.016500,0.095200,0.4205,0.6784,0.3588,0.060300,2.5108,0.095200,0.030700,0.039100,0.9285,0.077800,0.002200,0.002600,0.065200,0.2028,0.048100,0.000700,0.6603,960,389744,0,2236,1256,0,2.3307,0,0,0,0.008600,0,0,0,0,0,0,0,0,0,0,0,0,0,0,0,0,0,0,0
,0.019700,0.013000,2,69,0,67,0,0,13,233,27,0,454,3,0,0,12,2,0,0,0,0,0.009700,0,0.3572,0.005700,0.010100,0.001000,0.9257,0.1796,0.062300,0.1410,0.001500,0.3856,0.002700,0,768,256,11229,3565.7148,15494.9102,239.1602,0.001600,3,0.000300,0.009000,0.002300,0.016400,0.1948,0,0,0.087900,0.2279,3.0337,0.093700,0.000300,0.001500,0.000200,0.000200,0.008700,0.009100,0.047100,0.005200,0.036400,0.1168,0.012200,0.006500,1.3691,0.033800,0.009200,0.043200,0.012100,0.021700,0.088600,0.011600,0.080400,0.002400,0.087800,0.010900,0.075700,0.6882,0.005400,2.6009,0.000300,0.2120,0.000600,0.000300,0.035000,0.3254,0.8005,0.031000,1.0070,0.1800,0.002000,0.010700,0.000600,0.041500,0,9.3220,8.7628,13.0955,634,16,0.2500,0,16,3.8438,1,0,0,629,1,0,115,102,13,0,-1,-1,0,-1,-1,13.9904,4.9185,0,1525.2227,1525.2227,1525.0977,95,879,535,318,0,0,0.000700,0,0,0.015000,0.086500,0.000600,0.012200,0.068900,0.039400,0.000700,0.001800,0.000300,0.001800,0.006700,0.000900,0.003900,0.023000,0.1244,0.059400,0.075900,0.1717,0.051100,0.3560,0.015300,0,0.000100,0.001700,0.062000,0.009000,0.001500,0.000500,0.024000,0.005600,0.011500,0.001100,0.1407,0.016400,0.040800,0.3902,0.080600,0.001300,0.043300,0.002300,0.035200,0.026000,0.018700,8.5362,0.063900,0.006500,0.000100,0.002500,10.2660,0,0,0,0,0,0,0,50,0,0,0,0,1,1,9,9,2,1,1,4,1,1,1,1,1,1,7,7,1,1,50,9,6,42,76,794,950,0,0,0,0,0,-100,-100,-100,-100,600,1440,107.7673,0,0,-0.000000,-1,0,0,0,1,0,13.7344,5,50,75.1289,13.7344,0,0,48.9844,0,100,0,0,0,0,0,0,0,0,0,0.4276,0.4276,1,0.4276,0.4276,20.8070,8.9635,20141,90,568,135,11016.8008,3604.2695,7254.3555,0,14621.5625,11.1320,2.3283,7.6810,11.1320,2.3283,3.0087,33.3333,6.3640,21.6359,0.000200,0.023100,0.000600,0.000600,0.001600,0.012700,0.000700,0.071700,0,0.021500,0.027600,0.036100,0.7746,0.3016,0.022500,0.006200,0.067200,0,0.046900,0.012200,0.2297,0,0.039500,0.1893,0.016000,0.089400,0.4389,0.7024,0.3885,0.056300,2.0664,0.093200,0.031800,0.039500,0.6941,0.089100,0.002000,0.002500,0.062500,0.1967,0.050200,0.000600,0.6192,946,389712,0,0,0,0,0,0,0,0,0.008400,0,0,0,0,0,0,0,0,0,0,0,0,0,0,0,0,0,0,0
,0.015500,0.090300,2,60,0,58,0,0,13,233,31,0,454,3,0,0,12,2,0,0,0,0,0.008400,0.1583,0.3539,0.006000,0.010600,0.001100,0.8962,0.1996,0.063500,0.1382,0.001200,0.028900,0,1,768,256,11229,3565.7148,15494.9102,239.1602,0.001700,4,0.000300,0.2355,0.001900,0.014000,0.1999,0,0,0.073200,0.2794,3.1025,0.070200,0.000400,0.001200,0.000400,0.000200,0.007900,0.008300,0.050700,0.005200,0.034500,0.1444,0.012300,0.007000,0.8344,0.026300,0.009400,0.027600,0.012200,0.020900,0.086000,0.011900,0.078400,0.002200,0.078100,0.009100,0.076600,0.6882,0.006600,2.4491,0.000500,0.2100,0.000600,0.000400,0.032300,0.3220,0.8004,0.039000,1.0198,0.1432,0.002100,0.010800,0.000400,0.037600,0.1862,9.3764,8.7628,13.0955,634,16,0.2500,0,16,3.8438,1,0,0,629,1,0,115,102,13,0,-1,-1,0,-1,-1,13.9904,4.9185,0,1525.2227,1525.2227,1525.0977,95,879,535,318,0,0,0.001000,0,0,0.015700,0.084100,0.000600,0.012000,0.074400,0.041500,0.000900,0.001400,0.000200,0.001600,0.006400,0.000900,0.003900,0.025400,0.1415,0.060500,0.081800,0.1612,0.048300,0.1809,0.018400,0.5705,0.000300,0.001900,0.078400,0.009200,0.002000,0.000600,0.028700,0.007000,0.012800,0.001200,0.1555,0.015100,0.044700,0.2052,0.069400,0.001100,0.040400,0.002400,0.018500,0.025200,0.019500,8.7469,0.069100,0.011800,0.000300,0.002000,10.9381,0,0,0,0,0,0,0,50,0,0,0,0,1,1,9,9,2,1,1,4,1,1,1,1,1,1,7,7,1,1,50,9,6,42,76,794,950,0,0,0,0,0,-100,-100,-100,-100,600,1440,107.7673,0,0,-0.000000,-1,0,0,0,1,0,13.7344,5,50,75.1289,13.7344,0,0,48.9844,0,100,0,0,0,0,0,0,0,0,0,0.9256,0.9256,1,0.9256,0.9256,32.2172,8.9635,20141,90,568,135,11016.7266,3604.2695,7254.3555,0,14621.0703,11.4299,2.8479,7.7042,11.4299,2.8488,3.0631,33.3333,5.7532,23.3987,0.000300,0.021900,0.000600,0.000600,0.001800,0.006900,0.000600,0.074000,0,0.018500,0.021300,0.025100,0.3626,0.1785,0.019500,0.005100,0.062100,0,0.045000,0.011600,0.086100,0.005100,0.030800,0.1320,0.016100,0.089400,0.4269,0.6557,0.3845,0.059300,3.0854,0.2007,0.053300,0.039100,0.6906,0.094300,0.002100,0.002500,0.062700,0.1966,0.050200,0.000600,0.5862,1029,401034,0,0,0,0,0,0,0,0.001000,0.008500,0,0,0,0,0,0,0,0,0,0,0,0,0,0,0,0,0,0,0
,0.017400,0.016900,2,63,0,61,0,0,13,233,24,0,454,3,0,0,12,2,0,0,0,0,0.008300,0.004300,0.3367,0.006800,0.009600,0.001100,0.8760,0.1690,0.057100,0.1349,0.001200,0.051100,0,0,768,256,11229,3565.7148,15494.9102,239.1602,0.001800,3,0.000100,0.008400,0.002000,0.013300,0.1828,0,0,0.057100,0.3134,3.0831,0.071200,0.000200,0.001200,0.000400,0.000200,0.006700,0.006700,0.046300,0.006200,0.036400,0.1030,0.010400,0.006500,1.4933,0.029200,0.008600,0.033100,0.014500,0.020100,0.095600,0.011400,0.069900,0.002200,0.081200,0.009300,0.069300,0.6429,0.005100,2.4245,0.000200,0.2058,0.000700,0.000300,0.033600,0.3348,0.8450,0.027800,0.9672,0.1644,0.002400,0.012500,0.000400,0.038900,0.4032,9.3060,8.7628,13.0955,634,16,0.2500,0,16,3.8438,1,0,0,629,1,0,115,102,13,0,-1,-1,0,-1,-1,13.9904,4.9185,0,1525.2227,1525.2227,1525.0977,95,879,535,318,0,0,0.000900,0,0,0.015200,0.082900,0.000600,0.011800,0.075500,0.046700,0.000900,0.001600,0.000300,0.001400,0.005900,0.001200,0.004200,0.022800,0.1621,0.060100,0.084600,0.1630,0.044400,0.1644,0.021800,0.1160,0.000400,0.001700,0.071800,0.008500,0.001700,0.000700,0.028100,0.006400,0.013400,0.001000,0.1433,0.015400,0.042200,0.2040,0.068700,0.001000,0.045000,0.002900,0.032800,0.022700,0.017500,8.7279,0.060200,0.006400,0.000200,0,11.5229,0,0,0,0,0,0,0,50,0,0,0,0,1,1,9,9,2,1,1,4,1,1,1,1,1,1,7,7,1,1,50,9,6,42,76,794,950,0,0,0,0,0,-100,-100,-100,-100,600,1440,107.7673,0,0,-0.000000,-1,0,0,0,1,0,13.7344,5,50,75.1289,13.7344,0,0,48.9844,0,100,0,0,0,0,0,0,0,0,0,0.4609,0.4609,1,0.4609,0.4609,43.2378,8.9635,20141,90,568,135,11016.6562,3604.2695,7254.3555,0,14620.9961,10.9621,2.3153,7.8591,10.9621,2.3153,3.5614,33.3333,6.0241,22.5884,0.000200,0.021800,0.000600,0.000600,0.001700,0.007700,0.000600,0.074100,0,0.019400,0.028500,0.038200,0.3394,0.1850,0.019500,0.005100,0.061900,0,0.047700,0.011700,0.089400,0.005100,0.032700,0.1365,0.015800,0.092300,0.4245,0.7620,0.3160,0.055400,2.4620,0.095200,0.031800,0.037900,0.6915,0.086300,0.001900,0.002500,0.061900,0.1966,0.050200,0.000600,0.5898,1068,400260,0,0,0,0,0,0,0,0,0.008100,0,0,0,0,0,0,0,0,0,0,0,0,0,0,0,0,0,0,0
,0.022200,0.016300,2,73,0,71,0,0,14,233,24,0,454,3,0,0,13,2,0,0,0,0,0.008300,0.002600,0.3494,0.006200,0.008700,0.000800,0.9183,0.2076,0.058600,0.1438,0,0.033400,0.002700,0,768,256,11229,3565.7148,15494.9102,239.1602,0.001700,4,0.000300,0.008800,0.002200,0.014500,0.1850,0,0,0.058100,0.3247,3.0188,0.083300,0.000200,0.001700,0.000300,0.000400,0.007800,0.008100,0.048200,0.005600,0.035300,0.1421,0.011700,0.005900,1.6403,0.028600,0.008500,0.041900,0.012600,0.020300,0.084300,0.010400,0.075700,0.002300,0.081400,0.008700,0.070300,0.6184,0.005400,2.3861,0.000400,0.2070,0.000500,0.000400,0.030800,0.3189,1.0579,0.026300,0.9400,0.1188,0.002000,0.009900,0.000500,0.036600,0.1908,10.1149,8.7628,13.0955,634,16,0.2500,0,16,3.8438,1,0,0,629,1,0,115,102,13,0,-1,-1,0,-1,-1,13.9904,4.9185,0,1525.2227,1525.2227,1441.5039,95,879,535,318,0,0,0.000800,0,0,0.016700,0.085000,0.000700,0.013600,0.068000,0.043500,0.000900,0.001600,0.000300,0.001700,0.006500,0.001100,0.003700,0.023000,0.1549,0.059600,0.079600,0.1520,0.037900,0.2022,0.018300,0.051000,0.000200,0.001700,0.062700,0.008100,0.001100,0.000500,0.027300,0.006000,0.011900,0.001100,0.1393,0.016300,0.053400,0.2019,0.067600,0.001000,0.023000,0.002800,0.032600,0.022500,0.018000,9.5437,0.064600,0.006100,0.000100,0,10.9611,0,0,0,0,0,0,0,50,0,0,0,0,1,1,9,9,2,1,1,4,1,1,1,1,1,1,7,7,1,1,50,9,6,42,76,794,950,0,0,0,0,0,-100,-100,-100,-100,600,1440,107.7673,0,0,-0.000000,-1,0,0,0,1,0,13.7344,5,50,75.1289,13.7344,0,0,48.9844,0,100,0,0,0,0,0,0,0,0,0,0.4263,0.4263,1,0.4263,0.4263,54.9271,8.9635,20141,90,568,135,11016.6445,3604.2695,7254.3555,0,14620.9258,11.7544,2.1549,7.2421,11.7544,2.1561,3.0858,33.3333,5.7603,23.1590,0.000200,0.023100,0.000600,0.000600,0.001800,0.007900,0.000600,0.073200,0.001000,0.018500,0.032500,0.038500,0.3511,0.1849,0.019500,0.005100,0.066100,0.001000,0.045000,0.012100,0.080900,0.005200,0.032000,0.1370,0.016300,0.098700,0.4219,0.6944,0.3798,0.057300,2.0716,0.094200,0.033800,0.038900,0.6923,0.098500,0.002300,0.002700,0.061300,0.1976,0.050200,0.000600,0.6285,1024,390168,0,0,0,0,0,0,0.005400,0.001500,0.007900,0,0,0,0,0,0,0,0,0,0,0,0,0,0,0,0,0,0,0
,0.016800,0.011200,2,57,0,55,0,0,13,233,15,0,454,3,0,0,12,2,0,0,0,0,0.010200,0.009700,0.3241,0.007000,0.008900,0.001200,0.8803,0.1949,0.052100,0.1244,0.002100,0.3381,0,1,768,256,11229,3565.7148,15494.9102,239.1602,0.002100,4,0.000500,0.020700,0.002500,0.014100,0.1896,0,0,0.069400,0.2156,3.1221,0.062000,0.000200,0.001100,0.000200,0.000200,0.006800,0.007500,0.042900,0.005300,0.031300,0.1343,0.010400,0.006000,0.4419,0.024700,0.008500,0.027200,0.011300,0.018500,0.099700,0.010900,0.1159,0.002400,0.082400,0.009800,0.079100,0.6652,0.006000,2.4146,0.000200,0.1942,0.000500,0.000300,0.031100,0.3130,0.8067,0.026400,0.9933,0.094200,0.001900,0.011800,0.000500,0.037900,0.066300,10.1939,8.7628,13.0955,634,16,0.2500,0,16,3.8438,1,0,0,629,1,0,115,102,13,0,-1,-1,0,-1,-1,13.9904,4.9185,0,1525.2227,1525.2227,1525.0977,95,907,561,322,0,0,0.000900,0,0,0.015300,0.081900,0.000600,0.011500,0.070300,0.041200,0.000900,0.001700,0.000300,0.001500,0.006300,0.001000,0.003600,0.022600,0.1512,0.054700,0.078200,0.1527,0.046400,0.1825,0.021900,0.070700,0.000100,0.001500,0.063700,0.008200,0.001400,0.000400,0.026300,0.006100,0.012500,0.001200,0.1418,0.016100,0.040900,0.1949,0.068800,0.001100,0.030500,0.002300,0.017700,0.023000,0.018400,9.6338,0.062800,0.007100,0.000100,0,11.6790,0,0,0,0,0,0,0,50,0,0,0,0,1,1,9,9,2,1,1,4,1,1,1,1,1,1,7,7,1,1,50,9,6,42,76,794,950,0,0,0,0,0,-100,-100,-100,-100,600,1440,107.7673,0,0,-0.000000,-1,0,0,0,1,0,13.7344,5,50,75.1289,13.7344,0,0,48.9844,0,100,0,0,0,0,0,0,0,0,0,0.4227,0.4227,1,0.4227,0.4227,5.1945,8.9635,20141,90,568,135,11016.0547,3604.2695,7254.3555,0,14620.9141,11.7009,2.1253,7.2104,11.7009,2.1253,3.0385,33.3333,6.1992,23.3460,0.000300,0.020100,0.000600,0.000700,0.001600,0.007600,0.000600,0.076900,0.001100,0.018400,0.019100,0.025600,0.3423,0.3106,0.019400,0.005200,0.062400,0,0.045500,0.016100,0.083300,0.005100,0.033400,0.1348,0.015900,0.088200,0.4323,0.6987,0.3083,0.055400,2.8098,0.094200,0.031700,0.038900,0.6934,0.092700,0.002200,0.004600,0.061700,0.1957,0.049100,0.000700,0.6021,1019,389928,0.2485,2126,1192,0,1.1887,0.3337,0,0,0.008800,0,0,0,0,0,0,0,0,0,0,0,0,0,0,0,0,0,0,0
,0.015000,0.006500,2,56,0,54,0,0,13,233,12,0,454,3,0,0,12,2,0,0,0,0,0.009300,0.004300,0.3204,0.005500,0.009100,0.001200,0.9236,0.2087,0.054800,0.1510,0.001200,0.024900,0,2,768,256,11229,3565.7148,15494.9102,239.1602,0.001500,4,0.000300,0.008500,0.002200,0.013100,0.1877,0,0,0.063300,0.2856,2.7388,0.066100,0.000200,0.001200,0.000300,0.000200,0.006900,0.007500,0.052900,0.005300,0.033500,0.1316,0.097800,0.008000,0.4870,0.028900,0.009600,0.027000,0.011500,0.019200,0.1033,0.009900,0.073600,0.002500,0.078300,0.009200,0.070900,0.6395,0.006000,2.4130,0.000200,0.1900,0.000800,0.000400,0.032000,0.4076,0.7104,0.026900,1.0504,0.1713,0.002000,0.011300,0.000600,0.037700,0.5998,9.1274,8.7628,13.0955,634,16,0.2500,0,16,3.8438,1,0,0,629,1,0,115,102,13,0,-1,-1,0,-1,-1,13.9904,4.9185,0,1525.2227,1525.2227,1525.0977,95,880,561,322,0,0,0.000900,0,0,0.016300,0.083100,0.000500,0.013000,0.069600,0.038900,0.000800,0.001800,0.000200,0.001300,0.006300,0.001000,0.003900,0.022300,0.1576,0.054800,0.076900,0.1454,0.037100,0.2078,0.017800,0.061600,0.000200,0.001700,0.064400,0.007900,0.001400,0.000600,0.026500,0.006900,0.011900,0.001100,0.1397,0.015100,0.042900,0.2088,0.065100,0.001200,0.043500,0.002800,0.034000,0.022300,0.017800,8.2677,0.063200,0.006300,0.000100,0,11.7070,0,0,0,0,0,0,0,50,0,0,0,0,1,1,9,9,2,1,1,4,1,1,1,1,1,1,7,7,1,1,50,9,6,42,76,794,950,0,0,0,0,0,-100,-100,-100,-100,600,1440,107.7673,0,0,-0.000000,-1,0,0,0,1,0,13.7344,5,50,75.1289,13.7344,0,0,48.9844,0,100,0,0,0,0,0,0,0,0,0,0.4211,0.4211,1,0.4211,0.4211,15.8622,8.9635,20141,90,568,135,11016.0469,3604.2695,7254.3555,0,14620.3242,10.6544,2.0758,7.8807,10.6544,2.0770,3.1361,33.3333,5.9233,23.4949,0.000300,0.022500,0.000600,0.000600,0.001600,0.008100,0.000600,0.075600,0.001000,0.018300,0.021200,0.026500,0.3604,0.2882,0.022500,0.005100,0.062100,0,0.046200,0.013300,0.2092,0.006200,0.031500,0.1361,0.014900,0.087200,0.4241,0.7059,0.3866,0.059200,2.0778,0.093100,0.030800,0.039400,0.6965,0.086300,0.001900,0.002500,0.062100,0.1956,0.050100,0.000600,0.5900,1072,399898,0,0,0,0,0,0.015000,0,0.001400,0.008900,0,0,0,0,0,0,0,0,0,0,0,0,0,0,0,0,0,0,0
,0.021600,0.006400,2,70,0,68,0,0,14,233,29,0,454,3,0,0,13,2,0,0,0,0,0.009600,0.005300,0.3600,0.005500,0.008500,0.001200,0.9155,0.1824,0.057000,0.1394,0.000700,0.026200,0.003000,1,768,256,11229,3565.7148,15494.9102,239.1602,0.001900,4,0.000100,0.009300,0.002100,0.015500,0.1877,0,0,0.077200,0.2863,3.4305,0.090900,0.000200,0.001300,0.000200,0.000300,0.007000,0.007500,0.051200,0.006300,0.034100,0.1711,0.011600,0.006200,2.4283,0.033900,0.008600,0.049900,0.013000,0.021200,0.1050,0.010800,0.083400,0.002400,0.095800,0.011200,0.078300,0.6853,0.005200,2.5201,0.000300,0.2007,0.000600,0.000400,0.030200,0.3195,0.7487,0.023900,0.9787,0.1332,0.001800,0.009000,0.000500,0.033500,0.085700,8.7543,8.7628,13.0955,634,16,0.2500,0,16,3.8438,1,0,0,629,1,0,115,102,13,0,-1,-1,0,-1,-1,13.9904,4.9185,0,1525.2227,1525.2227,1525.0977,95,905,561,322,0,0,0.001100,0,0,0.015400,0.084000,0.000700,0.011300,0.070600,0.051700,0.000900,0.001700,0.000200,0.001600,0.006700,0.001100,0.004200,0.024400,0.1472,0.058700,0.078600,0.1516,0.039900,0.1678,0.024100,0.4221,0.000300,0.001700,0.063100,0.008200,0.001200,0.000600,0.026400,0.006200,0.012200,0.001100,0.1503,0.014300,0.040700,0.2070,0.070600,0.001500,0.044800,0.002500,0.034000,0.022100,0.017200,8.1313,0.082400,0.006900,0.000100,0,10.7525,0,0,0,0,0,0,0,50,0,0,0,0,1,1,9,9,2,1,1,4,1,1,1,1,1,1,7,7,1,1,50,9,6,42,76,794,950,0,0,0,0,0,-100,-100,-100,-100,600,1440,107.7673,0,0,-0.000000,-1,0,0,0,1,0,13.7344,5,50,75.1289,13.7344,0,0,48.9844,0,100,0,0,0,0,0,0,0,0,0,0.7735,0.7735,1,0.7735,0.7735,26.5569,8.9635,20141,90,568,135,11016.0273,3604.2695,7254.3555,0,14620.3164,10.6837,2.8284,7.3298,10.6837,2.8284,2.9727,33.3333,6.5300,22.7480,0.000200,0.023000,0.000700,0.000600,0.001600,0.011300,0.000700,0.074100,0.001100,0.018500,0.028600,0.039500,0.3447,0.2007,0.018500,0.007100,0.063100,0,0.047100,0.012500,0.1997,0.005200,0.032000,0.1372,0.015900,0.1000,0.4285,0.7156,0.2920,0.058300,2.2898,0.094200,0.044000,0.040100,0.6916,0.087200,0.002100,0.004500,0.060900,0.1957,0.049100,0.000600,0.9093,985,398660,0,0,0,0,0,0,0.002700,0,0.008600,0,0,0,0,0,0,0,0,0,0,0,0,0,0,0,0,0,0,0
,0.017600,0.005700,2,63,0,61,0,0,13,233,43,0,454,3,0,0,12,2,0,0,0,0,0.009100,0.018200,0.3402,0.005300,0.009500,0.001100,0.8291,0.2350,0.051300,0.1227,0.001000,0.025800,0.001300,1,768,256,11229,3565.7148,15494.9102,239.1602,0.001900,4,0.000100,0.008300,0.001400,0.014100,0.2131,0,0,0.055300,0.3399,2.8933,0.069000,0.000200,0.001200,0.000200,0.000300,0.006300,0.006600,0.047500,0.005300,0.032600,0.1374,0.014300,0.006600,1.6160,0.030600,0.009600,0.037400,0.012300,0.020100,0.096600,0.009500,0.075800,0.002400,0.077100,0.008400,0.069100,0.5977,0.004300,2.3397,0.000400,0.1775,0.000600,0.000400,0.030200,0.4061,0.8207,0.026000,1.0786,0.4156,0.002400,0.011200,0.000300,0.049600,0.2970,11.0922,8.7628,13.0955,634,16,0.2500,0,16,3.8438,1,0,0,629,1,0,115,102,13,0,-1,-1,0,-1,-1,13.9904,4.9185,0,1525.2227,1525.2227,1441.5039,95,879,535,317,0,0,0.001000,0,0,0.014400,0.083500,0.000700,0.011100,0.074000,0.056000,0.000900,0.001600,0.000400,0.001400,0.005800,0.000900,0.004100,0.023700,0.1979,0.057000,0.094500,0.1602,0.038600,0.2244,0.025600,0.099700,0.000300,0.001700,0.070300,0.009200,0.001300,0.000400,0.027500,0.006800,0.013300,0.001300,0.1598,0.016200,0.044400,0.2095,0.073400,0.001200,0.045000,0.002500,0.020700,0.025100,0.019700,10.4033,0.057200,0.006400,0.000100,0,10.6697,0,0,0,0,0,0,0,50,0,0,0,0,1,1,9,9,2,1,1,4,1,1,1,1,1,1,7,7,1,1,50,9,6,42,76,794,950,0,0,0,0,0,-100,-100,-100,-100,600,1440,107.7673,0,0,-0.000000,-1,0,0,0,1,0,13.7344,5,50,75.1289,13.7344,0,0,48.9844,0,100,0,0,0,0,0,0,0,0,0,0.5549,0.5549,1,0.5549,0.5549,39.3438,8.9635,20141,90,568,135,11001.1055,3604.2695,7254.3555,0,14620.2969,12.8577,2.3574,7.4558,12.8577,2.3587,3.3586,33.3333,5.6285,23.8080,0.000200,0.022000,0.000500,0.000600,0.001800,0.007000,0.000600,0.083300,0.001000,0.021500,0.029500,0.041200,0.3476,0.2253,0.020500,0.005100,0.066600,0,0.044500,0.012700,0.2045,0.006100,0.033100,0.1354,0.022800,0.095000,0.4221,1.4979,0.3129,0.056400,2.1699,0.093200,0.031700,0.038900,0.6912,0.095000,0.001800,0.002500,0.061600,0.2130,0.050200,0.000800,0.7218,1067,401528,0,0,0,0,0,0,0,0.001500,0.008900,0,0,0,0,0,0,0,0,0,0,0,0,0,0,0,0,0,0,0
,0.098500,0.008400,2,73,0,71,0,0,14,233,27,0,454,3,0,0,13,2,0,0,0,0,0,0.009400,0.3612,0.006000,0.009300,0.000800,0.9435,0.1989,0.061000,0.1449,0.001100,0.034600,0,1,768,256,11229,3565.7148,15494.9102,239.1602,0,5,0.000400,0.012500,0.002200,0.017600,0.2015,0,0,0.065400,0.2291,2.8830,0.059700,0.000400,0.001300,0.000200,0.000300,0.007200,0.008300,0.040400,0.005600,0.031500,0.1165,0.011100,0.006300,0.3977,0.028200,0.009500,0.028700,0.011400,0.018700,0.1017,0.009300,0.074400,0.002400,0.1194,0.009600,0.071000,0.6097,0.005200,2.3936,0.000300,0.1944,0.000600,0.000300,0.033800,0.3106,0.8837,0.027700,0.9677,0.1707,0.002000,0.010400,0.000600,0.037100,0.2096,10.1747,8.7628,13.0955,634,16,0.2500,0,16,3.8438,1,0,0,629,1,0,115,102,13,0,-1,-1,0,-1,-1,13.9904,4.9185,0,1525.2227,1525.2227,1525.0977,95,880,535,317,0,0,0.000800,0,0,0.014700,0.080700,0.000500,0.011700,0.070000,0.040300,0.000700,0.001600,0.000200,0.001500,0.006000,0.000900,0.003700,0.022000,0.1522,0.059700,0.078300,0.1581,0.044900,0.2002,0.024500,0.1514,0.000200,0.005900,0.075200,0.008800,0.001400,0.000400,0.024200,0.006400,0.011100,0.001000,0.1373,0.014400,0.041700,0.2041,0.066800,0.001200,0.040300,0.002600,0.033500,0.022500,0.016900,9.5876,0.062800,0.006500,0.000100,0,12.8156,0,0,0,0,0,0,0,50,0,0,0,0,1,1,9,9,2,1,1,4,1,1,1,1,1,1,7,7,1,1,50,9,6,42,76,794,950,0,0,0,0,0,-100,-100,-100,-100,600,1440,107.7673,0,0,-0.000000,-1,0,0,0,1,0,13.7344,5,50,75.1289,13.7344,0,0,48.9844,0,100,0,0,0,0,0,0,0,0,0,0.5375,0.5375,1,0.5375,0.5375,51.2307,8.9635,20141,90,568,135,10994.8516,3604.2695,7254.3555,0,14605.3750,11.8842,2.3618,8.0790,11.8842,2.3618,3.1033,33.3333,5.9669,23.2247,0.000200,0.019400,0.000500,0.000600,0.001600,0.008400,0.000600,0.075600,0.001000,0.021500,0.024700,0.028100,0.3628,0.1832,0.019400,0.005100,0.060600,0.001000,0.048800,0.016500,0.076900,0.005100,0.031300,0.1330,0.016100,0.091900,0.4281,0.7400,0.3280,0.056400,2.4721,0.094200,0.036800,0.039400,0.7449,0.076600,0.001900,0.002500,0.060500,0.1997,0.050200,0.000700,1.0361,1042,394466,0,0,0,0,0,0.2354,0.002100,0,0.009000,0,0,0,0,0,0,0,0,0,0,0,0,0,0,0,0,0,0,0
,0.020900,0.006300,2,60,0,58,0,0,13,233,27,0,454,3,0,0,12,2,0,0,0,0,0.016600,0.004900,0.3343,0.005500,0.009400,0.001000,0.9030,0.2111,0.055300,0.1338,0.001000,0.026800,0,1,768,256,11229,3565.7148,15494.9102,239.1602,0.024100,6,0.000100,0.008900,0.002100,0.022000,0.2130,0,0,0.063900,0.2470,2.8791,0.076700,0.000200,0.001300,0.000300,0.000300,0.007000,0.008100,0.043100,0.005000,0.032000,0.1009,0.009200,0.006300,2.1321,0.030200,0.008800,0.043200,0.012400,0.019200,0.077500,0.010300,0.079400,0.002400,0.1174,0.008400,0.066500,0.6058,0.004800,2.3461,0.000300,0.1994,0.000600,0.000300,0.029100,0.3021,0.7427,0.029900,0.9910,0.1459,0.002000,0.009800,0.000500,0.032000,0.083400,7.5523,8.7628,13.0955,634,16,0.2500,0,16,3.8438,1,0,0,629,1,0,115,102,13,0,-1,-1,0,-1,-1,13.9904,4.9185,0,1525.2227,1525.2227,1525.0977,95,880,535,317,0,0,0.001100,0,0,0.014500,0.080100,0.000600,0.011300,0.075800,0.041100,0.000800,0.001700,0.000400,0.001900,0.007400,0.001100,0.004200,0.025700,0.1452,0.056000,0.078000,0.1605,0.047200,0.1896,0.018500,1.3008,0.000400,0.001600,0.066900,0.008900,0.001300,0.000500,0.027200,0.006500,0.014300,0.001300,0.1505,0.014700,0.044100,0.1979,0.067000,0.001100,0.055900,0.001900,0.031500,0.021100,0.020200,7.0026,0.066100,0.007100,0.000100,0.003200,11.8857,0,0,0,0,0,0,0,50,0,0,0,0,1,1,9,9,2,1,1,4,1,1,1,1,1,1,7,7,1,1,50,9,6,42,76,794,950,0,0,0,0,0,-100,-100,-100,-100,600,1440,107.7673,0,0,-0.000000,-1,0,0,0,1,0,13.7344,5,50,75.1289,13.7344,0,0,48.9844,0,100,0,0,0,0,0,0,0,0,0,1.6685,1.6685,1,1.6685,1.6685,61.6922,8.9635,20141,90,568,135,10988.5234,3604.2695,7254.3555,0,14599.1211,10.4047,3.4343,7.6566,10.4047,3.4343,3.1532,33.3333,6.3795,22.6908,0.000300,0.021800,0.000600,0.000600,0.001500,0.008400,0.000600,0.075200,0,0.018500,0.021700,0.026800,0.3414,0.1861,0.019400,0.006200,0.062000,0,0.055100,0.023800,0.092900,0.005100,0.031600,0.1361,0.015400,0.088600,0.4259,0.7429,0.3241,0.060400,2.4660,0.095300,0.031700,0.038300,0.6840,0.085600,0.002200,0.002500,0.062500,0.1956,0.050200,0.000600,0.6275,1054,398156,0,0,0,0,0,0,0,0,0.007800,0,0,0,0,0,0,0,0,0,0,0,0,0,0,0,0,0,0,0
,0.015500,0.006400,2,64,0,62,0,0,13,233,29,0,454,3,0,0,12,2,0,0,0,0,0.008800,0.008000,0.3315,0.005500,0.009900,0.000900,0.8563,0.1760,0.050300,0.1260,0.000800,0.036700,0.002200,0,768,256,11229,3565.7148,15494.9102,239.1602,0.002000,6,0.000600,0.008400,0.002400,0.2487,0.1847,0,0,0.062400,0.2737,2.9457,0.073600,0.000200,0.001500,0.000200,0.000200,0.008000,0.006800,0.047900,0.004500,0.032500,0.1052,0.010500,0.005700,1.5272,0.027200,0.008000,0.044300,0.012400,0.020000,0.097400,0.022500,0.067700,0.002300,0.1164,0.008200,0.068200,0.7029,0.006100,2.4245,0.000300,0.2062,0.000600,0.000300,0.030200,0.3057,0.9025,0.026700,0.9555,0.1325,0.001800,0.009900,0.000400,0.033300,0.2003,9.9735,8.7628,13.0955,634,16,0.2500,0,16,3.8438,1,0,0,629,1,0,115,102,13,0,-1,-1,0,-1,-1,13.9904,4.9185,0,1525.2227,1525.2227,1525.0977,95,880,535,317,0,0,0.001000,0,0,0.014400,0.077600,0.000700,0.013100,0.082200,0.042900,0.001000,0.001400,0.000300,0.001500,0.006300,0.001100,0.004000,0.025800,0.1666,0.055100,0.082700,0.1485,0.039000,0.1665,0.025500,0.088600,0.000200,0.001600,0.069700,0.008400,0.001300,0.000600,0.025100,0.006200,0.011300,0.000900,0.1518,0.015600,0.038200,0.1967,0.081200,0.001300,0.022900,0.002500,0.022500,0.023900,0.017100,9.5042,0.074700,0.010800,0.000200,0,10.3492,0,0,0,0,0,0,0,50,0,0,0,0,1,1,9,9,2,1,1,4,1,1,1,1,1,1,7,7,1,1,50,9,6,42,76,794,950,0,0,0,0,0,-100,-100,-100,-100,600,1440,107.7673,0,0,-0.000000,-1,0,0,0,1,0,13.7344,5,50,75.1289,13.7344,0,0,48.9844,0,100,0,0,0,0,0,0,0,0,0,0.4407,0.4407,1,0.4407,0.4407,8.7232,8.9635,20141,90,568,135,10984.1914,3604.2734,7254.3555,0,14592.7969,11.5586,2.1218,7.2912,11.5586,2.1218,2.8773,33.3333,5.9476,23.5692,0.000200,0.022200,0.000600,0.000600,0.001700,0.008500,0.000600,0.072900,0.001100,0.018500,0.031300,0.040500,0.3558,0.2961,0.019400,0.005200,0.066000,0,0.045100,0.025400,0.081600,0.005100,0.032500,0.1307,0.016300,0.090400,0.8673,1.1481,0.3769,0.057300,2.0872,0.093200,0.031700,0.039900,0.6933,0.062100,0.001800,0.002600,0.062500,0.1977,0.049100,0.000600,0.6159,1023,390288,0,2369,1330,0,1.2580,0,0,0,0.007600,0,0,0,0,0,0,0,0,0,0,0,0,0,0,0,0,0,0,0
,0.027800,0.011500,2,57,0,55,0,0,13,233,12,0,454,3,0,0,12,2,0,0,0,0,0,0,0.3508,0.005900,0.008500,0.001300,0.8658,0.1973,0.055700,0.1293,0.001100,0.032400,0,1,768,256,11229,3565.7148,15494.9102,239.1602,0.002200,6,0.000400,0.009100,0.002400,0.019800,0.1882,0,0,0.059300,0.2863,2.8718,0.078200,0.000200,0.001200,0.000200,0.000400,0.006500,0.007500,0.047900,0.005900,0.032600,0.1502,0.010400,0.006400,1.2522,0.028800,0.009700,0.028100,0.012200,0.020100,0.076200,0.008600,0.075900,0.002300,0.1002,0.008400,0.067500,0.6515,0.005500,2.4956,0.000600,0.2163,0.001000,0.000400,0.032700,0.3299,0.7693,0.028400,0.9899,0.1565,0.002300,0.010500,0.000500,0.036900,0.3300,9.8152,8.7628,13.0955,634,16,0.2500,0,16,3.8438,1,0,0,629,1,0,115,102,13,0,-1,-1,0,-1,-1,13.9904,4.9185,0,1525.2227,1525.2227,1525.0977,95,880,535,317,0,0,0.000800,0,0,0.014600,0.098600,0.000700,0.012300,0.070500,0.039000,0.001000,0.001500,0.000200,0.001600,0.006100,0.001000,0.003600,0.024200,0.1592,0.065700,0.080800,0.1494,0.034600,0.1857,0.033200,0.077600,0.000300,0.001500,0.068200,0.008400,0.001500,0.000500,0.028200,0.006400,0.013000,0.001200,0.1574,0.016300,0.042700,0.2481,0.075200,0.001600,0.035700,0.003300,0.036700,0.023300,0.030100,9.0962,0.059600,0.006100,0.000100,0,11.7115,0,0,0,0,0,0,0,50,0,0,0,0,1,1,9,9,2,1,1,4,1,1,1,1,1,1,7,7,1,1,50,9,6,42,76,794,950,0,0,0,0,0,-100,-100,-100,-100,600,1440,107.7673,0,0,-0.000000,-1,0,0,0,1,0,13.7344,5,50,75.1289,13.7344,0,0,48.9844,0,100,0,0,0,0,0,0,0,0,0,0.4294,0.4294,1,0.4294,0.4294,20.1156,8.9635,20141,90,568,135,10980.5820,3604.2734,7254.3555,0,14588.4648,11.4906,2.2116,8.1696,11.4906,2.2127,2.9324,33.3333,5.9500,22.5379,0.000200,0.021000,0.000600,0.000600,0.001600,0.008800,0.000600,0.073300,0,0.017500,0.028000,0.038800,0.3378,0.1860,0.019500,0.005100,0.067400,0,0.044700,0.021600,0.087700,0.005200,0.032000,0.1316,0.015500,0.090200,0.4321,0.6124,0.3661,0.056400,2.0889,0.093200,0.040000,0.039000,0.7063,0.070300,0.001700,0.002800,0.073900,0.2028,0.050200,0.000700,0.5987,1039,394847,0.2629,0,0,0,0,0,0.012700,0.001400,0.009200,0,0,0,0,0,0,0,0,0,0,0,0,0,0,0,0,0,0,0
,0.017200,0.017300,2,59,0,57,0,0,13,233,26,0,454,3,0,0,12,2,0,0,0,0,0.018900,0.2362,0.3593,0.006300,0.009400,0.001100,0.8855,0.1881,0.052800,0.1375,0.001100,0.028300,0,1,768,256,11229,3565.7148,15494.9102,239.1602,0.002400,7,0.000200,0.011600,0.002400,0.020000,0.1758,0,0,0.060100,0.3036,3.0738,0.068300,0.000200,0.001300,0.000300,0.000200,0.006300,0.006600,0.046900,0.005600,0.034300,0.1502,0.010800,0.006100,1.2147,0.025500,0.008100,0.031500,0.011400,0.018800,0.073500,0.010200,0.074200,0.002400,0.099800,0.009200,0.070500,0.5851,0.005100,2.3278,0.000300,0.1851,0.000500,0.000400,0.027200,0.3019,0.7568,0.029000,1.0300,0.4283,0.001800,0.012300,0.000500,0.033900,0.1042,9.7599,8.7628,13.0955,634,16,0.2500,0,16,3.8438,1,0,0,629,1,0,115,102,13,0,-1,-1,0,-1,-1,13.9904,4.9185,0,1525.2227,1525.2227,1441.5039,95,908,561,321,0,0,0.001100,0,0,0.015700,0.091600,0.000700,0.012200,0.071800,0.041800,0.000900,0.001700,0.000400,0.001600,0.006700,0.001000,0.004200,0.023100,0.1388,0.059500,0.078000,0.1551,0.042900,0.1716,0.030900,0.071500,0.000100,0.001500,0.073200,0.008400,0.001000,0.000500,0.025400,0.006700,0.011700,0.001500,0.1419,0.014400,0.041000,0.2038,0.070400,0.001100,0.045800,0.002500,0.032500,0.021800,0.017000,9.1061,0.1004,0.006800,0.000100,0,11.3608,0,0,0,0,0,0,0,50,0,0,0,0,1,1,9,9,2,1,1,4,1,1,1,1,1,1,7,7,1,1,50,9,6,42,76,794,950,0,0,0,0,0,-100,-100,-100,-100,600,1440,107.7673,0,0,-0.000000,-1,0,0,0,1,0,13.7344,5,50,75.1289,13.7344,0,0,48.9844,0,100,0,0,0,0,0,0,0,0,0,0.4212,0.4212,1,0.4212,0.4212,31.4428,8.9635,20141,90,568,135,10979.8984,3604.2734,7254.3555,0,14584.8555,11.2822,2.2359,7.2762,11.2822,2.2359,3.0182,33.3333,6.0512,22.8792,0.000200,0.021400,0.000500,0.000600,0.001600,0.009000,0.000600,0.075500,0,0.020500,0.022300,0.040700,0.3557,0.3006,0.021500,0.006100,0.062100,0,0.045700,0.007800,0.080900,0.005100,0.033400,0.1349,0.016300,0.093000,0.4247,0.6950,0.4070,0.057400,2.0786,0.094300,0.031700,0.041200,0.6850,0.084400,0.001900,0.002300,0.062800,0.1966,0.050200,0.000700,0.6129,1088,407807,0,0,0,0,0,0,0,0,0.008200,0,300000,0,0,0,0,0.8000,50000,1,0,0,0,0,0,0,0,0,0,0
,0.015000,0.1140,2,80,0,78,0,0,14,233,42,0,454,3,0,0,13,2,0,0,0,0,0.009000,0.016900,0.3278,0.005300,0.008100,0.000900,0.8738,0.2135,0.053300,0.1278,0.000900,0.039800,0,0,768,256,11229,3565.7148,15494.9102,239.1602,0.001200,6,0.000100,0.007500,0.001900,0.018000,0.1964,0,0,0.066900,0.2351,3.0139,0.072800,0.000300,0.001200,0.000200,0.000300,0.015600,0.008000,0.040500,0.005200,0.032000,0.1312,0.010600,0.005700,0.4037,0.028500,0.008200,0.031300,0.012300,0.018600,0.085900,0.008600,0.071100,0.002600,0.1074,0.010500,0.086300,0.6772,0.005700,2.5325,0.000700,0.2069,0.000500,0.000300,0.030700,0.3079,0.6118,0.027900,0.9230,0.1725,0.002000,0.010500,0.000600,0.031900,0.094700,9.6555,8.7628,13.0955,634,16,0.2500,0,16,3.8438,1,0,0,629,1,0,115,102,13,0,-1,-1,0,-1,-1,13.9904,4.9185,0,1525.2227,1525.2227,1525.0977,95,885,561,321,0,0,0.000900,0,0,0.015100,0.082600,0.000500,0.011800,0.068800,0.042500,0.000900,0.001300,0.000100,0.001300,0.005400,0.001000,0.003700,0.021200,0.1497,0.057700,0.084200,0.1542,0.046700,0.2114,0.018600,0.055200,0.000200,0.001800,0.061800,0.007700,0.001200,0.000600,0.023900,0.006300,0.011800,0.000900,0.1412,0.017900,0.040600,0.1914,0.066000,0.001500,0.040600,0.002800,0.017900,0.023600,0.017400,9.1306,0.063000,0.006900,0.000100,0,11.2463,0,0,0,0,0,0,0,50,0,0,0,0,1,1,9,9,2,1,1,4,1,1,1,1,1,1,7,7,1,1,50,9,6,42,76,794,950,0,0,0,0,0,-100,-100,-100,-100,600,1440,107.7673,0,0,-0.000000,-1,0,0,0,1,0,13.7344,5,50,75.1289,13.7344,0,0,48.9844,0,100,0,0,0,0,0,0,0,0,0,0.4145,0.4145,1,0.4145,0.4145,42.6229,8.9635,20141,90,568,135,10979.8281,3604.2734,7254.3555,0,14584.1719,11.2091,2.1353,7.2567,11.2091,2.1353,2.9802,33.3333,5.9228,23.9808,0.000500,0.022200,0.000600,0.000600,0.001400,0.007700,0.000600,0.074900,0,0.022500,0.019100,0.027100,0.3409,0.2058,0.018400,0.005100,0.067200,0,0.046100,0.009100,0.1979,0.005100,0.032300,0.1341,0.014700,0.090900,0.4334,1.1872,0.3580,0.059400,2.5009,0.094200,0.031700,0.039500,0.6906,0.088300,0.002400,0.002100,0.058600,0.1936,0.050200,0.000700,0.6131,1027,390734,0,0,0,0,0,0,0,0,0.008700,0,0,0,0,0,0,0,0,0,0,0,0,0,0,0,0,0,0,0
,0.026300,0.005900,2,57,0,55,0,0,13,233,11,0,454,3,0,0,12,2,0,0,0,0,0.009700,0.010100,0.3332,0.005900,0.009500,0.001200,0.8389,0.2025,0.052100,0.1297,0.001400,0.031400,0,1,768,256,11229,3565.7148,15494.9102,239.1602,0.002500,7,0.000400,0.007700,0.002000,0.018000,0.2313,0,0,0.053900,0.3363,2.8746,0.058600,0.000300,0.001400,0.000200,0.000300,0.006300,0.005900,0.039500,0.005300,0.032200,0.1250,0.015300,0.006200,1.3031,0.027300,0.009200,0.033000,0.015600,0.018900,0.097200,0.015900,0.071400,0.002300,0.097900,0.013000,0.070400,0.6029,0.004300,2.3385,0.000200,0.1963,0.000600,0.000500,0.031000,0.4454,1.0105,0.042000,1.0040,0.1784,0.001900,0.012400,0.000600,0.034400,0.035800,7.0688,8.7628,13.0955,634,16,0.2500,0,16,3.8438,1,0,0,629,1,0,115,102,13,0,-1,-1,0,-1,-1,13.9904,4.9185,0,1525.2227,1525.2227,1441.5039,95,901,561,321,0,0,0.001000,0,0,0.014900,0.083900,0.000700,0.011600,0.080800,0.047300,0.000800,0.001600,0.000400,0.001600,0.006400,0.001100,0.004000,0.023000,0.1674,0.058500,0.1648,0.1729,0.050000,0.1866,0.022900,1.3291,0.000400,0.001800,0.070100,0.009700,0.002300,0.000500,0.033500,0.005700,0.015200,0.001200,0.1658,0.013500,0.045500,0.2405,0.069100,0.001300,0.057700,0.002200,0.038900,0.023700,0.035600,6.7630,0.066900,0.006200,0.000100,0,11.2913,0,0,0,0,0,0,0,50,0,0,0,0,1,1,9,9,2,1,1,4,1,1,1,1,1,1,7,7,1,1,50,9,6,42,76,794,950,0,0,0,0,0,-100,-100,-100,-100,600,1440,107.7673,0,0,-0.000000,-1,0,0,0,1,0,13.7344,5,50,75.1289,13.7344,0,0,48.9844,0,100,0,0,0,0,0,0,0,0,0,1.7413,1.7413,1,1.7413,1.7413,53.0997,8.9635,20141,90,568,135,10979.8281,3604.2734,7254.3555,0,14584.1016,10.0995,3.5815,7.8393,10.0995,3.6056,3.0900,33.3333,6.0220,23.3002,0.000300,0.021300,0.000600,0.000800,0.001500,0.007000,0.000600,0.072900,0.001000,0.021500,0.026400,0.039900,0.3526,0.2007,0.020500,0.005100,0.067100,0,0.048400,0.008900,0.1975,0.005200,0.032500,0.1349,0.015100,0.093400,0.4255,0.6900,0.3280,0.057400,2.4321,0.095200,0.030800,0.039900,0.6904,0.094100,0.002100,0.004700,0.060800,0.2016,0.049200,0.000600,0.6054,959,386896,0,0,0,0,0,0,0,0.024500,0.008400,0,0,0,0,0,0,0,0,0,0,0,0,0,0,0,0,0,0,0
,0.014400,0.008900,2,57,0,55,0,0,13,233,12,0,454,3,0,0,12,2,0,0,0,0,0.007800,0.003300,0.3373,0.005600,0.008100,0.000900,0.8907,0.1809,0.051100,0.1207,0.000900,0.026700,0,1,768,256,11229,3565.7148,15494.9102,239.1602,0.001400,2,0.000100,0.007800,0.002100,0.019400,0.1973,0,0,0.1007,0.1980,2.8936,0.077200,0.000300,0.001300,0.000200,0.000200,0.006600,0.007600,0.043100,0.005400,0.031900,0.1068,0.010800,0.006100,0.6523,0.026000,0.009100,0.031000,0.011200,0.018000,0.078300,0.009300,0.077000,0.002000,0.077500,0.008500,0.072700,0.5994,0.004400,2.3248,0.000400,0.1831,0.000600,0.000300,0.027500,0.2934,0.6944,0.025200,0.8484,0.1728,0.001600,0.009600,0.000600,0.033200,0,7.8239,8.7628,13.0955,634,16,0.2500,0,16,3.8438,1,0,0,629,1,0,115,102,13,0,-1,-1,0,-1,-1,13.9904,4.9185,0,1525.2227,1525.2227,1525.0977,95,879,535,318,0,0,0.000700,0,0,0.014800,0.078500,0.000500,0.011600,0.073900,0.037400,0.001000,0.001200,0.000200,0.001700,0.005600,0.001200,0.003800,0.022600,0.1504,0.053200,0.071700,0.1575,0.034900,0.1769,0.016900,1.5905,0.000200,0.001600,0.067000,0.009600,0.001600,0.000500,0.027400,0.007200,0.014300,0.001300,0.1451,0.014900,0.042100,0.1987,0.065700,0.001000,0.041500,0.002500,0.033000,0.021000,0.019700,7.2706,0.058600,0.006500,0.000100,0,10.3787,0,0,0,0,0,0,0,50,0,0,0,0,1,1,9,9,2,1,1,4,1,1,1,1,1,1,7,7,1,1,50,9,6,42,76,794,950,0,0,0,0,0,-100,-100,-100,-100,600,1440,107.7673,0,0,-0.000000,-1,0,0,0,1,0,13.7344,5,50,75.1289,13.7344,0,0,48.9844,0,100,0,0,0,0,0,0,0,0,0,1.8790,1.8790,1,1.8790,1.8790,2.6092,8.9635,20141,90,568,135,10979.8281,3604.2734,7254.3555,0,14584.1016,11.2317,3.6649,7.3819,11.2317,3.6649,2.8215,33.3333,5.3461,23.8107,0.000600,0.022400,0.000600,0.000600,0.001800,0.008500,0.000700,0.073700,0.001000,0.019500,0.020700,0.038500,0.3435,0.2002,0.019500,0.006100,0.066900,0,0.045700,0.018700,0.2062,0.006100,0.032600,0.1303,0.015600,0.090000,0.4243,0.7515,0.3269,0.058300,2.4637,0.095200,0.030700,0.039300,0.6910,0.087700,0.001900,0.002400,0.061200,0.1945,0.050200,0.000600,0.6442,991,390360,0,2043,1195,0,1.2166,0,0,0,0.008900,0,0,0,0,0,0,0,0,0,0,0,0,0,0,0,0,0,0,0
,0.036200,0.005400,2,57,0,55,0,0,13,233,13,0,454,3,0,0,12,2,0,0,0,0,0,0,0.3272,0.005600,0.008400,0.001000,0.8370,0.1698,0.053600,0.1268,0.001500,0.026200,0,0,768,256,11229,3565.7148,15494.9102,239.1602,0.001200,2,0.000400,0.018100,0.002300,0.013200,0.2169,0,0,0.065400,0.3084,3.7743,0.065100,0.000200,0.001000,0.000200,0.000300,0.006400,0.006900,0.043100,0.004600,0.031000,0.1720,0.009900,0.005600,0.6215,0.024900,0.007800,0.027700,0.013900,0.018700,0.086900,0.010900,0.078200,0.002200,0.084900,0.009400,0.072300,0.6320,0.004500,2.3230,0.000300,0.1776,0.000600,0.000300,0.028500,0.3663,0.6912,0.024100,0.9017,0.4198,0.001800,0.010900,0.000600,0.034100,0.038400,6.8986,8.7628,13.0955,634,16,0.2500,0,16,3.8438,1,0,0,629,1,0,115,102,13,0,-1,-1,0,-1,-1,13.9904,4.9185,0,1525.2227,1525.2227,1441.5039,95,879,535,318,0,0,0.000800,0,0,0.018200,0.080600,0.000500,0.011800,0.074700,0.039700,0.000700,0.001500,0.000300,0.001700,0.006300,0.001000,0.003400,0.021500,0.1251,0.059400,0.084400,0.1688,0.050400,0.2362,0.018800,1.3860,0.000200,0.001600,0.066700,0.010200,0.001500,0.000500,0.030100,0.006200,0.014200,0.001200,0.1474,0.015400,0.044200,0.1895,0.065600,0.001200,0.044800,0.002400,0.018400,0.022900,0.016200,6.2669,0.055800,0.006700,0.000100,0,10.8382,0,0,0,0,0,0,0,50,0,0,0,0,1,1,9,9,2,1,1,4,1,1,1,1,1,1,7,7,1,1,50,9,6,42,76,794,950,0,0,0,0,0,-100,-100,-100,-100,600,1440,107.7673,0,0,-0.000000,-1,0,0,0,1,0,13.7344,5,50,75.1289,13.7344,0,0,48.9844,0,100,0,0,0,0,0,0,0,0,0,1.7605,1.7605,1,1.7605,1.7605,12.3171,8.9635,20141,90,568,135,10979.8281,3604.2734,7254.3555,0,14584.1016,9.7127,3.4414,7.4274,9.7127,3.4414,3.0672,33.3333,5.6838,24.0276,0.000600,0.021400,0.000500,0.000600,0.001700,0.010100,0.000600,0.075500,0,0.019500,0.020700,0.026100,0.3515,0.1800,0.019400,0.004100,0.061900,0,0.045900,0.010600,0.081000,0.005100,0.031200,0.1334,0.016100,0.095300,0.4277,0.7177,0.3414,0.057200,3.1199,0.096300,0.035800,0.039000,0.6856,0.086800,0.002000,0.002400,0.061300,0.1987,0.049100,0.000600,0.5854,1020,390220,0,0,0,0,0,0,0.007200,0,0.008800,0,0,0,0,0,0,0,0,0,0,0,0,0,0,0,0,0,0,0
,0.089200,0.3025,2,57,0,55,0,0,13,233,11,0,454,3,0,0,12,2,0,0,0,0,0.016800,0.023100,0.3368,0.005100,0.008300,0.000800,0.8313,0.1863,0.049400,0.1239,0.001300,0.023800,0,1,768,256,11229,3565.7148,15494.9102,239.1602,0.060200,5,0.000300,0.011600,0.002200,0.013500,0.1902,0,0,0.061100,0.3376,3.1122,0.061400,0.000200,0.001500,0.000200,0.000200,0.006600,0.006700,0.041600,0.005200,0.030700,0.5750,0.011300,0.005500,0.8745,0.029500,0.009800,0.027900,0.012000,0.018200,0.1034,0.010000,0.073400,0.002200,0.1294,0.009200,0.074500,0.6044,0.005200,2.3877,0.000200,0.1921,0.000700,0.000300,0.032800,0.3140,0.8242,0.035300,1.0352,0.1209,0.002000,0.010000,0.000600,0.053300,0,9.7239,8.7628,13.0955,634,16,0.2500,0,16,3.8438,1,0,0,629,1,0,115,102,13,0,-1,-1,0,-1,-1,13.9904,4.9185,0,1525.2227,1525.2227,1525.0977,95,907,561,322,0,0,0.001000,0,0,0.013200,0.079200,0.000600,0.012000,0.062300,0.037100,0.000700,0.001500,0.000200,0.001500,0.005600,0.000900,0.003400,0.019900,0.1390,0.052800,0.079100,0.1434,0.045900,0.1735,0.016600,0.063800,0.000200,0.004900,0.057800,0.007900,0.001100,0.000500,0.033800,0.006000,0.011200,0.001000,0.1326,0.015000,0.039100,0.2155,0.066800,0.001100,0.020700,0.003500,0.032800,0.035400,0.015800,9.1216,0.061300,0.006400,0.000100,0.003400,9.7308,0,0,0,0,0,0,0,50,0,0,0,0,1,1,9,9,2,1,1,4,1,1,1,1,1,1,7,7,1,1,50,9,6,42,76,794,950,0,0,0,0,0,-100,-100,-100,-100,600,1440,107.7673,0,0,-0.000000,-1,0,0,0,1,0,13.7344,5,50,75.1289,13.7344,0,0,48.9844,0,100,0,0,0,0,0,0,0,0,0,0.3830,0.3830,1,0.3830,0.3830,23.4749,8.9635,20141,90,568,135,10979.8516,3604.2734,7254.3555,0,14584.1016,11.1600,2.0387,7.8695,11.1600,2.0397,2.7143,33.3333,5.4502,23.6375,0.000600,0.024100,0.000600,0.000800,0.001600,0.007700,0.000600,0.072100,0,0.023500,0.029800,0.038900,0.3452,0.1923,0.019400,0.006200,0.066200,0.001100,0.043300,0.011100,0.092500,0.005100,0.031100,0.1327,0.015400,0.088300,0.4258,0.7408,0.3097,0.057300,2.4186,0.094200,0.030700,0.038100,0.6832,0.088300,0.001900,0.002400,0.060200,0.1966,0.054300,0.000600,0.5986,1067,403588,0,0,0,0,0,0,0,0.001200,0.007700,0,0,0,0,0,0,0,0,0,0,0,0,0,0,0,0,0,0,0
,0.014400,0.011200,2,63,0,61,0,0,13,233,44,0,454,3,0,0,12,2,0,0,0,0,0.007900,0.016900,0.3403,0.005500,0.009500,0.001300,1.0021,0.1810,0.075800,0.1370,0.001000,0.029700,0,0,768,256,11229,3565.7148,15494.9102,239.1602,0.001200,5,0.000100,0.009900,0.014900,0.013100,0.1722,0,0,0.064000,0.2777,3.1711,0.066100,0.000200,0.001400,0.000300,0.000200,0.012200,0.007800,0.042800,0.005100,0.032500,0.098700,0.011100,0.006800,0.7935,0.025400,0.008100,0.025900,0.011600,0.018800,0.095600,0.014400,0.073900,0.002300,0.079300,0.008600,0.071200,0.5828,0.004700,2.2906,0.000300,0.1800,0.000500,0.000300,0.027900,0.3056,0.6841,0.022700,0.8900,0.4857,0.001600,0.011400,0.000600,0.033200,0.3733,9.5469,8.7628,13.0955,634,16,0.2500,0,16,3.8438,1,0,0,629,1,0,115,102,13,0,-1,-1,0,-1,-1,13.9904,4.9185,0,1525.2227,1525.2227,1525.0977,95,906,561,322,0,0,0.001100,0,0,0.014400,0.077800,0.000700,0.012400,0.084800,0.042000,0.001000,0.001600,0.000200,0.001700,0.006800,0.001000,0.003900,0.022700,0.1651,0.057100,0.083900,0.1544,0.042200,0.1525,0.024000,0.1439,0.000200,0.002000,0.064100,0.009400,0.001400,0.000500,0.026400,0.006400,0.012100,0.001300,0.1383,0.017400,0.042900,0.2027,0.068800,0.001700,0.029800,0.002400,0.032700,0.022400,0.016800,8.9421,0.061200,0.010300,0.000100,0,11.2359,0,0,0,0,0,0,0,50,0,0,0,0,1,1,9,9,2,1,1,4,1,1,1,1,1,1,7,7,1,1,50,9,6,42,76,794,950,0,0,0,0,0,-100,-100,-100,-100,600,1440,107.7673,0,0,-0.000000,-1,0,0,0,1,0,13.7344,5,50,75.1289,13.7344,0,0,48.9844,0,100,0,0,0,0,0,0,0,0,0,0.4859,0.4859,1,0.4859,0.4859,34.6595,8.9635,20141,90,568,135,10979.8516,3604.2734,7254.3555,0,14584.1250,11.1809,2.2293,7.2532,11.1809,2.2303,3.0306,33.3333,5.0533,23.9945,0.000200,0.023100,0.000600,0.000600,0.001700,0.007100,0.000600,0.072900,0,0.019400,0.029400,0.040000,0.3480,0.1907,0.020500,0.005100,0.061000,0,0.045200,0.011300,0.1971,0.005100,0.031900,0.1415,0.015800,0.087300,0.4291,0.7431,0.3462,0.055200,2.4770,0.095200,0.031800,0.039400,0.6900,0.080400,0.001900,0.002400,0.061100,0.1974,0.050200,0.000700,0.6530,1077,399392,0.051600,0,0,0,0,0,0.002500,0.001100,0.008500,0,0,0,0,0,0,0,0,0,0,0,0,0,0,0,0,0,0,0
,0.014700,0.005900,2,73,0,71,0,0,14,233,28,0,454,3,0,0,13,2,0,0,0,0,0.007300,0.006500,0.3266,0.005700,0.008400,0.001000,0.8566,0.2276,0.049300,0.1255,0.001500,0.3977,0.002100,1,768,256,11229,3565.7148,15494.9102,239.1602,0.001400,5,0.000500,0.008300,0.001900,0.013300,0.1860,0,0,0.058500,0.3064,2.8112,0.068500,0.000300,0.001500,0.000200,0.000200,0.006800,0.008000,0.040500,0.005400,0.029500,0.1024,0.011100,0.005700,1.4194,0.029200,0.008600,0.041000,0.012700,0.019700,0.086500,0.008800,0.073600,0.002100,0.074100,0.009000,0.071900,0.6165,0.005200,2.3008,0.000300,0.1812,0.000700,0.000300,0.030100,0.3006,2.0043,0.026100,1.0017,0.1553,0.002100,0.009900,0.000500,0.036200,0,9.3833,8.7628,13.0955,634,16,0.2500,0,16,3.8438,1,0,0,629,1,0,115,102,13,0,-1,-1,0,-1,-1,13.9904,4.9185,0,1525.2227,1525.2227,1441.5039,95,893,561,322,0,0,0.001800,0,0,0.015600,0.077700,0.000600,0.011700,0.065600,0.040100,0.001000,0.001900,0.000400,0.001700,0.007000,0.001000,0.004100,0.022300,0.1427,0.056300,0.077900,0.1436,0.044100,0.2205,0.018700,0.047100,0.000100,0.001700,0.060400,0.007800,0.001100,0.000400,0.022800,0.005500,0.011700,0.001400,0.1302,0.014200,0.037500,0.1921,0.065300,0.000900,0.046300,0.002300,0.017200,0.024100,0.016800,8.8809,0.057000,0.005900,0.000200,0,11.1862,0,0,0,0,0,0,0,50,0,0,0,0,1,1,9,9,2,1,1,4,1,1,1,1,1,1,7,7,1,1,50,9,6,42,76,794,950,0,0,0,0,0,-100,-100,-100,-100,600,1440,107.7673,0,0,-0.000000,-1,0,0,0,1,0,13.7344,5,50,75.1289,13.7344,0,0,48.9844,0,100,0,0,0,0,0,0,0,0,0,0.4306,0.4306,1,0.4306,0.4306,45.6562,8.9635,20141,90,568,135,10979.8516,3604.2734,7254.3555,0,14584.1250,10.8660,2.1386,7.3558,10.8660,2.1386,2.9334,33.3333,5.6356,24.2851,0.000600,0.020500,0.000600,0.000600,0.001900,0.009600,0.000600,0.078500,0,0.020400,0.027200,0.036000,0.3613,0.2004,0.019500,0.005100,0.067100,0,0.046300,0.013500,0.1916,0.005100,0.032600,0.1401,0.016100,0.097800,0.4306,0.6790,0.3324,0.057300,3.4140,0.096200,0.030700,0.039200,0.6887,0.087300,0.002000,0.002400,0.063500,0.2007,0.050200,0.000600,0.6570,1043,393890,0,0,0,0,0,0,0,0,0.008900,0,0,0,0,0,0,0,0,0,0,0,0,0,0,0,0,0,0,0
,0.028000,0.006100,2,60,0,58,0,0,13,233,26,0,454,3,0,0,12,2,0,0,0,0,0,0.005900,0.3528,0.005200,0.008100,0.000800,0.8853,0.1839,0.047900,0.1295,0.000900,0.035000,0,2,768,256,11229,3565.7148,15494.9102,239.1602,0,5,0.000300,0.007200,0.001900,0.012900,0.1753,0,0,0.058300,0.2705,2.4188,0.066000,0.000200,0.001100,0.000200,0.000300,0.007600,0.007800,0.039000,0.005200,0.031100,0.098200,0.010700,0.005900,0.4763,0.026300,0.008200,0.028000,0.011400,0.018800,0.1012,0.011400,0.1323,0.002500,0.081000,0.007600,0.068800,0.5960,0.004700,2.3232,0.000300,0.1851,0.000700,0.000500,0.028600,0.3064,0.6416,0.024000,1.0883,0.5273,0.002200,0.013200,0.000400,0.037700,0,9.9046,8.7628,13.0955,634,16,0.2500,0,16,3.8438,1,0,0,629,1,0,115,102,13,0,-1,-1,0,-1,-1,13.9904,4.9185,0,1525.2227,1525.2227,1441.5039,95,874,561,322,0,0,0.001000,0,0,0.014200,0.085100,0.000500,0.011800,0.072400,0.040400,0.000800,0.001600,0.000200,0.001400,0.006000,0.001200,0.004200,0.024400,0.1601,0.059000,0.078800,0.1753,0.043900,0.1661,0.019500,0.4018,0.000100,0.001500,0.079400,0.008300,0.001300,0.000700,0.030000,0.006700,0.012600,0.001000,0.1436,0.015200,0.044200,0.2090,0.071600,0.001300,0.062600,0.002300,0.037200,0.022600,0.017900,9.3827,0.055800,0.005700,0.000100,0,10.9596,0,0,0,0,0,0,0,50,0,0,0,0,1,1,9,9,2,1,1,4,1,1,1,1,1,1,7,7,1,1,50,9,6,42,76,794,950,0,0,0,0,0,-100,-100,-100,-100,600,1440,107.7673,0,0,-0.000000,-1,0,0,0,1,0,13.7344,5,50,75.1289,13.7344,0,0,48.9844,0,100,0,0,0,0,0,0,0,0,0,0.4314,0.4314,1,0.4314,0.4314,57.5784,8.9635,20141,90,568,135,10979.8516,3604.2734,7254.3555,0,14584.1250,11.9513,2.4705,8.3170,11.9513,2.4716,3.1338,33.3333,5.4288,23.5852,0.000200,0.018700,0.000500,0.000600,0.001700,0.007700,0.001700,0.071400,0,0.021400,0.027400,0.038800,0.3406,0.2004,0.019400,0.006200,0.066000,0,0.045600,0.015700,0.1974,0.006200,0.033300,0.1306,0.015000,0.094800,0.4260,0.6782,0.3072,0.056400,2.2642,0.095300,0.030700,0.039100,0.7009,0.080500,0.002200,0.004500,0.060600,0.1956,0.049100,0.000600,0.6054,1068,406114,0,0,0,0,0,0,0,0.001600,0.008300,0,0,0,0,0,0,0,0,0,0,0,0,0,0,0,0,0,0,0
,0.3707,0.008900,2,80,0,78,0,0,14,233,45,0,454,3,0,0,13,2,0,0,0,0,0.023000,0,0.3563,0.005600,0.008400,0.001400,0.8680,0.2083,0.052800,0.1269,0.001700,0.030300,0.011200,1,768,256,11229,3565.7148,15494.9102,239.1602,0.002600,0,0.000300,0.008700,0.002100,0.014600,0.1736,0,0,0.061600,0.2616,2.5657,0.065500,0.000200,0.001500,0.000200,0.000200,0.006800,0.008000,0.041800,0.005800,0.030900,0.1289,0.011400,0.005800,1.3216,0.030500,0.008600,0.034100,0.012200,0.019200,0.096500,0.010700,0.1124,0.002700,0.083300,0.008200,0.069900,0.5770,0.004300,2.3162,0.000200,0.1839,0.000600,0.000400,0.030300,0.3631,0.9375,0.032500,0.9724,0.9418,0.002600,0.013000,0.000600,0.039000,0,7.8805,8.7628,13.0955,634,16,0.2500,0,16,3.8438,1,0,0,629,1,0,115,102,13,0,-1,-1,0,-1,-1,13.9904,4.9185,0,1525.2227,1525.2227,1441.5039,95,876,561,322,0,0,0.001000,0,0,0.015500,0.079500,0.000500,0.011200,0.069500,0.041800,0.000900,0.001400,0.000200,0.001500,0.005800,0.000800,0.004100,0.023500,0.1510,0.058500,0.079200,0.1686,0.042200,0.1907,0.018500,0.2480,0.000100,0.001800,0.066400,0.008600,0.001300,0.000400,0.025200,0.006100,0.011900,0.001700,0.1361,0.012800,0.040200,0.2042,0.077600,0.001100,0.039500,0.001900,0.032200,0.023000,0.023300,7.3056,0.058000,0.006100,0.000100,0,11.9383,0,0,0,0,0,0,0,50,0,0,0,0,1,1,9,9,2,1,1,4,1,1,1,1,1,1,7,7,1,1,50,9,6,42,76,794,950,0,0,0,0,0,-100,-100,-100,-100,600,1440,107.7673,0,0,-0.000000,-1,0,0,0,1,0,13.7344,5,50,75.1289,13.7344,0,0,48.9844,0,100,0,0,0,0,0,0,0,0,0,0.5660,0.5660,1,0.5660,0.5660,4.8718,8.9635,20141,90,568,135,10979.8516,3604.2734,7254.3555,0,14584.1250,9.7274,2.3802,7.3472,9.7274,2.3802,2.9279,33.3333,5.5043,23.7344,0.000700,0.019200,0.000600,0.000600,0.001600,0.013100,0.000600,0.072800,0.001000,0.017500,0.026700,0.035100,0.3649,0.2233,0.020500,0.005100,0.067400,0,0.045400,0.014800,0.1963,0.005100,0.033000,0.1385,0.016500,0.1022,0.4173,0.7338,0.3066,0.057400,2.4812,0.094200,0.030700,0.039500,0.6974,0.072400,0.002100,0.002400,0.060600,0.1986,0.050200,0.000500,0.6767,931,386876,0,2348,1290,0,0.9121,0,0,0,0.009700,0,0,0,0,0,0,0,0,0,0,0,0,0,0,0,0,0,0,0
,0.020600,0.022800,2,57,0,55,0,0,13,233,12,0,454,3,0,0,12,2,0,0,0,0,0.008400,0.046700,0.3815,0.005700,0.009000,0.000900,0.9225,0.1779,0.1043,0.1446,0.001000,0.036000,0.001900,1,768,256,11229,3565.7148,15494.9102,239.1602,0.002200,5,0.000400,0.009300,0.002100,0.014300,0.2047,0,0,0.1094,0.2049,2.5723,0.061700,0.000300,0.001600,0.000300,0.000300,0.007300,0.007500,0.040500,0.006000,0.032300,0.1518,0.011600,0.006100,0.8075,0.027900,0.008700,0.027800,0.011600,0.019000,0.091100,0.011200,0.078100,0.002600,0.092300,0.008400,0.068100,0.6249,0.005100,2.3833,0.000200,0.1964,0.000500,0.000400,0.030000,0.3065,0.6142,0.025100,0.9194,0.1409,0.002100,0.009400,0.000400,0.034700,0,8.6277,8.7628,13.0955,634,16,0.2500,0,16,3.8438,1,0,0,629,1,0,115,102,13,0,-1,-1,0,-1,-1,13.9904,4.9185,0,1525.2227,1525.2227,1525.0977,95,876,561,322,0,0,0.001100,0,0,0.015100,0.091800,0.000500,0.011300,0.071500,0.039200,0.000900,0.001600,0.000200,0.001300,0.006300,0.001100,0.003700,0.024700,0.1588,0.059100,0.075400,0.1586,0.052600,0.1621,0.022100,1.2098,0.000100,0.002200,0.066800,0.010900,0.001700,0.000700,0.027800,0.006500,0.013200,0.001100,0.1361,0.013600,0.040300,0.1903,0.070200,0.001200,0.043600,0.001700,0.016700,0.022200,0.023900,8.0614,0.059000,0.006900,0.000100,0,9.6660,0,0,0,0,0,0,0,50,0,0,0,0,1,1,9,9,2,1,1,4,1,1,1,1,1,1,7,7,1,1,50,9,6,42,76,794,950,0,0,0,0,0,-100,-100,-100,-100,600,1440,107.7673,0,0,-0.000000,-1,0,0,0,1,0,13.7344,5,50,75.1289,13.7344,0,0,48.9844,0,100,0,0,0,0,0,0,0,0,0,1.5654,1.5654,1,1.5654,1.5654,16.2439,8.9635,20141,90,568,135,10979.8516,3604.2734,7254.3555,0,14584.1250,11.3766,3.3165,7.4140,11.3766,3.3165,2.8597,33.3333,5.5002,23.9290,0.000800,0.021400,0.000700,0.000700,0.002000,0.007900,0.000500,0.073000,0,0.016300,0.027700,0.036400,0.3460,0.1978,0.020400,0.006200,0.066200,0,0.044600,0.013500,0.1971,0.005100,0.031800,0.1280,0.016100,0.089800,0.4238,0.5875,0.3899,0.058400,2.8547,0.096200,0.030700,0.039200,0.6917,0.084400,0.002000,0.002400,0.061500,0.1957,0.049200,0.000600,0.5969,1008,402648,0,0,0,0,0,0,0.007900,0,0.009200,0,0,0,0,0,0,0,0,0,0,0,0,0,0,0,0,0,0,0
,0.015000,0.009700,2,75,0,73,0,0,14,233,45,0,454,3,0,0,13,2,0,0,0,0,0.008700,0.006800,0.3314,0.006300,0.007700,0.001200,0.8498,0.1907,0.050100,0.1228,0.001500,0.023100,0.007600,1,768,256,11229,3565.7148,15494.9102,239.1602,0.001600,4,0,0.008300,0.002100,0.014900,0.1944,0,0,0.061100,0.2342,2.5366,0.066800,0.000300,0.001400,0.000200,0.000200,0.006400,0.006600,0.046200,0.004900,0.032500,0.1031,0.010900,0.006000,1.4400,0.027000,0.008900,0.038300,0.011700,0.019000,0.081200,0.009000,0.085200,0.002000,0.077600,0.008400,0.071600,0.5924,0.004800,2.3599,0.000300,0.2001,0.000600,0.000300,0.029100,0.2956,0.6203,0.023500,1.0950,0.1213,0.002200,0.009800,0.000400,0.033700,0.3454,7.6668,8.7628,13.0955,634,16,0.2500,0,16,3.8438,1,0,0,629,1,0,115,102,13,0,-1,-1,0,-1,-1,13.9904,4.9185,0,1525.2227,1525.2227,1525.0977,95,877,561,321,0,0,0.001100,0,0,0.015300,0.081500,0.000700,0.011800,0.073800,0.043500,0.001000,0.001800,0.000100,0.001800,0.007100,0.001400,0.013900,0.022700,0.1886,0.060100,0.084800,0.1438,0.038700,0.2074,0.019600,0.4558,0.000100,0.001500,0.067400,0.008900,0.001200,0.000700,0.027400,0.006500,0.013100,0.001100,0.1390,0.014800,0.040900,0.2103,0.067200,0.001000,0.045500,0.001900,0.033700,0.022400,0.017600,7.0993,0.059000,0.010100,0.000100,0,11.3435,0,0,0,0,0,0,0,50,0,0,0,0,1,1,9,9,2,1,1,4,1,1,1,1,1,1,7,7,1,1,50,9,6,42,76,794,950,0,0,0,0,0,-100,-100,-100,-100,600,1440,107.7673,0,0,-0.000000,-1,0,0,0,1,0,13.7344,5,50,75.1289,13.7344,0,0,48.9844,0,100,0,0,0,0,0,0,0,0,0,0.8221,0.8221,1,0.8221,0.8221,25.9561,8.9635,20141,90,568,135,10979.8516,3604.2734,7254.3555,0,14584.1250,9.6887,2.5977,8.1168,9.6887,2.5977,2.9258,33.3333,5.3916,23.9298,0.000300,0.020700,0.000600,0.000600,0.001700,0.007700,0.000700,0.074400,0,0.018500,0.027100,0.039000,0.3486,0.1930,0.019500,0.006100,0.065500,0,0.045200,0.014700,0.1966,0.005100,0.032400,0.1360,0.015400,0.090500,0.4240,0.7718,0.3624,0.058400,2.4791,0.095200,0.030700,0.039200,0.6977,0.080900,0.001800,0.002400,0.063600,0.1987,0.049200,0.000600,0.5983,996,400584,0,0,0,0,0,0,0.006300,0,0.007600,0,0,0,0,0,0,0,0,0,0,0,0,0,0,0,0,0,0,0
,0.015600,0.008800,2,72,0,70,0,0,13,233,42,0,454,3,0,0,12,2,0,0,0,0,0,0.014200,0.3137,0.005600,0.010300,0.001000,0.8614,0.2436,0.054100,0.1289,0.001300,0.032200,0.007000,74,768,256,11229,3565.7148,15494.9102,239.1602,0.001400,3,0.000200,0.007800,0.001800,0.014500,0.1833,0,0,0.054900,0.2721,3.0052,0.066100,0.000300,0.001500,0.000300,0.000300,0.007600,0.007100,0.048800,0.006200,0.035000,0.1095,0.010800,0.006500,2.0386,0.028100,0.008100,0.040500,0.011400,0.019600,0.072100,0.008400,0.072100,0.002300,0.1093,0.007500,0.069700,0.6167,0.007900,2.3212,0.000300,0.1878,0.000500,0.000400,0.028500,0.2967,0.7891,0.023800,0.9252,0.1486,0.001900,0.009500,0.000600,0.034500,0.1775,8.8447,8.7628,13.0955,634,16,0.2500,0,16,3.8438,1,0,0,629,1,0,115,102,13,0,-1,-1,0,-1,-1,13.9904,4.9185,0,1525.2227,1525.2227,1525.0977,95,875,561,321,0,0,0.000900,0,0,0.014200,0.076600,0.000500,0.011500,0.069300,0.039000,0.000800,0.001800,0.000200,0.001800,0.006500,0.000900,0.004000,0.023700,0.1392,0.056100,0.076300,0.1473,0.051700,0.2268,0.021800,0.2545,0.000400,0.001800,0.065400,0.008700,0.001200,0.000300,0.027700,0.006200,0.012100,0.001000,0.1415,0.016300,0.040900,0.2094,0.067500,0.001400,0.020700,0.003100,0.034900,0.021700,0.017100,8.3052,0.058000,0.006100,0.000100,0,9.7437,0,0,0,0,0,0,0,50,0,0,0,0,1,1,9,9,2,1,1,4,1,1,1,1,1,1,7,7,1,1,50,9,6,42,76,794,950,0,0,0,0,0,-100,-100,-100,-100,600,1440,107.7673,0,0,-0.000000,-1,0,0,0,1,0,13.7344,5,50,75.1289,13.7344,0,0,48.9844,0,100,0,0,0,0,0,0,0,0,0,0.6407,0.6407,1,0.6407,0.6407,36.6237,8.9635,20141,90,568,135,10979.8242,3604.2734,7254.3555,0,14584.1250,10.6932,2.3833,7.4263,10.6932,2.3833,2.8590,33.3333,5.6737,23.9040,0.000300,0.016400,0.000500,0.000600,0.001600,0.007800,0.000600,0.072800,0,0.023500,0.024800,0.025600,0.3179,0.2158,0.019500,0.006100,0.063100,0,0.041700,0.021700,0.1846,0.005100,0.033800,0.1421,0.017200,0.1299,0.4451,0.7807,0.4136,0.7885,2.2947,0.094200,0.042000,0.2955,0.7262,0.089700,0.001900,0.002500,0.074300,0.1997,0.049100,0.000600,0.6302,997,400528,0,0,0,0,0,0,0.005700,0,0.008300,0,0,0,0,0,0,0,0,0,0,0,0,0,0,0,0,0,0,0
,0.019100,0.016400,2,72,0,70,0,0,14,233,30,0,454,3,0,0,13,2,0,0,0,0,0.009700,0.007700,0.3315,0.005800,0.009800,0.001000,0.8536,0.2127,0.053200,0.1269,0.000900,0.030400,0,0,768,256,11229,3565.7148,15494.9102,239.1602,0.002700,5,0.000300,0.009100,0.002500,0.019400,0.1723,0,0,0.056800,0.2573,2.6991,0.073500,0.000200,0.001200,0.000300,0.000200,0.006000,0.006700,0.048100,0.006100,0.033200,0.1004,0.012300,0.006600,1.5957,0.029900,0.008700,0.035500,0.011500,0.021800,0.080900,0.011100,0.089700,0.002300,0.1204,0.009100,0.072600,0.6278,0.005200,2.5978,0.000400,0.2233,0.000700,0.000400,0.032200,0.3340,0.6614,0.026100,0.9724,0.1597,0.001900,0.010000,0.000300,0.034000,0.2907,10.0610,8.7628,13.0955,634,16,0.2500,0,16,3.8438,1,0,0,629,1,0,115,102,13,0,-1,-1,0,-1,-1,13.9904,4.9185,0,1525.2227,1525.2227,1525.0977,95,876,561,321,0,0,0.000900,0,0,0.018000,0.082400,0.000800,0.012400,0.072400,0.044300,0.000900,0.001500,0.000300,0.001500,0.006900,0.001200,0.004600,0.023100,0.1542,0.061500,0.091800,0.1619,0.042700,0.2148,0.020100,0.040700,0.000200,0.001600,0.065200,0.009300,0.001200,0.000300,0.025000,0.006100,0.011600,0.001100,0.1398,0.014300,0.049400,0.1881,0.066200,0.001100,0.034100,0.002100,0.016700,0.022800,0.022200,9.4633,0.058900,0.006900,0.000200,0,10.6425,0,0,0,0,0,0,0,50,0,0,0,0,1,1,9,9,2,1,1,4,1,1,1,1,1,1,7,7,1,1,50,9,6,42,76,794,950,0,0,0,0,0,-100,-100,-100,-100,600,1440,107.7673,0,0,-0.000000,-1,0,0,0,1,0,13.7344,5,50,75.1289,13.7344,0,0,48.9844,0,100,0,0,0,0,0,0,0,0,0,0.4213,0.4213,1,0.4213,0.4213,48.2526,8.9635,20141,90,568,135,10979.8242,3604.2734,7254.3555,0,14584.0977,11.6180,2.1696,8.4199,11.6180,2.1696,2.9155,33.3333,5.2093,24.1790,0.000200,0.022700,0.000600,0.000600,0.001800,0.007200,0.000600,0.073300,0.001100,0.016300,0.021500,0.037000,0.3617,0.1966,0.020500,0.006100,0.067800,0,0.041600,0.024700,0.1958,0.005100,0.032600,0.1316,0.015900,0.090700,1.2359,0.7014,0.3206,0.057400,2.2816,0.095300,0.031700,0.038800,0.6894,0.078300,0.001700,0.002400,0.061800,0.1966,0.050200,0.000700,0.6077,974,392294,0.053700,0,0,0,0,0,0,0,0.007900,0,0,0,0,0,0,0,0,0,0,0,0,0,0,0,0,0,0,0
,0.013700,0.006200,2,69,0,67,0,0,13,233,29,0,454,3,0,0,12,2,0,0,0,0,0.019700,0.013800,0.6027,0.005200,0.009100,0.000800,0.8398,0.1880,0.051300,0.1281,0.001200,0.038500,0,1,768,256,11229,3565.7148,15494.9102,239.1602,0.001900,5,0.000200,0.008300,0.002000,0.019500,0.1816,0,0,0.058300,0.2262,2.6166,0.1113,0.000300,0.001400,0.000200,0.000200,0.006900,0.006200,0.049900,0.005100,0.034300,0.1279,0.011100,0.006300,0.5026,0.028600,0.008300,0.027600,0.011900,0.018700,0.096400,0.009500,0.093000,0.002100,0.1249,0.008400,0.071900,0.5908,0.004200,2.3401,0.000300,0.1853,0.000500,0.000400,0.029200,0.3802,0.5903,0.024600,0.8945,0.1272,0.001900,0.010000,0.000500,0.034100,0.2726,9.6701,8.7628,13.0955,634,16,0.2500,0,16,3.8438,1,0,0,629,1,0,115,102,13,0,-1,-1,0,-1,-1,13.9904,4.9185,0,1525.2227,1525.2227,1525.0977,95,874,561,321,0,0,0.000800,0,0,0.015400,0.079900,0.000600,0.013900,0.070200,0.039100,0.000900,0.002000,0.000400,0.001300,0.006000,0.001300,0.003800,0.021900,0.1312,0.057100,0.076100,0.1519,0.041300,0.1819,0.024100,0.2028,0.000400,0.006400,0.064200,0.009300,0.001600,0.000900,0.027200,0.006300,0.012200,0.001300,0.1377,0.014900,0.039200,0.1965,0.068400,0.001200,0.046000,0.002400,0.032300,0.021300,0.015900,9.1720,0.062700,0.006900,0.000100,0,11.6016,0,0,0,0,0,0,0,50,0,0,0,0,1,1,9,9,2,1,1,4,1,1,1,1,1,1,7,7,1,1,50,9,6,42,76,794,950,0,0,0,0,0,-100,-100,-100,-100,600,1440,107.7673,0,0,-0.000000,-1,0,0,0,1,0,13.7344,5,50,75.1289,13.7344,0,0,48.9844,0,100,0,0,0,0,0,0,0,0,0,0.5457,0.5457,1,0.5457,0.5457,59.6576,8.9635,20141,90,568,135,10979.8242,3604.2734,7254.3555,0,14584.0977,11.3691,2.2142,8.2172,11.3691,2.2142,2.8588,33.3333,5.2478,24.3937,0.000300,0.020900,0.000600,0.000700,0.001700,0.008000,0.000600,0.072100,0,0.018400,0.019400,0.026400,0.3401,0.2008,0.019400,0.005100,0.061600,0.001000,0.045200,0.025100,0.1966,0.005200,0.032000,0.1359,0.016400,0.095200,0.4380,0.6942,0.2877,0.056400,2.0586,0.093200,0.031700,0.041800,0.6877,0.086000,0.001900,0.002400,0.063600,0.2007,0.050200,0.000500,0.5997,936,388498,0,0,0,0,0,0.1084,0,0,0.007900,0,0,0,0,0,0,0,0,0,0,0,0,0,0,0,0,0,0,0
,0.012400,0.005900,2,56,0,54,0,0,13,233,12,0,454,3,0,0,12,2,0,0,0,0,0,0.003000,0.3323,0.005800,0.010100,0.001100,0.8430,0.2026,0.052100,0.1245,0.001300,0.038600,0.004100,1,768,256,11229,3565.7148,15494.9102,239.1602,0.001700,5,0.000100,0.007700,0.001800,0.020200,0.1752,0,0,0.054700,0.2863,2.7142,0.077800,0.000200,0.001200,0.000200,0.000300,0.006100,0.006000,0.048600,0.006800,0.038400,0.3336,0.012300,0.006400,1.2900,0.030700,0.008800,0.059700,0.011600,0.019200,0.086500,0.009900,0.077800,0.002300,0.099100,0.010000,0.069900,0.6198,0.005100,2.2905,0.000400,0.1781,0.000600,0.000400,0.030600,0.3113,0.7675,0.023900,0.9996,0.1658,0.001900,0.010200,0.000300,0.035800,0.2937,8.1729,8.7628,13.0955,634,16,0.2500,0,16,3.8438,1,0,0,629,1,0,115,102,13,0,-1,-1,0,-1,-1,13.9904,4.9185,0,1525.2227,1525.2227,1525.0977,95,875,561,321,0,0,0.001700,0,0,0.015300,0.081700,0.000600,0.012400,0.071600,0.041700,0.001000,0.001700,0.000200,0.001600,0.006300,0.001000,0.004300,0.023700,0.1896,0.061500,0.078200,0.1473,0.042700,0.1888,0.017900,0.1379,0.000200,0.001200,0.063200,0.007900,0.001200,0.000500,0.028200,0.006400,0.012000,0.001300,0.1377,0.014800,0.042200,0.2029,0.069200,0.001100,0.042200,0.002300,0.033000,0.022600,0.017000,6.9318,0.058800,0.007300,0.000100,0,11.4056,0,0,0,0,0,0,0,50,0,0,0,0,1,1,9,9,2,1,1,4,1,1,1,1,1,1,7,7,1,1,50,9,6,42,76,794,950,0,0,0,0,0,-100,-100,-100,-100,600,1440,107.7673,0,0,-0.000000,-1,0,0,0,1,0,13.7344,5,50,75.1289,13.7344,0,0,48.9844,0,100,0,0,0,0,0,0,0,0,0,0.5098,0.5098,1,0.5098,0.5098,6.1466,8.9635,20141,90,568,135,10979.8242,3604.2734,7254.3555,0,14584.0977,9.8083,2.2195,7.3484,9.8083,2.2195,2.8260,33.3333,6.0085,24.1602,0.000600,0.021800,0.000600,0.000600,0.001700,0.007700,0.000600,0.074100,0.001000,0.019400,0.030300,0.040500,0.3618,0.3014,0.019400,0.005200,0.062300,0,0.045800,0.019000,0.1909,0.005200,0.032100,0.9765,0.018100,0.1071,0.4304,0.6877,0.3777,0.057300,2.0630,0.093200,0.031700,0.038300,0.6922,0.085700,0.001800,0.002500,0.058500,0.1955,0.051200,0.000700,0.6244,977,396142,0,2399,1333,0,1.2410,0,0.004100,0,0.008700,0,0,0,0,0,0,0,0,0,0,0,0,0,0,0,0,0,0,0
,0.013900,0.015700,2,73,0,71,0,0,14,233,26,0,454,3,0,0,13,2,0,0,0,0,0.016700,0.042700,0.3230,0.005700,0.009000,0.001000,0.8713,0.1808,0.055500,0.1270,0.001100,0.027300,0,1,768,256,11229,3565.7148,15494.9102,239.1602,0.001500,4,0.000200,0.008500,0.001600,0.016400,0.2088,0,0,0.071800,0.3767,2.5602,0.070500,0.000200,0.001300,0.000200,0.000400,0.006500,0.007100,0.041000,0.005100,0.033900,0.1298,0.011000,0.005800,1.3377,0.026200,0.008100,0.035300,0.011900,0.020800,0.083500,0.008500,0.067800,0.002300,0.1023,0.009400,0.069000,0.6322,0.005000,2.4212,0.000200,0.2032,0.000500,0.000400,0.032700,0.3030,0.7631,0.025700,1.0152,0.6015,0.001800,0.011400,0.000400,0.034400,0,9.3586,8.7628,13.0955,634,16,0.2500,0,16,3.8438,1,0,0,629,1,0,115,102,13,0,-1,-1,0,-1,-1,13.9904,4.9185,0,1525.2227,1525.2227,1525.0977,95,879,561,321,0,0,0.001600,0,0,0.015400,0.082100,0.000700,0.012100,0.075400,0.046200,0.000800,0.001500,0.000400,0.001200,0.005400,0.001000,0.003700,0.023800,0.1827,0.060200,0.1244,0.1891,0.050900,0.1718,0.022600,0.1126,0.000200,0.001700,0.071800,0.009500,0.001300,0.000600,0.028800,0.006100,0.013600,0.001000,0.1594,0.018700,0.047600,0.2011,0.086700,0.001400,0.042700,0.002500,0.019400,0.023800,0.018800,8.6725,0.064100,0.007600,0.000100,0,9.8082,0,0,0,0,0,0,0,50,0,0,0,0,1,1,9,9,2,1,1,4,1,1,1,1,1,1,7,7,1,1,50,9,6,42,76,794,950,0,0,0,0,0,-100,-100,-100,-100,600,1440,107.7673,0,0,-0.000000,-1,0,0,0,1,0,13.7344,5,50,75.1289,13.7344,0,0,48.9844,0,100,0,0,0,0,0,0,0,0,0,0.5006,0.5006,1,0.5006,0.5006,17.2162,8.9635,20141,90,568,135,10980.1875,3604.2734,7254.3555,0,14584.0977,11.0737,2.9482,7.9284,11.0737,2.9482,3.0796,33.3333,5.7042,23.5100,0.000300,0.023300,0.000600,0.000600,0.001900,0.008600,0.000500,0.072600,0,0.018400,0.028100,0.037300,0.3328,0.1865,0.019400,0.006200,0.065400,0,0.046200,0.009100,0.2024,0.005100,0.032300,0.1321,0.015300,0.088400,0.4361,0.7060,0.3262,0.057400,2.2263,0.1987,0.047100,0.038100,1.1102,0.4927,0.002100,0.002500,0.064900,0.1987,0.050200,0.000700,0.6322,976,399618,0,0,0,0,0,0,0,0,0.007800,0,0,0,0,0,0,0,0,0,0,0,0,0,0,0,0,0.003100,0,0
,0.015500,0.007200,2,64,0,62,0,0,13,233,41,0,454,3,0,0,12,2,0,0,0,0,0.017000,0.003600,0.3251,0.007900,0.007600,0.001000,1.0107,0.1831,0.049400,0.1173,0.001000,0.029400,0,1,768,256,11229,3565.7148,15494.9102,239.1602,0.001400,1,0.000300,0.008600,0.002000,0.017800,0.1936,0,0,0.064700,0.2364,2.7134,0.062200,0.000400,0.001100,0.000200,0.000400,0.006700,0.006600,0.040200,0.005200,0.034700,0.1010,0.010000,0.005500,0.3880,0.030400,0.008500,0.040900,0.011600,0.019900,0.081200,0.009100,0.072200,0.002100,0.1065,0.012800,0.099800,0.6715,0.006200,2.4493,0.000300,0.1969,0.000600,0.000400,0.030400,0.3127,0.6338,0.024600,0.9152,0.1291,0.001900,0.009500,0.000400,0.033900,0,9.5434,8.7628,13.0955,634,16,0.2500,0,16,3.8438,1,0,0,629,1,0,115,102,13,0,-1,-1,0,-1,-1,13.9904,4.9185,0,1525.2227,1525.2227,1525.0977,95,875,561,321,0,0,0.001200,0,0,0.018400,0.082200,0.000600,0.011900,0.068700,0.039500,0.000800,0.001800,0.000300,0.001600,0.006700,0.001100,0.003900,0.023000,0.1752,0.058500,0.085400,0.1619,0.036900,0.1647,0.024200,0.1303,0.000300,0.001400,0.062000,0.008700,0.001000,0.000600,0.025500,0.005900,0.012100,0.001000,0.1599,0.015100,0.040600,0.2095,0.068000,0.001300,0.043200,0.002800,0.033600,0.024200,0.018200,9.0114,0.080700,0.016000,0.000100,0,10.9592,0,0,0,0,0,0,0,50,0,0,0,0,1,1,9,9,2,1,1,4,1,1,1,1,1,1,7,7,1,1,50,9,6,42,76,794,950,0,0,0,0,0,-100,-100,-100,-100,600,1440,107.7673,0,0,-0.000000,-1,0,0,0,1,0,13.7344,5,50,75.1289,13.7344,0,0,48.9844,0,100,0,0,0,0,0,0,0,0,0,0.4871,0.4871,1,0.4871,0.4871,28.4055,8.9635,20141,90,568,135,10980.1875,3604.2734,7254.3555,0,14584.4609,11.0467,2.1767,7.1654,11.0467,2.1777,3.7214,33.3333,5.5232,24.2009,0.000300,0.021300,0.000600,0.000700,0.001500,0.008900,0.000600,0.072800,0,0.020500,0.019900,0.043400,0.3594,0.2007,0.018400,0.005100,0.062300,0,0.045900,0.007500,0.1766,0.005100,0.032500,0.1438,0.015300,0.089300,0.4306,0.9685,0.3682,0.057300,2.4731,0.094300,0.031700,0.044200,0.6920,0.083200,0.001900,0.002600,0.062600,0.1954,0.049200,0.000700,0.5987,953,391662,0,0,0,0,0,0,0,0.001200,0.008200,0,0,0,0,0,0,0,0,0,0,0,0,0,0,0,0,0,0,0
,0.028500,0.018600,2,57,0,55,0,0,13,233,12,0,454,3,0,0,12,2,0,0,0,0,0.013500,0.015700,0.3300,0.005400,0.009700,0.001000,0.8433,0.1680,0.049700,0.1262,0.001100,0.026200,0.001300,0,768,256,11229,3565.7148,15494.9102,239.1602,0.001400,5,0.000400,0.009000,0.002000,0.018200,0.1848,0,0,0.073400,0.2618,2.7268,0.075400,0.000400,0.001400,0.000200,0.000300,0.008200,0.007400,0.052500,0.007800,0.035300,0.1213,0.013300,0.019800,1.9787,0.030800,0.009000,0.037200,0.011500,0.019100,0.084700,0.010200,0.079600,0.002300,0.087300,0.008800,0.071300,0.5892,0.005200,2.3329,0.000400,0.1886,0.000500,0.000400,0.030400,0.3013,0.8753,0.025300,0.8967,0.1192,0.002600,0.011100,0.000500,0.034600,0.4320,7.9657,8.7628,13.0955,634,16,0.2500,0,16,3.8438,1,0,0,629,1,0,115,102,13,0,-1,-1,0,-1,-1,13.9904,4.9185,0,1525.2227,1525.2227,1525.0977,95,881,561,321,0,0,0.001100,0,0,0.015400,0.080400,0.000400,0.011200,0.068400,0.041900,0.001000,0.001400,0.000200,0.001600,0.006200,0.001100,0.004000,0.026800,0.1395,0.058800,0.080900,0.1542,0.040600,0.1534,0.019800,0.1605,0.000300,0.001800,0.063800,0.008700,0.001600,0.000500,0.025200,0.006400,0.011600,0.001100,0.1375,0.016500,0.041600,0.2056,0.069400,0.001100,0.040600,0.002700,0.032300,0.022700,0.017200,7.4973,0.1498,0.007900,0.000100,0,11.1978,0,0,0,0,0,0,0,50,0,0,0,0,1,1,9,9,2,1,1,4,1,1,1,1,1,1,7,7,1,1,50,9,6,42,76,794,950,0,0,0,0,0,-100,-100,-100,-100,600,1440,107.7673,0,0,-0.000000,-1,0,0,0,1,0,13.7344,5,50,75.1289,13.7344,0,0,48.9844,0,100,0,0,0,0,0,0,0,0,0,0.4224,0.4224,1,0.4224,0.4224,38.1167,8.9635,20141,90,568,135,10980.1211,3604.2734,7254.3555,0,14584.4609,9.5935,2.1651,7.6298,9.5935,2.1651,2.9352,33.3333,5.7948,23.5511,0.000200,0.018500,0.000500,0.000600,0.001800,0.007800,0.000600,0.081200,0,0.022500,0.027900,0.034800,0.3523,0.2031,0.020500,0.005100,0.066600,0,0.057200,0.009900,0.1930,0.006200,0.033300,0.1379,0.015000,0.093900,0.4325,1.1394,0.3417,0.058400,2.4639,0.094200,0.031800,0.039100,0.6906,0.063200,0.001800,0.002500,0.059600,0.1996,0.050200,0.000500,0.6208,950,391342,0,0,0,0,0,0,0,0,0.008400,0,0,0,0,0,0,0,0,0,0,0,0,0,0,0,0,0,0,0
,0.016000,0.016700,2,60,0,58,0,0,13,233,23,0,454,3,0,0,12,2,0,0,0,0,0.008500,0.011200,0.3195,0.006300,0.007900,0.001300,0.8666,0.2426,0.053200,0.1340,0.001100,0.027100,0,0,768,256,11229,3565.7148,15494.9102,239.1602,0.001700,4,0.000100,0.008600,0.001700,0.019500,0.1827,0,0,0.060300,0.2312,2.6112,0.096300,0.000300,0.001400,0.000200,0.000300,0.007400,0.006900,0.040700,0.004800,0.033100,0.1288,0.012200,0.006200,1.1284,0.026700,0.008400,0.042000,0.012300,0.022800,0.084200,0.008500,0.072500,0.002300,0.075400,0.008000,0.067300,0.5846,0.004200,2.3328,0.000300,0.1853,0.000500,0.000300,0.030200,0.4420,0.7531,0.024800,0.9936,0.1899,0.001800,0.010100,0.000600,0.037500,0.1876,9.6693,8.7628,13.0955,634,16,0.2500,0,16,3.8438,1,0,0,629,1,0,115,102,13,0,-1,-1,0,-1,-1,13.9904,4.9185,0,1525.2227,1525.2227,1525.0977,95,878,561,322,0,0,0.000900,0,0,0.014700,0.079800,0.000600,0.011900,0.072200,0.057100,0.000900,0.001500,0.000300,0.001600,0.006300,0.001200,0.004600,0.027400,0.2257,0.059700,0.095400,0.1836,0.057000,0.2236,0.023700,0.043900,0.000200,0.001900,0.068200,0.008300,0.001300,0.000400,0.025800,0.006600,0.012700,0.001000,0.1390,0.014900,0.041300,0.2004,0.073100,0.001300,0.021800,0.003100,0.019300,0.024800,0.016500,9.1158,0.059200,0.006300,0.000100,0,9.7654,0,0,0,0,0,0,0,50,0,0,0,0,1,1,9,9,2,1,1,4,1,1,1,1,1,1,7,7,1,1,50,9,6,42,76,794,950,0,0,0,0,0,-100,-100,-100,-100,600,1440,107.7673,0,0,-0.000000,-1,0,0,0,1,0,13.7344,5,50,75.1289,13.7344,0,0,48.9844,0,100,0,0,0,0,0,0,0,0,0,0.4935,0.4935,1,0.4935,0.4935,49.5258,8.9635,20141,90,568,135,10975.4102,3604.2734,7254.3555,0,14584.3945,11.6471,2.3904,8.2447,11.6471,2.3904,3.3477,33.3333,5.2121,23.8023,0.000200,0.022800,0.000700,0.000600,0.001700,0.007400,0.001700,0.073400,0,0.017400,0.032000,0.037500,0.3403,0.1839,0.019500,0.006100,0.061900,0,0.047500,0.020100,0.2007,0.005100,0.032400,0.1362,0.015700,0.098100,0.4294,0.7385,0.3476,0.055300,2.4412,0.095200,0.031800,0.038400,0.7042,0.087800,0.001800,0.002500,0.058500,0.2294,0.050200,0.000700,1.1670,1016,406128,0,0,0,0,0,0,0,0,0.009200,0,0,0,0,0,0,0,0,0,0,0,0,0,0,0,0,0,0,0
,0.015500,0.008100,2,80,0,78,0,0,14,233,43,0,454,3,0,0,13,2,0,0,0,0,0.009300,0.006000,0.3337,0.007100,0.009100,0.001000,0.8970,0.1824,0.057800,0.1360,0.001400,0.032400,0,0,768,256,11229,3565.7148,15494.9102,239.1602,0.001700,3,0.000100,0.007800,0.002000,0.013300,0.1971,0,0,0.057100,0.2824,2.7690,0.069800,0.000300,0.002700,0.000300,0.000300,0.007400,0.007000,0.044900,0.004800,0.033200,0.1636,0.011200,0.006200,1.6369,0.028100,0.007900,0.037400,0.012200,0.019400,0.080200,0.011200,0.076800,0.002500,0.081500,0.008300,0.070500,0.5821,0.004400,2.3276,0.000300,0.1845,0.000700,0.000300,0.028200,0.3876,0.6460,0.022400,0.9193,0.1505,0.001800,0.009900,0.000500,0.036200,0.014000,8.9320,8.7628,13.0955,634,16,0.2500,0,16,3.8438,1,0,0,629,1,0,115,102,13,0,-1,-1,0,-1,-1,13.9904,4.9185,0,1525.2227,1525.2227,1525.0977,95,877,561,322,0,0,0.000700,0,0,0.013800,0.081900,0.000600,0.011000,0.072300,0.041800,0.001000,0.001700,0.000300,0.001600,0.006400,0.001000,0.004000,0.022200,0.1647,0.055000,0.080500,0.1573,0.046700,0.1750,0.026300,0.1064,0.000200,0.001600,0.066500,0.008700,0.001200,0.000400,0.026500,0.006900,0.012800,0.001200,0.1452,0.017200,0.043700,0.2084,0.070100,0.001100,0.032000,0.003000,0.033600,0.022200,0.018200,8.3417,0.060900,0.006100,0.000100,0,11.4485,0,0,0,0,0,0,0,50,0,0,0,0,1,1,9,9,2,1,1,4,1,1,1,1,1,1,7,7,1,1,50,9,6,42,76,794,950,0,0,0,0,0,-100,-100,-100,-100,600,1440,107.7673,0,0,-0.000000,-1,0,0,0,1,0,13.7344,5,50,75.1289,13.7344,0,0,48.9844,0,100,0,0,0,0,0,0,0,0,0,0.4811,0.4811,1,0.4811,0.4811,60.0923,8.9635,20141,90,568,135,10975.4102,3604.2734,7254.3555,0,14579.6836,10.5398,2.2153,8.0187,10.5398,2.2153,2.9428,33.3333,5.5436,23.9771,0.000300,0.021700,0.000700,0.000600,0.001800,0.008000,0.000600,0.073300,0,0.020500,0.028100,0.054300,0.3564,0.1886,0.019500,0.005100,0.062300,0,0.045500,0.011000,0.2056,0.005200,0.032000,0.1411,0.015400,0.088400,0.4305,0.6915,0.3172,0.056300,2.5540,0.095300,0.030700,0.039500,0.6926,0.080800,0.001900,0.002600,0.063400,0.1967,0.049100,0.000600,0.6193,953,392352,0.1982,0,0,0,0,0,0.005900,0,0.008200,0,0,0,0,0,0,0,0,0,0,0,0,0,0,0,0,0,0,0
,0.027100,0.005500,2,57,0,55,0,0,13,233,14,0,454,3,0,0,12,2,0,0,0,0,0.010700,0.007600,0.3256,0.005100,0.009900,0.000900,0.8566,0.1949,0.048300,0.1234,0.001000,0.024700,0,1,768,256,11229,3565.7148,15494.9102,239.1602,0.003200,4,0.000200,0.2282,0.001900,0.012500,0.1986,0,0,0.054100,0.2589,2.8002,0.066900,0.000200,0.001300,0.000200,0.000400,0.007500,0.007000,0.046800,0.005600,0.036300,0.1088,0.011500,0.006900,0.4853,0.034900,0.011000,0.029300,0.012300,0.018700,0.1004,0.009100,0.077400,0.002300,0.1043,0.009100,0.073700,0.6350,0.006400,2.3919,0.000300,0.1925,0.000600,0.000400,0.032500,0.3773,0.8870,0.026700,0.9314,0.1120,0.002200,0.010200,0.000500,0.039300,0.2052,9.2584,8.7628,13.0955,634,16,0.2500,0,16,3.8438,1,0,0,629,1,0,115,102,13,0,-1,-1,0,-1,-1,13.9904,4.9185,0,1525.2227,1525.2227,1525.0977,95,881,561,322,0,0,0.001000,0,0,0.014700,0.084300,0.000700,0.011300,0.071100,0.043000,0.000800,0.001300,0.000200,0.001700,0.005800,0.000900,0.003900,0.022600,0.1635,0.056300,0.082200,0.1555,0.043100,0.1842,0.017800,0.055200,0.000400,0.001700,0.065700,0.008400,0.001300,0.000500,0.025600,0.006100,0.012900,0.001200,0.1451,0.015300,0.043900,0.2423,0.069100,0.001200,0.045000,0.002800,0.032400,0.036700,0.018300,8.6920,0.062600,0.007300,0.000100,0.001600,10.4801,0,0,0,0,0,0,0,50,0,0,0,0,1,1,9,9,2,1,1,4,1,1,1,1,1,1,7,7,1,1,50,9,6,42,76,794,950,0,0,0,0,0,-100,-100,-100,-100,600,1440,107.7673,0,0,-0.000000,-1,0,0,0,1,0,13.7344,5,50,75.1289,13.7344,0,0,48.9844,0,100,0,0,0,0,0,0,0,0,0,0.4112,0.4112,1,0.4112,0.4112,8.1857,8.9635,20141,90,568,135,10975.4102,3604.2734,7254.3555,0,14579.6836,10.8084,2.0784,7.4078,10.8084,2.0784,2.8941,33.3333,5.6020,23.9118,0.000300,0.020600,0.000600,0.000600,0.001400,0.009900,0.000700,0.075400,0,0.017400,0.020500,0.026200,0.3609,0.1974,0.021500,0.005100,0.061800,0,0.046400,0.011200,0.1979,0.005100,0.032800,0.1400,0.014900,0.087900,0.4272,0.7871,0.3180,0.056300,3.2544,0.095200,0.030700,0.040500,0.6956,0.068100,0.002000,0.002700,0.066000,0.2005,0.049100,0.000500,0.6035,966,395212,0,2354,1328,0,1.2989,0.041100,0,0,0.009300,0,0,0,0,0,0,0,0,0,0,0,0,0,0,0,0,0,0,0
,0.021900,0.007000,2,59,0,57,0,0,13,233,28,0,454,3,0,0,12,2,0,0,0,0,0.008600,0.001400,0.3488,0.006900,0.009200,0.001000,0.9111,0.2097,0.058300,0.1443,0.001100,0.022000,0,1,768,256,11229,3565.7148,15494.9102,239.1602,0.001700,4,0.000200,0.008700,0.002100,0.015600,0.1889,0,0,0.060500,0.2615,2.9599,0.069900,0.000200,0.006000,0.000300,0.000300,0.007200,0.008200,0.049700,0.005200,0.035000,0.1392,0.013200,0.007400,0.2834,0.028800,0.009600,0.034300,0.025400,0.020800,0.1104,0.012700,0.1029,0.002900,0.1040,0.009700,0.076200,0.6787,0.005900,2.5929,0.000300,0.2141,0.000600,0.000400,0.030800,0.3401,0.7191,0.034200,1.1103,0.4978,0.002100,0.012400,0.000500,0.042400,1.1357,8.6085,8.7628,13.0955,634,16,0.2500,0,16,3.8438,1,0,0,629,1,0,115,102,13,0,-1,-1,0,-1,-1,13.9904,4.9185,0,1525.2227,1525.2227,1525.0977,95,882,561,322,0,0,0.000800,0,0,0.015300,0.080000,0.000500,0.012900,0.069900,0.042000,0.000800,0.001400,0.000100,0.001600,0.005700,0.001200,0.003900,0.021600,0.1685,0.056400,0.082500,0.1601,0.045700,0.2017,0.019100,0.1017,0.000300,0.001500,0.063700,0.008600,0.001400,0.000500,0.029000,0.006500,0.012000,0.001100,0.1433,0.015200,0.045700,0.1913,0.070000,0.001100,0.043000,0.002800,0.017500,0.023300,0.017900,8.0164,0.063800,0.007000,0.000100,0,10.8244,0,0,0,0,0,0,0,50,0,0,0,0,1,1,9,9,2,1,1,4,1,1,1,1,1,1,7,7,1,1,50,9,6,42,76,794,950,0,0,0,0,0,-100,-100,-100,-100,600,1440,107.7673,0,0,-0.000000,-1,0,0,0,1,0,13.7344,5,50,75.1289,13.7344,0,0,48.9844,0,100,0,0,0,0,0,0,0,0,0,0.4965,0.4965,1,0.4965,0.4965,18.3508,8.9635,20141,90,568,135,10975.2188,3604.2734,7254.3555,0,14579.6836,10.2298,2.2042,7.4078,10.2298,2.2042,2.9129,33.3333,5.5936,23.2704,0.000200,0.016900,0.000500,0.000600,0.001900,0.007900,0.001400,0.076800,0,0.017300,0.027500,0.036200,0.3533,0.2324,0.019400,0.006200,0.061800,0.001000,0.045100,0.010400,0.1979,0.005200,0.032100,0.1423,0.016600,0.097900,0.4281,0.7123,0.3169,0.056400,2.1474,0.093200,0.031700,0.039100,0.7026,0.088900,0.001800,0.002500,0.062600,0.1984,0.049200,0.000600,0.6171,1045,425130,0,0,0,0,0,0.3168,0.002800,0,0.009000,0,0,0,0,0,0,0,0,0,0,0,0,0,0,0,0,0,0,0
,0.020300,0.007000,2,80,0,78,0,0,14,233,45,0,454,3,0,0,13,2,0,0,0,0,0.008300,0.005000,0.3394,0.006600,0.008600,0.001500,0.9272,0.1957,0.058200,0.1387,0.001400,0.026900,0,1,768,256,11229,3565.7148,15494.9102,239.1602,0.002000,3,0.000300,0.009300,0.002700,0.015400,0.1973,0,0,0.068700,0.3151,2.6876,0.069600,0.000200,0.001300,0.000400,0.000300,0.007100,0.007600,0.043600,0.005100,0.031300,0.1185,0.012000,0.006300,1.1548,0.031300,0.009300,0.030200,0.012400,0.020100,0.1074,0.011100,0.079100,0.002300,0.083200,0.009600,0.071600,0.6051,0.005000,2.3740,0.000500,0.1957,0.000600,0.000400,0.031600,0.3124,1.0234,0.025900,1.1742,0.1370,0.002100,0.011700,0.000500,0.035200,0.029800,10.4088,8.7628,13.0955,634,16,0.2500,0,16,3.8438,1,0,0,629,1,0,115,102,13,0,-1,-1,0,-1,-1,13.9904,4.9185,0,1525.2227,1525.2227,1441.5039,95,880,561,322,0,0,0.001200,0,0,0.028700,0.079200,0.000500,0.012200,0.072400,0.054100,0.001000,0.001800,0.000300,0.001500,0.019600,0.000900,0.004000,0.020800,0.1756,0.070600,0.077300,0.1614,0.042100,0.2043,0.022000,0.1113,0.000400,0.001400,0.063400,0.008400,0.001300,0.000400,0.026300,0.006400,0.012400,0.001100,0.1462,0.015000,0.043400,0.2061,0.066700,0.001100,0.047700,0.002200,0.033900,0.023000,0.017500,9.9646,0.064200,0.007600,0.000100,0,10.3217,0,0,0,0,0,0,0,50,0,0,0,0,1,1,9,9,2,1,1,4,1,1,1,1,1,1,7,7,1,1,50,9,6,42,76,794,950,0,0,0,0,0,-100,-100,-100,-100,600,1440,107.7673,0,0,-0.000000,-1,0,0,0,1,0,13.7344,5,50,75.1289,13.7344,0,0,48.9844,0,100,0,0,0,0,0,0,0,0,0,0.5022,0.5022,1,0.5022,0.5022,30.7000,8.9635,20141,90,568,135,10975.2188,3604.2734,7254.3555,0,14579.4922,12.1282,2.3671,7.2838,12.1282,2.3671,3.1055,33.3333,5.5601,22.2481,0.000200,0.021700,0.000600,0.000500,0.001700,0.010200,0.000700,0.075300,0,0.018400,0.019900,0.035800,0.3415,0.1925,0.018400,0.006200,0.061900,0,0.046800,0.010800,0.1870,0.005100,0.032600,0.1402,0.015900,0.094100,0.4177,0.6757,0.2986,0.057300,2.3265,0.095300,0.030700,0.039600,0.6894,0.099900,0.002000,0.002500,0.062800,0.1955,0.049200,0.000600,0.6126,967,408482,0,0,0,0,0,0,0,0,0.008600,0,0,0,0,0,0,0,0,0,0,0,0,0,0,0,0,0,0,0
,0.019300,0.008800,2,56,0,54,0,0,13,233,13,0,454,3,0,0,12,2,0,0,0,0,0.008300,0.006000,0.3395,0.006200,0.009500,0.001000,0.8766,0.3589,0.056200,0.1296,0.001000,0.027100,0.002500,1,768,256,11229,3565.7148,15494.9102,239.1602,0.001600,5,0.000400,0.011700,0.002400,0.014000,0.1753,0,0,0.060900,0.2124,2.8166,0.068100,0.000300,0.001100,0.000300,0.000200,0.006100,0.007100,0.044600,0.006000,0.031200,0.1419,0.010200,0.006200,1.3694,0.031200,0.008600,0.043700,0.011800,0.019400,0.1026,0.012800,0.082400,0.002600,0.090700,0.009600,0.082900,0.6519,0.005600,2.3622,0.000400,0.1952,0.000600,0.000300,0.032000,0.3383,0.6333,0.025800,0.9278,0.1160,0.001800,0.010300,0.000500,0.036700,0,8.0573,8.7628,13.0955,634,16,0.2500,0,16,3.8438,1,0,0,629,1,0,115,102,13,0,-1,-1,0,-1,-1,13.9904,4.9185,0,1525.2227,1525.2227,1525.0977,95,879,561,322,0,0,0.000800,0,0,0.014900,0.084200,0.000500,0.012000,0.077100,0.043100,0.001100,0.001500,0.000400,0.001800,0.006700,0.001000,0.004500,0.023100,0.1289,0.060000,0.079500,0.1685,0.044700,0.3544,0.020100,0.9970,0.000200,0.005900,0.066000,0.010200,0.001700,0.000700,0.029400,0.006600,0.013800,0.001400,0.1485,0.025600,0.043000,0.2076,0.069200,0.001100,0.045800,0.002400,0.033400,0.021200,0.023600,7.7237,0.057200,0.006000,0.000100,0,12.2037,0,0,0,0,0,0,0,50,0,0,0,0,1,1,9,9,2,1,1,4,1,1,1,1,1,1,7,7,1,1,50,9,6,42,76,794,950,0,0,0,0,0,-100,-100,-100,-100,600,1440,107.7673,0,0,-0.000000,-1,0,0,0,1,0,13.7344,5,50,75.1289,13.7344,0,0,48.9844,0,100,0,0,0,0,0,0,0,0,0,1.4913,1.4913,1,1.4913,1.4913,41.6453,8.9635,20141,90,568,135,10975.2188,3604.2734,7254.3555,0,14579.4922,10.9049,3.2187,7.4613,10.9049,3.2197,2.9342,33.3333,5.4498,22.8369,0.000200,0.021900,0.000600,0.000700,0.001600,0.008500,0.001700,0.072800,0,0.019500,0.032400,0.039300,0.3527,0.1928,0.019500,0.006100,0.068500,0,0.045500,0.015400,0.1818,0.005100,0.032900,0.1370,0.016200,0.091900,0.4270,0.7687,0.3378,0.056300,3.3231,0.094200,0.031700,0.039500,0.7041,0.092300,0.002000,0.002400,0.060600,0.1966,0.050200,0.000800,0.5995,1012,404536,0,0,0,0,0,0,0,0.001200,0.008200,0,0,0,0,0,0,0,0,0,0,0,0,0,0,0,0,0,0,0
,0.018300,0.006100,2,73,0,71,0,0,14,233,28,0,454,3,0,0,13,2,0,0,0,0,0.008300,0.008200,0.3319,0.005900,0.009200,0.000900,0.8853,0.1912,0.052200,0.1310,0.000800,0.026300,0,1,768,256,11229,3565.7148,15494.9102,239.1602,0.001900,4,0.000300,0.008600,0.002500,0.014700,0.1968,0,0,0.066600,0.2614,2.7310,0.068600,0.000300,0.001100,0.000300,0.000300,0.006600,0.007300,0.046900,0.005100,0.035500,0.1177,0.010900,0.006900,1.0919,0.027200,0.009600,0.033700,0.012000,0.019300,0.077400,0.009700,0.073000,0.002200,0.077500,0.008300,0.071900,0.5890,0.004700,2.3070,0.000300,0.1768,0.001000,0.000400,0.030400,0.3778,0.7201,0.027700,0.9866,0.1530,0.002900,0.010600,0.000500,0.040200,0.4979,8.5622,8.7628,13.0955,634,16,0.2500,0,16,3.8438,1,0,0,629,1,0,115,102,13,0,-1,-1,0,-1,-1,13.9904,4.9185,0,1525.2227,1525.2227,1525.0977,95,879,561,322,0,0,0.001100,0,0,0.014700,0.083200,0.000500,0.012300,0.071700,0.037900,0.001000,0.001600,0.000100,0.001500,0.006000,0.001000,0.003900,0.020900,0.1611,0.055700,0.071600,0.1490,0.037700,0.2130,0.018700,0.3385,0.000300,0.001700,0.067000,0.009200,0.001100,0.000500,0.027300,0.006400,0.013000,0.001100,0.1490,0.015400,0.044200,0.2131,0.072800,0.001200,0.047700,0.002400,0.019300,0.024000,0.033300,7.9568,0.061900,0.007000,0.000100,0,10.9204,0,0,0,0,0,0,0,50,0,0,0,0,1,1,9,9,2,1,1,4,1,1,1,1,1,1,7,7,1,1,50,9,6,42,76,794,950,0,0,0,0,0,-100,-100,-100,-100,600,1440,107.7673,0,0,-0.000000,-1,0,0,0,1,0,13.7344,5,50,75.1289,13.7344,0,0,48.9844,0,100,0,0,0,0,0,0,0,0,0,0.4339,0.4339,1,0.4339,0.4339,51.9929,8.9635,20141,90,568,135,10975.0078,3604.2734,7254.3555,0,14579.4922,10.6018,2.3639,8.2277,10.6018,2.3650,3.0357,33.3333,5.2225,22.4284,0.000200,0.022400,0.000700,0.000700,0.001700,0.007200,0.000600,0.072800,0.001000,0.020500,0.028200,0.039700,0.3392,0.2947,0.019400,0.006200,0.064600,0,0.045600,0.015000,0.2023,0.006200,0.032600,0.1353,0.016400,0.097000,0.4190,0.7193,0.3848,0.056400,2.0758,0.093200,0.030700,0.038200,0.6957,0.089700,0.001800,0.002400,0.060800,0.1946,0.050200,0.000600,0.6017,951,417140,0,0,0,0,0,0,0,0.001300,0.007300,0,0,0,0,0,0,0,0,0,0,0,0,0,0,0,0,0,0,0
,0.027000,0.005700,2,57,0,55,0,0,13,233,13,0,454,3,0,0,12,2,0,0,0,0,0,0,0.3521,0.006200,0.009600,0.000900,0.9660,0.1746,0.063300,0.1538,0,0.031700,0,1,768,256,11229,3565.7148,15494.9102,239.1602,0,3,0.000200,0.008700,0.002400,0.015800,0.2103,0,0,0.064900,0.2545,2.6694,0.091700,0.000300,0.001000,0.000300,0.000200,0.007000,0.006500,0.043500,0.005300,0.032700,0.1666,0.011700,0.006400,0.3866,0.027500,0.008600,0.037100,0.012600,0.020200,0.089500,0.009800,0.077700,0.002100,0.091700,0.009700,0.076200,0.6191,0.005600,2.3411,0.000200,0.1951,0.000500,0.000500,0.029900,0.3091,0.6672,0.025400,0.9018,0.1683,0.001900,0.009600,0.000500,0.036800,0.3310,8.8935,8.7628,13.0955,634,16,0.2500,0,16,3.8438,1,0,0,629,1,0,115,102,13,0,-1,-1,0,-1,-1,13.9904,4.9185,0,1525.2227,1525.2227,1525.0977,95,874,561,322,0,0,0.000900,0,0,0.015200,0.085300,0.000900,0.012400,0.073000,0.040600,0.000900,0.001800,0.000400,0.001800,0.006800,0.001100,0.004200,0.023600,0.1404,0.055900,0.078100,0.1611,0.044400,0.1708,0.025300,0.3518,0.000300,0.002000,0.066500,0.009400,0.001500,0.000800,0.027400,0.006200,0.012400,0.001200,0.1478,0.017100,0.046400,0.2094,0.074000,0.001200,0.023400,0.003800,0.032900,0.023100,0.017700,8.3164,0.058400,0.006000,0.000200,0,10.4348,0,0,0,0,0,0,0,50,0,0,0,0,1,1,9,9,2,1,1,4,1,1,1,1,1,1,7,7,1,1,50,9,6,42,76,794,950,0,0,0,0,0,-100,-100,-100,-100,600,1440,107.7673,0,0,-0.000000,-1,0,0,0,1,0,13.7344,5,50,75.1289,13.7344,0,0,48.9844,0,100,0,0,0,0,0,0,0,0,0,0.6896,0.6896,1,0.6896,0.6896,62.7471,8.9635,20141,90,568,135,10974.9414,3604.2734,7254.3555,0,14579.2812,10.7497,2.4665,7.3519,10.7497,2.4665,2.9323,33.3333,5.5229,22.8804,0.000200,0.023600,0.000600,0.000600,0.001800,0.008500,0.000800,0.074600,0.001000,0.020500,0.026500,0.036500,0.3619,0.1968,0.019400,0.005200,0.062100,0,0.045500,0.013100,0.1700,0.006200,0.032200,0.1374,0.016100,0.092300,0.4245,0.7494,0.3370,0.060400,2.4606,0.095200,0.030700,0.039000,0.6920,0.068300,0.001900,0.002300,0.062400,0.1965,0.049100,0.000700,0.6492,947,404118,0,0,0,0,0,0,0,0,0.008700,0,0,0,0,0,0,0,0,0,0,0,0,0,0,0,0,0,0,0
,0.018100,0.012500,2,57,0,55,0,0,13,233,11,0,454,3,0,0,12,2,0,0,0,0,0.017100,0.018300,0.3197,0.006700,0.009000,0.001200,0.8397,0.2009,0.053400,0.1269,0.002600,0.020800,0.002400,0,768,256,11229,3565.7148,15494.9102,239.1602,0.002700,6,0.000100,0.008700,0.002000,0.014600,0.2042,0,0,0.059000,0.3216,2.5946,0.063100,0.000300,0.001200,0.000200,0.000500,0.006800,0.007100,0.044400,0.006600,0.031800,0.1068,0.010300,0.006600,1.4286,0.027600,0.009200,0.039200,0.012000,0.019500,0.078800,0.009600,0.071800,0.002100,0.081400,0.008600,0.070100,0.6359,0.005700,2.4320,0.000200,0.2008,0.000800,0.000300,0.031000,0.3095,0.8682,0.025400,0.9624,0.1653,0.002000,0.010200,0.000500,0.033400,0,8.0693,8.7628,13.0955,634,16,0.2500,0,16,3.8438,1,0,0,629,1,0,115,102,13,0,-1,-1,0,-1,-1,13.9904,4.9185,0,1525.2227,1525.2227,1441.5039,95,875,561,321,0,0,0.000900,0,0,0.015600,0.083900,0.000700,0.013200,0.071800,0.043100,0.001000,0.001700,0.000200,0.001400,0.005900,0.000900,0.003900,0.023400,0.1495,0.056000,0.080400,0.1558,0.042600,0.1902,0.019800,0.3652,0.000100,0.001800,0.069000,0.009100,0.001400,0.000700,0.026900,0.006200,0.012900,0.001000,0.1617,0.016300,0.043400,0.2100,0.072800,0.001300,0.032800,0.002200,0.034000,0.022500,0.017300,7.7774,0.078700,0.006800,0.000100,0,10.5798,0,0,0,0,0,0,0,50,0,0,0,0,1,1,9,9,2,1,1,4,1,1,1,1,1,1,7,7,1,1,50,9,6,42,76,794,950,0,0,0,0,0,-100,-100,-100,-100,600,1440,107.7673,0,0,-0.000000,-1,0,0,0,1,0,13.7344,5,50,75.1289,13.7344,0,0,48.9844,0,100,0,0,0,0,0,0,0,0,0,0.7341,0.7341,1,0.7341,0.7341,11.4050,8.9635,20141,90,568,135,10974.6523,3604.2734,7254.3555,0,14579.2148,9.8009,2.2918,7.3929,9.8009,2.2930,3.0407,33.3333,6.3138,22.1684,0.000500,0.021800,0.000600,0.000800,0.001600,0.008100,0.000600,0.071100,0,0.019500,0.033700,0.038500,0.3389,0.1895,0.019400,0.006200,0.064400,0,0.045800,0.012300,0.1896,0.006100,0.032400,0.1373,0.015700,0.089900,1.0995,0.7244,0.3658,0.057300,2.4575,0.095200,0.031800,0.038800,0.6924,0.090900,0.002200,0.002600,0.059200,0.1966,0.049200,0.000700,0.6183,975,398492,0.051600,2028,1198,0,2.4021,0,0,0.001400,0.008400,0,0,0,0,0,0,0,0,0,0,0,0,0,0,0,0,0,0,0
,0.015900,0.008900,2,64,0,62,0,0,13,233,47,0,454,3,0,0,12,2,0,0,0,0,0,0.010000,0.3368,0.005600,0.009300,0.001000,0.8651,0.1678,0.051600,0.1256,0.001400,0.029900,0,1,768,256,11229,3565.7148,15494.9102,239.1602,0,3,0.000400,0.009100,0.002200,0.014300,0.1808,0,0,0.063900,0.2526,2.5925,0.061600,0.000200,0.001700,0.000200,0.000300,0.006800,0.007400,0.050000,0.004800,0.032000,0.1260,0.011300,0.006700,0.4917,0.026200,0.008100,0.028200,0.012100,0.018700,0.094300,0.008600,0.076400,0.002200,0.1143,0.008800,0.071500,0.6241,0.005000,2.3546,0.000300,0.1877,0.000500,0.000300,0.027700,0.3007,0.9371,0.024000,0.9136,0.1883,0.003200,0.011300,0.000500,0.036400,0.094100,7.8222,8.7628,13.0955,634,16,0.2500,0,16,3.8438,1,0,0,629,1,0,115,102,13,0,-1,-1,0,-1,-1,13.9904,4.9185,0,1525.2227,1525.2227,1441.5039,95,879,561,321,0,0,0.001200,0,0,0.020000,0.084900,0.000800,0.013300,0.075600,0.042000,0.000900,0.001600,0.000200,0.001700,0.006200,0.001000,0.004200,0.023800,0.1415,0.057500,0.077200,0.1567,0.047500,0.1516,0.020400,1.2741,0.000500,0.001600,0.066000,0.009200,0.001300,0.000600,0.028200,0.006800,0.013700,0.001100,0.1518,0.015100,0.043500,0.2040,0.070000,0.001200,0.052700,0.002400,0.017200,0.022900,0.024600,7.2662,0.057200,0.007100,0.000100,0,10.1393,0,0,0,0,0,0,0,50,0,0,0,0,1,1,9,9,2,1,1,4,1,1,1,1,1,1,7,7,1,1,50,9,6,42,76,794,950,0,0,0,0,0,-100,-100,-100,-100,600,1440,107.7673,0,0,-0.000000,-1,0,0,0,1,0,13.7344,5,50,75.1289,13.7344,0,0,48.9844,0,100,0,0,0,0,0,0,0,0,0,1.5925,1.5925,1,1.5925,1.5925,21.8823,8.9635,20141,90,568,135,10974.6523,3604.2734,7254.3555,0,14578.9258,10.7489,3.2430,8.0418,10.7489,3.2440,2.8581,33.3333,5.3836,23.6730,0.000300,0.021700,0.000500,0.000700,0.001700,0.010500,0.000500,0.076400,0,0.017400,0.020500,0.035200,0.3524,0.1858,0.019500,0.005100,0.062600,0,0.045500,0.015400,0.1900,0.005200,0.033300,0.1386,0.015800,0.090900,0.4369,0.5882,0.3927,0.057300,2.0775,0.094200,0.030700,0.049400,0.6838,0.086900,0.001800,0.002700,0.062700,0.1987,0.050200,0.000600,0.5893,934,400554,0,0,0,0,0,0.2101,0,0.001200,0.008400,0,0,0,0,0,0,0,0,0,0,0,0,0,0,0,0,0,0,0
,0.014100,0.015300,2,57,0,55,0,0,13,233,13,0,454,3,0,0,12,2,0,0,0,0,0.019000,0.011500,0.3250,0.006400,0.008500,0.001000,0.8511,0.1916,0.051300,0.1264,0.001000,0.029800,0,1,768,256,11229,3565.7148,15494.9102,239.1602,0.003100,7,0.000200,0.008800,0.001700,0.019300,0.1971,0,0,0.062800,0.2955,2.5731,0.069300,0.000300,0.001400,0.000200,0.000200,0.006900,0.006700,0.043500,0.004900,0.046100,0.1296,0.010800,0.006300,1.2961,0.029400,0.009000,0.033600,0.012400,0.018700,0.091000,0.014100,0.081200,0.002500,0.1266,0.009400,0.070200,0.5998,0.004800,2.3338,0.000200,0.1779,0.000600,0.000300,0.028300,0.3573,0.5710,0.023300,0.9093,0.4196,0.001700,0.010600,0.000500,0.036300,0,8.5709,8.7628,13.0955,634,16,0.2500,0,16,3.8438,1,0,0,629,1,0,115,102,13,0,-1,-1,0,-1,-1,13.9904,4.9185,0,1525.2227,1525.2227,1525.0977,95,871,551,321,0,0,0.000800,0,0,0.013900,0.077000,0.000400,0.014600,0.070100,0.041500,0.000900,0.002000,0.000300,0.002100,0.007400,0.001000,0.004200,0.024400,0.1420,0.059300,0.080500,0.1600,0.036300,0.1775,0.031900,0.071700,0.000200,0.001600,0.065200,0.008700,0.001300,0.000600,0.023500,0.005600,0.012300,0.001200,0.1448,0.015500,0.040700,0.2062,0.070100,0.001200,0.040300,0.003200,0.032100,0.022400,0.017000,8.1130,0.070500,0.007000,0.000100,0,10.5103,0,0,0,0,0,0,0,50,0,0,0,0,1,1,9,9,2,1,1,4,1,1,1,1,1,1,7,7,1,1,50,9,6,42,76,794,950,0,0,0,0,0,-100,-100,-100,-100,600,1440,107.7673,0,0,-0.000000,-1,0,0,0,1,0,13.7344,5,50,75.1289,13.7344,0,0,48.9844,0,100,0,0,0,0,0,0,0,0,0,0.4215,0.4215,1,0.4215,0.4215,32.0211,8.9635,20141,90,568,135,10974.6523,3604.2734,7254.3555,0,14578.9258,10.0627,2.0420,7.3387,10.0627,2.0420,2.9396,33.3333,6.0771,23.9005,0.000600,0.020700,0.000600,0.000600,0.001700,0.007800,0.001600,0.073600,0,0.021400,0.027100,0.039100,0.3689,0.6597,0.019400,0.006200,0.061500,0,0.045700,0.024100,0.1847,0.005100,0.031900,0.5825,0.040700,0.099000,0.4332,0.6780,0.3056,0.057300,2.2804,0.093200,0.030700,0.039200,0.7081,0.088900,0.002000,0.002500,0.060300,0.1975,0.049100,0.000500,0.7058,978,396890,0,0,0,0,0,0,0,0,0.008300,0,0,0,0,0,0,0,0,0,0,0,0,0,0,0,0,0,0,0
,0.014700,0.2453,2,60,0,58,0,0,13,233,31,0,454,3,0,0,12,2,0,0,0,0,0.011800,0.009100,0.3387,0.005600,0.008400,0.000900,0.8484,0.1699,0.050700,0.1243,0.001100,0.042700,0,1,768,256,11229,3565.7148,15494.9102,239.1602,0.002100,3,0.000200,0.009100,0.002000,0.018800,0.1950,0,0,0.061900,0.2113,3.0258,0.058900,0.000200,0.001100,0.000200,0.000200,0.008400,0.007100,0.037300,0.004700,0.030400,0.1367,0.011400,0.005800,0.7931,0.028300,0.009600,0.037100,0.011700,0.020100,0.085000,0.010100,0.076400,0.002600,0.1191,0.008400,0.070800,0.5960,0.004900,2.3587,0.000400,0.2168,0.000700,0.000400,0.032100,0.3087,0.6948,0.024500,0.9331,0.1021,0.001900,0.009700,0.000500,0.037100,0,8.6855,8.7628,13.0955,634,16,0.2500,0,16,3.8438,1,0,0,629,1,0,115,102,13,0,-1,-1,0,-1,-1,13.9904,4.9185,0,1525.2227,1525.2227,1525.0977,95,875,561,321,0,0,0.001200,0,0,0.015400,0.081600,0.000700,0.012000,0.071300,0.052500,0.000800,0.001700,0.000300,0.001500,0.006300,0.000800,0.003800,0.022000,0.1407,0.059400,0.079000,0.1548,0.083700,0.1802,0.018600,0.1169,0.000100,0.001600,0.069700,0.009600,0.002800,0.000500,0.027500,0.006700,0.012300,0.001200,0.1483,0.015600,0.042700,0.2171,0.069100,0.001100,0.041500,0.002800,0.035000,0.023900,0.019900,8.1787,0.057700,0.006100,0,0,10.2603,0,0,0,0,0,0,0,50,0,0,0,0,1,1,9,9,2,1,1,4,1,1,1,1,1,1,7,7,1,1,50,9,6,42,76,794,950,0,0,0,0,0,-100,-100,-100,-100,600,1440,107.7673,0,0,-0.000000,-1,0,0,0,1,0,13.7344,5,50,75.1289,13.7344,0,0,48.9844,0,100,0,0,0,0,0,0,0,0,0,0.4279,0.4279,1,0.4279,0.4279,42.4613,8.9635,20141,90,568,135,10974.5625,3604.2734,7254.3555,0,14578.9258,10.4239,2.2491,8.1300,10.4239,2.2503,2.8914,33.3333,5.6266,23.5710,0.000200,0.020600,0.000600,0.000700,0.001600,0.007300,0.001600,0.071200,0,0.019500,0.028400,0.040100,0.3418,0.1970,0.018400,0.006200,0.062100,0,0.046000,0.021800,0.1774,0,0.032600,0.1368,0.016000,0.089600,0.4263,0.7012,0.3376,0.056400,2.4875,0.095300,0.030700,0.039200,1.2574,0.093500,0.002100,0.002400,0.062300,0.2027,0.047100,0.000600,0.6103,950,392258,0,0,0,0,0,0,0,0.001400,0.008700,0,0,0,0,0,0,0,0,0,0,0,0,0,0,0,0,0,0,0
,0.014800,0.010600,0,0,0,0,0,0,0,0,0,0,0,0,0,0,0,0,0,0,0,0,0.007400,0.001900,0.3248,0.006600,0.008700,0.001400,0.8675,0.1828,0.051400,0.1239,0.001000,0.024400,0,0,768,256,11229,3565.7148,15494.9102,239.1602,0.001200,1,0.000100,0.008400,0.002000,0.020200,0.1820,0,0,0.057800,0.2446,2.5332,0.066200,0.000200,0.001300,0.000200,0.000300,0.007400,0.006600,0.039800,0.005400,0.033400,0.1190,0.011100,0.006200,0.7174,0.027400,0.009200,0.031100,0.011800,0.019800,0.098100,0.013400,0.075800,0.002300,0.099000,0.007900,0.067400,0.5944,0.004700,2.3374,0.000400,0.1766,0.000500,0.000400,0.028000,0.3007,0.6444,0.024700,0.8803,0.4425,0.002000,0.013700,0.000600,0.035000,0.1142,8.4736,8.7628,13.0955,634,16,0.2500,0,16,3.8438,1,0,0,629,1,0,115,102,13,0,-1,-1,0,-1,-1,13.9904,4.9185,0,1525.2227,1525.2227,1525.0977,95,871,551,321,0,0,0.001100,0,0,0.014400,0.082100,0.000700,0.011600,0.067600,0.038300,0.001000,0.001600,0.000400,0.001700,0.006800,0.001300,0.003900,0.023700,0.1738,0.056600,0.075700,0.1408,0.037400,0.1579,0.033300,0.081500,0.000200,0.001600,0.063300,0.008500,0.001800,0.000400,0.024400,0.006400,0.012200,0.001000,0.1418,0.016500,0.043200,0.1928,0.070900,0.001300,0.040400,0.002900,0.016500,0.023400,0.017000,7.9465,0.057500,0.007000,0.000200,0,10.4717,0,0,0,0,0,0,0,50,0,0,0,0,1,1,9,9,2,1,1,4,1,1,1,1,1,1,7,7,1,1,50,9,6,42,76,794,950,0,0,0,0,0,-100,-100,-100,-100,600,1440,107.7673,0,0,-0.000000,-1,0,0,0,1,0,13.7344,5,50,75.1289,13.7344,0,0,48.9844,0,100,0,0,0,0,0,0,0,0,0,0.4329,0.4329,1,0.4329,0.4329,52.5640,8.9635,20141,90,568,135,10974.5625,3604.2734,7254.3555,0,14578.8359,10.2230,2.1805,8.1300,10.2230,2.1805,2.7893,33.3333,5.3584,23.8803,0.000300,0.022500,0.000600,0.000800,0.001600,0.007200,0.000700,0.072800,0,0.021500,0.032000,0.038800,0.3544,0.2018,0.018400,0.006200,0.063000,0,0.044800,0.021600,0.1909,0.005100,0.032300,0.1435,0.016100,0.1006,0.4270,0.7016,0.3278,0.057400,2.4882,0.094200,0.031800,0.040000,0.6882,0.089300,0.001900,0.002400,0.060800,0.1986,0.049200,0.000600,0.6012,985,397374,0,0,0,0,0,0.3357,0,0,0.008400,0,0,0,0,0,0,0,0,0,0,0,0,0,0,0,0,0,0,0
,0.014000,0.006000,4,136,0,132,0,0,27,466,56,0,908,6,0,0,25,4,0,0,0,0,0.011400,0,0.3220,0.006600,0.007800,0.001000,0.8583,0.1744,0.051500,0.1198,0.001400,0.036500,0,0,768,256,11229,3565.7148,15494.9102,239.1602,0.001300,4,0.000300,0.018100,0.002300,0.018100,0.1940,0,0,0.067700,0.2863,2.6718,0.059000,0.000200,0.001200,0.000200,0.000200,0.006400,0.007200,0.038000,0.005200,0.033500,0.1481,0.009500,0.005600,0.4353,0.027400,0.008600,0.028500,0.011200,0.019300,0.1252,0.013700,0.078200,0.002400,0.1306,0.011000,0.071400,0.6369,0.005400,2.3409,0.000400,0.1895,0.000500,0.000300,0.028800,0.3076,1.1865,0.023600,0.8980,0.1753,0.002200,0.010300,0.000400,0.089100,0,8.5566,8.7628,13.0955,634,16,0.2500,0,16,3.8438,1,0,0,629,1,0,115,102,13,0,-1,-1,0,-1,-1,13.9904,4.9185,0,1525.2227,1525.2227,1441.5039,95,871,551,321,0,0,0.000800,0,0,0.013700,0.083300,0.000700,0.011600,0.071000,0.042400,0.000900,0.001600,0.000300,0.001600,0.006500,0.000800,0.003900,0.024000,0.1713,0.059900,0.084900,0.1546,0.039400,0.1650,0.026300,0.1143,0.000200,0.001700,0.064600,0.009800,0.001500,0.000500,0.026400,0.006000,0.012000,0.001600,0.1422,0.016700,0.043800,0.2098,0.074300,0.001100,0.042500,0.002400,0.034800,0.023900,0.018000,8.1302,0.076100,0.006700,0.000100,0,10.0795,0,0,0,0,0,0,0,50,0,0,0,0,1,1,9,9,2,1,1,4,1,1,1,1,1,1,7,7,1,1,50,9,6,42,76,794,950,0,0,0,0,0,-100,-100,-100,-100,600,1440,107.7673,0,0,-0.000000,-1,0,0,0,1,0,13.7344,5,50,75.1289,13.7344,0,0,48.9844,0,100,0,0,0,0,0,0,0,0,0,0.4788,0.4788,1,0.4788,0.4788,62.9399,8.9635,20141,90,568,135,10974.5625,3604.2734,7254.3555,0,14578.8359,10.1922,2.1955,7.4006,10.1922,2.1972,2.8385,33.3333,5.9583,23.9303,0.000200,0.022400,0.000600,0.000600,0.001800,0.007700,0.001600,0.071600,0,0.020500,0.019300,0.024800,0.3465,0.2119,0.020500,0.006100,0.062900,0,0.046100,0.009000,0.1781,0,0.032000,0.1324,0.015500,0.090500,0.4331,0.7034,0.3868,0.057300,2.7507,0.094200,0.030700,0.039300,0.7009,0.087600,0.002000,0.002500,0.062000,0.1967,0.049100,0.000700,0.6288,942,389198,0,0,0,0,0,0.3510,0,0.001900,0.008200,0,0,0,0,0,0,0,0,0,0,0,0,0,0,0,0,0,0,0
,0.014500,0.063000,2,59,0,57,0,0,13,233,27,0,454,3,0,0,12,2,0,0,0,0,0.008600,0.008900,0.3421,0.004600,0.009100,0.000700,0.8608,0.2502,0.045600,0.1687,0.001300,0.033100,0.003200,0,768,256,11229,3565.7148,15494.9102,239.1602,0.001300,6,0.000200,0.009700,0.002300,0.1178,0.1802,0,0,0.060700,0.2185,2.4924,0.070200,0.000400,0.001100,0.000200,0.000300,0.007000,0.007600,0.039800,0.005300,0.031400,0.1395,0.011800,0.006600,0.9916,0.029800,0.008500,0.037400,0.012400,0.018500,0.082600,0.009800,0.078100,0.002500,0.1029,0.008700,0.069600,0.6177,0.004700,2.3126,0.000200,0.1812,0.000600,0.000400,0.031600,0.3052,0.5848,0.023900,0.9118,0.1920,0.002200,0.010700,0.000500,0.039300,0,8.0932,8.7628,13.0955,634,16,0.2500,0,16,3.8438,1,0,0,629,1,0,115,102,13,0,-1,-1,0,-1,-1,13.9904,4.9185,0,1525.2227,1525.2227,1525.0977,95,871,551,321,0,0,0.000800,0,0,0.014200,0.1000,0.000700,0.012800,0.089800,0.041800,0.000800,0.001300,0.000100,0.001400,0.005700,0.000900,0.004000,0.021400,0.1414,0.055700,0.079200,0.1576,0.035900,0.2468,0.019000,0.5981,0.000300,0.005900,0.079600,0.009400,0.001800,0.000700,0.030300,0.007600,0.012800,0.001300,0.1762,0.015300,0.047600,0.2283,0.067000,0.001100,0.023500,0.003000,0.036200,0.024200,0.023400,7.4806,0.057400,0.006800,0.000100,0,10.3545,0,0,0,0,0,0,0,50,0,0,0,0,1,1,9,9,2,1,1,4,1,1,1,1,1,1,7,7,1,1,50,9,6,42,76,794,950,0,0,0,0,0,-100,-100,-100,-100,600,1440,107.7673,0,0,-0.000000,-1,0,0,0,1,0,13.7344,5,50,75.1289,13.7344,0,0,48.9844,0,100,0,0,0,0,0,0,0,0,0,0.9987,0.9987,1,0.9987,0.9987,7.7775,8.9635,20141,90,568,135,10974.1992,3604.2734,7254.3555,0,14578.8359,10.4988,2.7902,7.9619,10.4988,2.7913,2.8033,33.3333,6.0572,22.9120,0.000200,0.022000,0.000600,0.000600,0.001600,0.007500,0.000600,0.073000,0,0.021400,0.030300,0.036300,0.3510,0.1911,0.020400,0.006200,0.066700,0,0.043200,0.009700,0.1867,0,0.032200,0.1395,0.015400,0.091300,0.4283,0.7314,0.3556,0.057300,2.4813,0.094300,0.031700,0.039600,0.6944,0.085800,0.002100,0.002600,0.061000,0.1986,0.049200,0.000700,0.5949,1001,402518,0,2720,1479,0,1.0584,0,0,0.001400,0.007900,0,0,0,0,0,0,0,0,0,0,0,0,0,0,0,0,0,0,0
,0.027400,0.005600,2,80,0,78,0,0,14,233,41,0,454,3,0,0,13,2,0,0,0,0,0,0.003600,0.3591,0.004900,0.009200,0.001200,0.9111,0.1633,0.057900,0.1393,0.001200,0.024200,0.002700,0,768,256,11229,3565.7148,15494.9102,239.1602,0.001900,4,0.000600,0.009500,0.001900,0.018300,0.2114,0,0,0.059800,0.3121,2.6622,0.071400,0.000300,0.001300,0.000200,0.000300,0.006600,0.007900,0.042400,0.005600,0.036400,0.1534,0.012300,0.006800,1.6987,0.030600,0.009300,0.039400,0.012600,0.019300,0.087700,0.010300,0.080100,0.002300,0.084000,0.008100,0.071600,0.5963,0.004900,2.3498,0.000400,0.1845,0.000700,0.000300,0.032500,0.3095,0.6332,0.025400,0.9386,0.1268,0.001800,0.009800,0.000400,0.035400,0.024500,8.1142,8.7628,13.0955,634,16,0.2500,0,16,3.8438,1,0,0,629,1,0,115,102,13,0,-1,-1,0,-1,-1,13.9904,4.9185,0,1525.2227,1525.2227,1525.0977,95,879,561,321,0,0,0.000900,0,0,0.015400,0.081800,0.000400,0.019500,0.075800,0.042500,0.000800,0.001700,0.000300,0.001800,0.006900,0.001200,0.004500,0.023000,0.1431,0.058400,0.084900,0.1563,0.037800,0.1764,0.019700,0.1606,0.000300,0.001700,0.064200,0.009400,0.001300,0.000500,0.024900,0.006500,0.012000,0.001300,0.1503,0.015200,0.046000,0.2017,0.071900,0.001100,0.033000,0.002400,0.018600,0.024200,0.018000,7.4661,0.062200,0.007000,0.000200,0,10.3287,0,0,0,0,0,0,0,50,0,0,0,0,1,1,9,9,2,1,1,4,1,1,1,1,1,1,7,7,1,1,50,9,6,42,76,794,950,0,0,0,0,0,-100,-100,-100,-100,600,1440,107.7673,0,0,-0.000000,-1,0,0,0,1,0,13.7344,5,50,75.1289,13.7344,0,0,48.9844,0,100,0,0,0,0,0,0,0,0,0,0.4293,0.4293,1,0.4293,0.4293,17.5032,8.9635,20141,90,568,135,10974.1992,3604.2734,7254.3555,0,14578.4727,9.7306,2.3122,7.3325,9.7306,2.3122,2.9410,33.3333,5.5319,22.5496,0.000200,0.022400,0.000500,0.000600,0.002000,0.014100,0.000600,0.072700,0.001000,0.019500,0.026700,0.034900,0.7766,0.2951,0.022500,0.005100,0.065600,0,0.048500,0.009100,0.1893,0,0.037500,0.1915,0.019300,0.099500,0.4330,0.7062,0.3848,0.057400,2.0778,0.094300,0.030700,0.039200,0.7182,0.087400,0.002000,0.002700,0.062200,0.2007,0.049200,0.000600,0.6164,919,385106,0.1778,0,0,0,0,0,0,0,0.008200,0,0,0,0,0,0,0,0,0,0,0,0,0,0,0,0,0,0,0
,0.019700,0.009400,2,57,0,55,0,0,13,233,8,0,454,3,0,0,12,2,0,0,0,0,0.017800,0,0.4529,0.005300,0.010100,0.000900,0.8697,0.2143,0.050100,0.1300,0.000900,0.041200,0,0,768,256,11229,3565.7148,15494.9102,239.1602,0.001800,3,0,0.007900,0.001900,0.018900,0.2648,0,0,0.060300,0.2815,2.6030,0.071100,0.000200,0.001200,0.000200,0.000300,0.007000,0.007200,0.049100,0.005400,0.035900,0.1215,0.013100,0.006400,1.3635,0.028300,0.009300,0.034800,0.013000,0.020600,0.078900,0.009200,0.079100,0.002100,0.081900,0.008600,0.070400,0.6177,0.005800,2.4279,0.000400,0.2142,0.000500,0.000400,0.031100,0.3080,0.6937,0.026700,0.9378,0.5107,0.002400,0.011600,0.000500,0.037000,0.5109,9.2107,8.7628,13.0955,634,16,0.2500,0,16,3.8438,1,0,0,629,1,0,115,102,13,0,-1,-1,0,-1,-1,13.9904,4.9185,0,1525.2227,1525.2227,1441.5039,95,870,551,322,0,0,0.001000,0,0,0.015400,0.084600,0.000700,0.013100,0.072600,0.044100,0.000800,0.001900,0.000300,0.001400,0.006900,0.001100,0.004100,0.024100,0.1595,0.059500,0.093700,0.1574,0.039600,0.2006,0.019600,0.041100,0.000100,0.002000,0.066900,0.008700,0.001400,0.000700,0.026400,0.006300,0.011500,0.001200,0.1480,0.015000,0.040900,0.2089,0.071700,0.001200,0.047300,0.002900,0.032800,0.023100,0.018400,8.7483,0.058200,0.007500,0.000100,0,9.6686,0,0,0,0,0,0,0,50,0,0,0,0,1,1,9,9,2,1,1,4,1,1,1,1,1,1,7,7,1,1,50,9,6,42,76,794,950,0,0,0,0,0,-100,-100,-100,-100,600,1440,107.7673,0,0,-0.000000,-1,0,0,0,1,0,13.7344,5,50,75.1289,13.7344,0,0,48.9844,0,100,0,0,0,0,0,0,0,0,0,0.4236,0.4236,1,0.4236,0.4236,28.3940,8.9635,20141,90,568,135,10974.1914,3604.2734,7254.3555,0,14578.4727,10.7603,2.1339,7.5945,10.7603,2.1358,2.9018,33.3333,5.4523,22.8555,0.000600,0.021300,0.000800,0.000600,0.001700,0.009000,0.000600,0.075900,0.001000,0.017400,0.019700,0.026800,0.3568,0.1923,0.023500,0.005200,0.062200,0,0.045800,0.019000,0.1769,0.006100,0.031900,0.1391,0.014900,0.090600,0.9100,0.6630,0.3352,0.058400,2.4301,0.094200,0.031800,0.039100,1.1415,0.074100,0.002500,0.004500,0.062900,0.2048,0.050200,0.000700,0.5977,927,386360,0,0,0,0,0,0,0,0.002100,0.008000,0,0,0,0,0,0,0,0,0,0,0,0,0,0,0,0,0,0,0
,0.4072,0.005400,2,57,0,55,0,0,13,233,13,0,454,3,0,0,12,2,0,0,0,0,0.009000,0.005800,0.3556,0.005700,0.008800,0.001000,0.8458,0.2029,0.057100,0.1239,0.001800,0.027000,0.007700,0,768,256,11229,3565.7148,15494.9102,239.1602,0.001600,7,0.000100,0.008100,0.002000,0.013400,0.1839,0,0,0.062900,0.2111,2.6902,0.072800,0.000300,0.001400,0.000200,0.000300,0.007400,0.009200,0.046200,0.005500,0.031300,0.099300,0.011300,0.006000,1.0423,0.029100,0.009600,0.032000,0.012000,0.020100,0.078200,0.010600,0.074900,0.002300,0.079700,0.008000,0.069300,0.6002,0.004500,2.4574,0.000300,0.2064,0.000800,0.000500,0.030100,0.3126,0.6343,0.026700,0.9322,0.1126,0.001800,0.010200,0.000500,0.035700,0,9.5229,8.7628,13.0955,634,16,0.2500,0,16,3.8438,1,0,0,629,1,0,115,102,13,0,-1,-1,0,-1,-1,13.9904,4.9185,0,1525.2227,1525.2227,1525.0977,95,873,561,322,0,0,0.001100,0,0,0.014400,0.082100,0.000600,0.012200,0.071900,0.041000,0.000900,0.001700,0.000300,0.001500,0.006700,0.001000,0.004400,0.024900,0.1349,0.057100,0.079400,0.1605,0.049300,0.1829,0.024900,0.2140,0.000200,0.001700,0.067300,0.009000,0.001400,0.000600,0.026400,0.006500,0.012100,0.001300,0.1497,0.016000,0.045000,0.2138,0.070700,0.001400,0.041500,0.002200,0.032400,0.022100,0.018700,8.9482,0.062600,0.007400,0.000100,0,10.9114,0,0,0,0,0,0,0,50,0,0,0,0,1,1,9,9,2,1,1,4,1,1,1,1,1,1,7,7,1,1,50,9,6,42,76,794,950,0,0,0,0,0,-100,-100,-100,-100,600,1440,107.7673,0,0,-0.000000,-1,0,0,0,1,0,13.7344,5,50,75.1289,13.7344,0,0,48.9844,0,100,0,0,0,0,0,0,0,0,0,0.5716,0.5716,1,0.5716,0.5716,39.6329,8.9635,20141,90,568,135,10974.1914,3604.2734,7254.3555,0,14578.4648,11.3615,2.2831,8.2906,11.3615,2.2831,2.9080,33.3333,5.5326,22.5255,0.000200,0.019000,0.000600,0.000700,0.001800,0.008700,0.000600,0.072000,0,0.020500,0.027900,0.037900,0.3423,0.2262,0.018400,0.006200,0.065800,0,0.046600,0.011500,0.1738,0,0.032300,0.1358,0.018000,0.093400,0.4202,0.7125,0.3180,0.057200,2.1409,0.094200,0.031700,0.039700,0.6935,0.088800,0.002000,0.002400,0.061400,0.1987,0.049200,0.000600,0.6014,925,385200,0,0,0,0,0,0,0.006400,0,0.008200,0,0,0,0,0,0,0,0,0,0,0,0,0,0,0,0,0,0,0
,0.015900,0.010200,2,57,0,55,0,0,13,233,16,0,454,3,0,0,12,2,0,0,0,0,0.008600,0.006000,0.3346,0.006700,0.009100,0.001200,0.8780,0.7754,0.053900,0.1271,0.001100,0.022200,0.011600,0,768,256,11229,3565.7148,15494.9102,239.1602,0.001400,2,0.000100,0.008900,0.002400,0.014000,0.1804,0,0,0.059200,0.3268,2.5849,0.073100,0.000200,0.001700,0.000200,0.000400,0.007700,0.007200,0.049600,0.006100,0.031300,0.1254,0.011600,0.006500,1.5687,0.031300,0.009000,0.052100,0.012100,0.020500,0.085500,0.010500,0.083100,0.002500,0.088100,0.008500,0.067100,0.6013,0.004800,2.3720,0.000300,0.1895,0.000600,0.000400,0.030300,0.3034,0.8091,0.026000,0.9244,0.1492,0.002000,0.010200,0.000600,0.039100,0.1639,7.1545,8.7628,13.0955,634,16,0.2500,0,16,3.8438,1,0,0,629,1,0,115,102,13,0,-1,-1,0,-1,-1,13.9904,4.9185,0,1525.2227,1525.2227,1441.5039,95,870,551,322,0,0,0.000800,0,0,0.015300,0.078900,0.000600,0.012000,0.072400,0.040600,0.000900,0.001600,0.000200,0.001900,0.007000,0.000800,0.004000,0.023100,0.1370,0.059200,0.082800,0.1627,0.042000,1.5036,0.015100,0,0.000500,0.001700,0.063000,0.010700,0.001200,0.000500,0.027000,0.006600,0.013600,0.001300,0.1427,0.014000,0.043800,0.1848,0.067200,0.001200,0.041100,0.002200,0.018100,0.022000,0.019200,6.6371,0.062300,0.006400,0.000100,0.005100,11.3096,0,0,0,0,0,0,0,50,0,0,0,0,1,1,9,9,2,1,1,4,1,1,1,1,1,1,7,7,1,1,50,9,6,42,76,794,950,0,0,0,0,0,-100,-100,-100,-100,600,1440,107.7673,0,0,-0.000000,-1,0,0,0,1,0,13.7344,5,50,75.1289,13.7344,0,0,48.9844,0,100,0,0,0,0,0,0,0,0,0,0.4215,0.4215,1,0.4215,0.4215,49.8052,8.9635,20141,90,568,135,10974.1914,3604.2734,7254.3555,0,14578.4648,10.0472,3.4649,7.1672,10.0472,3.4658,3.0016,33.3333,5.5671,22.5593,0.000300,0.020600,0.000600,0.000600,0.001900,0.008000,0.000600,0.074500,0,0.022600,0.020200,0.027800,0.3644,0.1993,0.019400,0.005100,0.066500,0,0.047400,0.012300,0.1922,0.005100,0.032900,0.1370,0.016400,0.089700,0.4305,0.7109,0.2998,0.057300,2.2353,0.2017,0.046100,0.039600,0.6890,0.095500,0.002000,0.002500,0.059900,0.1966,0.049100,0.000600,0.8257,926,386348,0,0,0,0,0,0,0,0.001000,0.007800,0,0,0,0,0,0,0,0,0,0,0,0,0,0,0,0,0,0,0
,0.015900,0.015800,2,57,0,55,0,0,13,233,12,0,454,3,0,0,12,2,0,0,0,0,0.008000,0,0.3425,0.005400,0.008000,0.000800,0.8608,0.1792,0.049400,0.1295,0.001100,0.022800,0.001100,1,768,256,11229,3565.7148,15494.9102,239.1602,0.001500,6,0.000400,0.012200,0.002800,0.013800,0.2075,0,0,0.057500,0.2622,2.4383,0.067900,0.000300,0.001400,0.000200,0.000200,0.006700,0.007900,0.040400,0.005400,0.033200,0.1148,0.012200,0.006500,1.6208,0.028600,0.009500,0.034100,0.012500,0.019800,0.074800,0.011600,0.074000,0.002200,0.076900,0.008700,0.076700,0.5827,0.004500,2.3285,0.000200,0.1981,0.000800,0.000300,0.031600,0.3194,0.8909,0.027200,0.9364,0.1233,0.002000,0.009800,0.000600,0.081800,0.049600,9.1332,8.7628,13.0955,634,16,0.2500,0,16,3.8438,1,0,0,629,1,0,115,102,13,0,-1,-1,0,-1,-1,13.9904,4.9185,0,1525.2227,1525.2227,1441.5039,95,870,551,322,0,0,0.001100,0,0,0.014400,0.081700,0.000600,0.012200,0.069900,0.042800,0.000900,0.001800,0.000400,0.001800,0.006700,0.001000,0.003700,0.021100,0.1634,0.058100,0.078000,0.1652,0.045400,0.1667,0.057800,0.1046,0.000200,0.001500,0.068900,0.009900,0.001000,0.000700,0.028300,0.006900,0.011700,0.001200,0.1513,0.017800,0.046000,0.2143,0.073900,0.001300,0.042500,0.002400,0.032000,0.024100,0.017800,8.8797,0.055200,0.010000,0.000100,0,10.1077,0,0,0,0,0,0,0,50,0,0,0,0,1,1,9,9,2,1,1,4,1,1,1,1,1,1,7,7,1,1,50,9,6,42,76,794,950,0,0,0,0,0,-100,-100,-100,-100,600,1440,107.7673,0,0,-0.000000,-1,0,0,0,1,0,13.7344,5,50,75.1289,13.7344,0,0,48.9844,0,100,0,0,0,0,0,0,0,0,0,0.4936,0.4936,1,0.4936,0.4936,60.9177,8.9635,20141,90,568,135,10974.2031,3604.2734,7254.3555,0,14578.4648,10.8784,2.2985,7.3746,10.8784,2.2985,2.8018,33.3333,5.5590,22.4618,0.000200,0.019200,0.000600,0.000800,0.001700,0.007700,0.001700,0.079200,0,0.017500,0.030000,0.038200,0.3384,0.2014,0.020500,0.006100,0.066500,0.001100,0.044100,0.012000,0.1766,0,0.032900,0.1432,0.017300,0.1012,0.4144,0.7258,0.3299,0.057400,2.4544,0.094200,0.031700,0.038900,0.6932,0.1446,0.002000,0.002800,0.060400,0.2037,0.050100,0.000600,0.6208,963,396772,0,0,0,0,0,0,0.002400,0,0.008600,0,0,0,0,0,0,0,0,0,0,0,0,0,0,0,0,0,0,0
,0.017000,0.008500,2,62,0,60,0,0,13,233,44,0,454,3,0,0,12,2,0,0,0,0,0.011000,0,0.3581,0.005900,0.007700,0.001000,0.8873,0.1981,0.052900,0.1305,0.001200,0.025100,0,1,768,256,11229,3565.7148,15494.9102,239.1602,0.001200,1,0.000300,0.009000,0.002300,0.013000,0.1902,0,0,0.071800,0.2183,3.2446,0.068200,0.000500,0.001100,0.000400,0.000300,0.006700,0.011000,0.045800,0.006000,0.037300,0.1277,0.009900,0.010400,0.6090,0.031600,0.009400,0.040200,0.015900,0.029400,0.1092,0.015500,0.098900,0.003700,0.099400,0.013300,0.085700,0.7521,0.005400,2.3519,0.000300,0.1849,0.000500,0.000400,0.033600,0.2974,0.5696,0.023700,1.0195,0.1738,0.002000,0.009800,0.000500,0.034300,0.2576,8.5735,8.7628,13.0955,634,16,0.2500,0,16,3.8438,1,0,0,629,1,0,115,102,13,0,-1,-1,0,-1,-1,13.9904,4.9185,0,1525.2227,1525.2227,1525.0977,95,870,551,322,0,0,0.000700,0,0,0.015600,0.082000,0.000900,0.014000,0.068300,0.039300,0.000800,0.001800,0.000300,0.002000,0.006800,0.001000,0.004400,0.020600,0.1359,0.055800,0.074400,0.1718,0.043000,0.4224,0.016200,0,0.000200,0.001800,0.064600,0.009300,0.001500,0.000600,0.025800,0.006600,0.012500,0.001100,0.1454,0.014900,0.044800,0.2165,0.067400,0.001100,0.044300,0.002300,0.036700,0.023300,0.021000,8.3222,0.073000,0.008400,0.000100,0,11.1544,0,0,0,0,0,0,0,50,0,0,0,0,1,1,9,9,2,1,1,4,1,1,1,1,1,1,7,7,1,1,50,9,6,42,76,794,950,0,0,0,0,0,-100,-100,-100,-100,600,1440,107.7673,0,0,-0.000000,-1,0,0,0,1,0,13.7344,5,50,75.1289,13.7344,0,0,48.9844,0,100,0,0,0,0,0,0,0,0,0,0.4369,0.4369,1,0.4369,0.4369,8.7438,8.9635,20141,90,568,135,10974.2031,3604.2734,7254.3555,0,14578.4766,10.6688,2.3482,7.3003,10.6688,2.3482,3.3986,33.3333,5.7042,22.3185,0.000200,0.019200,0.000600,0.000700,0.001600,0.007700,0.000600,0.073100,0,0.017400,0.025900,0.028800,0.3552,0.1858,0.019500,0.005100,0.062400,0,0.046700,0.010900,0.1676,0,0.031000,0.1224,0.015300,0.095300,0.4150,0.6647,0.2977,0.057200,2.2785,0.094200,0.031800,0.039900,0.6907,0.065700,0.001800,0.002400,0.063900,0.1986,0.050200,0.000600,0.5877,964,394048,0,2352,1329,0,1.4845,0.1645,0,0,0.008600,0,0,0,0,0,0,0,0,0,0,0,0,0,0,0,0,0,0,0
,0.015000,0.005500,2,70,0,68,0,0,14,233,26,0,454,3,0,0,13,2,0,0,0,0,0.010000,0.006100,0.3330,0.006300,0.008600,0.001000,0.8440,0.1817,0.048700,0.1193,0.001100,0.026400,0.003900,1,768,256,11229,3565.7148,15494.9102,239.1602,0.001500,5,0.000200,0.008200,0.002100,0.013200,0.2127,0,0,0.052700,0.2941,2.9582,0.067600,0.000300,0.001100,0.000200,0.000400,0.006500,0.006000,0.043700,0.005100,0.033100,0.1403,0.011300,0.006300,1.3798,0.031200,0.008900,0.044100,0.016000,0.022800,0.089100,0.014600,0.1054,0.005000,0.1182,0.012200,0.094100,0.6174,0.005000,2.4850,0.000200,0.2108,0.000600,0.000300,0.031300,0.3139,1.0223,0.023300,0.9021,0.1319,0.001800,0.016000,0.000600,0.037900,0.031100,8.5989,8.7628,13.0955,634,16,0.2500,0,16,3.8438,1,0,0,629,1,0,115,102,13,0,-1,-1,0,-1,-1,13.9904,4.9185,0,1525.2227,1525.2227,1441.5039,95,870,551,322,0,0,0.000900,0,0,0.017600,0.089100,0.000600,0.012500,0.088000,0.044300,0.001000,0.001700,0.000200,0.001700,0.006300,0.001300,0.003900,0.024700,0.1547,0.064100,0.1157,0.1687,0.045000,0.2090,0.020200,0.2180,0.000200,0.001800,0.072400,0.011500,0.001300,0.000500,0.032200,0.009200,0.016900,0.001200,0.1642,0.016900,0.042900,0.2131,0.074600,0.001000,0.025000,0.003100,0.018400,0.027900,0.020400,7.9808,0.064900,0.007200,0.000200,0,10.6963,0,0,0,0,0,0,0,50,0,0,0,0,1,1,9,9,2,1,1,4,1,1,1,1,1,1,7,7,1,1,50,9,6,42,76,794,950,0,0,0,0,0,-100,-100,-100,-100,600,1440,107.7673,0,0,-0.000000,-1,0,0,0,1,0,13.7344,5,50,75.1289,13.7344,0,0,48.9844,0,100,0,0,0,0,0,0,0,0,0,0.5742,0.5742,1,0.5742,0.5742,19.2398,8.9635,20141,90,568,135,10974.3594,3604.2734,7254.3555,0,14578.4766,10.8658,2.5145,7.3618,10.8658,2.5176,3.1473,33.3333,5.9475,22.2539,0.000300,0.021000,0.000600,0.000600,0.001800,0.008200,0.000600,0.078200,0,0.017400,0.020100,0.042500,0.3553,0.1901,0.019400,0.006200,0.066100,0.001000,0.044600,0.015600,0.1623,0,0.031700,0.1258,0.016200,0.090800,0.4311,1.5232,0.3686,0.057300,2.0550,0.093200,0.031700,0.037800,0.6883,0.098600,0.002000,0.002700,0.061200,0.1966,0.050200,0.000500,0.6125,975,393836,0,0,0,0,0,0,0,0.003400,0.008500,0,0,0,0,0,0,0,0,0,0,0,0,0,0,0,0,0,0,0
,0.016900,0.006500,2,68,0,66,0,0,13,233,44,0,454,3,0,0,12,2,0,0,0,0,0.008400,0.015200,0.3151,0.005600,0.008900,0.001000,0.8523,0.2020,0.058200,0.1292,0.001100,0.022400,0,0,768,256,11229,3565.7148,15494.9102,239.1602,0.001800,2,0.000300,0.010600,0.002200,0.013100,0.1898,0,0,0.070800,0.1956,2.4838,0.066500,0.000300,0.001300,0.000200,0.000300,0.007200,0.007000,0.049800,0.006100,0.032200,0.1491,0.010000,0.006000,1.3289,0.025100,0.009700,0.042900,0.011500,0.019100,0.087400,0.009400,0.074100,0.001800,0.076900,0.007600,0.067600,0.5817,0.004500,2.3225,0.000300,0.1838,0.000800,0.000300,0.028100,0.3654,0.6581,0.025700,0.9308,0.1476,0.002000,0.009800,0.000500,0.033300,0.095500,9.7996,8.7628,13.0955,634,16,0.2500,0,16,3.8438,1,0,0,629,1,0,115,102,13,0,-1,-1,0,-1,-1,13.9904,4.9185,0,1525.2227,1525.2227,1525.0977,95,874,561,322,0,0,0.000900,0,0,0.014000,0.086200,0.000600,0.012200,0.068700,0.044200,0.000900,0.001500,0.000200,0.001600,0.006100,0.001100,0.003700,0.022700,0.1424,0.062200,0.083200,0.1629,0.046500,0.2008,0.017700,0.047200,0.000300,0.001500,0.064000,0.008800,0.001000,0.000600,0.027000,0.006200,0.011600,0.001900,0.1371,0.014400,0.040600,0.2097,0.069500,0.001300,0.033100,0.002400,0.033700,0.023500,0.017400,9.3075,0.077000,0.006300,0.000100,0.004100,10.4344,0,0,0,0,0,0,0,50,0,0,0,0,1,1,9,9,2,1,1,4,1,1,1,1,1,1,7,7,1,1,50,9,6,42,76,794,950,0,0,0,0,0,-100,-100,-100,-100,600,1440,107.7673,0,0,-0.000000,-1,0,0,0,1,0,13.7344,5,50,75.1289,13.7344,0,0,48.9844,0,100,0,0,0,0,0,0,0,0,0,0.3963,0.3963,1,0.3963,0.3963,30.6927,8.9635,20141,90,568,135,10975.2812,3604.2734,7254.3555,0,14578.6328,11.3481,2.1542,8.0545,11.3481,2.1542,2.9275,33.3333,5.5314,22.8408,0.000600,0.020800,0.000600,0.000600,0.001600,0.009500,0.000600,0.073300,0,0.017400,0.022600,0.025800,0.3259,0.2947,0.021600,0.006100,0.062700,0,0.046500,0.014100,0.1735,0,0.032900,0.1386,0.015200,0.090900,0.4250,0.6897,0.3675,0.056300,2.0653,0.093200,0.031700,0.039700,0.6930,0.090300,0.001900,0.002900,0.063700,0.2058,0.051200,0.000700,0.6696,992,401968,0.1881,0,0,0,0,0,0,0,0.007500,0,0,0,0,0,0,0,0,0,0,0,0,0,0,0,0,0,0,0
,0.014400,0.004900,2,77,0,75,0,0,14,233,40,0,454,3,0,0,13,2,0,0,0,0,0.007900,0,0.3308,0.005900,0.010200,0.001100,0.8680,0.1789,0.052800,0.1304,0.000900,0.027700,0,0,768,256,11229,3565.7148,15494.9102,239.1602,0.001500,2,0,0.008200,0.001600,0.015400,0.1846,0,0,0.056200,0.2510,2.5115,0.068000,0.000200,0.001300,0.000300,0.000200,0.006400,0.006800,0.041800,0.004900,0.032100,0.099000,0.010100,0.005900,1.1543,0.027200,0.008600,0.029100,0.011600,0.017900,0.078300,0.007500,0.070600,0.001900,0.078600,0.009100,0.068000,0.5806,0.005000,2.3141,0.000200,0.1842,0.000600,0.000400,0.027800,0.2966,0.5589,0.031000,0.8778,0.1597,0.001800,0.009000,0.000500,0.035300,0.1878,8.5851,8.7628,13.0955,634,16,0.2500,0,16,3.8438,1,0,0,629,1,0,115,102,13,0,-1,-1,0,-1,-1,13.9904,4.9185,0,1525.2227,1525.2227,1525.0977,95,876,561,322,0,0,0.000900,0,0,0.013900,0.076300,0.000400,0.011600,0.067400,0.038600,0.000700,0.001600,0.000300,0.001600,0.006300,0.000900,0.003900,0.022600,0.1225,0.057000,0.080000,0.1596,0.047100,0.3537,0.016600,0,0.000300,0.001900,0.063800,0.007700,0.001000,0.000400,0.026900,0.006400,0.012000,0.001300,0.1375,0.015100,0.041000,0.2182,0.072200,0.001100,0.045000,0.002300,0.032100,0.022900,0.024800,8.0466,0.060800,0.006700,0.000200,0,11.4016,0,0,0,0,0,0,0,50,0,0,0,0,1,1,9,9,2,1,1,4,1,1,1,1,1,1,7,7,1,1,50,9,6,42,76,794,950,0,0,0,0,0,-100,-100,-100,-100,600,1440,107.7673,0,0,-0.000000,-1,0,0,0,1,0,13.7344,5,50,75.1289,13.7344,0,0,48.9844,0,100,0,0,0,0,0,0,0,0,0,0.4255,0.4255,1,0.4255,0.4255,40.8754,8.9635,20141,90,568,135,10975.2852,3604.2734,7254.3555,0,14579.5547,10.2087,2.1509,7.2874,10.2087,2.1509,3.1982,33.3333,5.3635,23.7815,0.000200,0.020400,0.000600,0.000700,0.001700,0.009000,0.000600,0.072600,0.001000,0.016500,0.021200,0.034800,0.3598,0.1935,0.019500,0.005100,0.061700,0,0.046200,0.013400,0.1890,0.006200,0.031900,0.1407,0.015500,0.089000,0.4262,0.6354,0.2878,0.057300,2.4107,0.095200,0.031800,0.039500,0.6873,0.064600,0.001800,0.002400,0.060600,0.1966,0.049100,0.000600,1.0245,924,385656,0,0,0,0,0,0,0,0,0.008000,0,0,0,0,0,0,0,0,0,0,0,0,0,0,0,0,0,0,0
,0.096000,0.021600,2,57,0,55,0,0,13,233,10,0,454,3,0,0,12,2,0,0,0,0,0.009200,0,0.3281,0.005400,0.008400,0.000800,0.8428,0.1981,0.050600,0.1224,0.001000,0.029400,0,1,768,256,11229,3565.7148,15494.9102,239.1602,0.001400,1,0.000400,0.008400,0.002200,0.2783,0.1729,0,0,0.050400,0.3240,2.5786,0.058200,0.000300,0.001100,0.000200,0.000400,0.008300,0.006400,0.050000,0.005400,0.032000,0.1279,0.011200,0.006200,0.4963,0.026500,0.009100,0.026500,0.012500,0.019000,0.098400,0.008800,0.075300,0.002300,0.075200,0.008100,0.070900,0.6422,0.005900,2.3478,0.000300,0.1935,0.000500,0.000300,0.031100,0.3087,0.8723,0.025600,0.9428,0.1068,0.002000,0.009400,0.000500,0.037300,0.2053,8.1935,8.7628,13.0955,634,16,0.2500,0,16,3.8438,1,0,0,629,1,0,115,102,13,0,-1,-1,0,-1,-1,13.9904,4.9185,0,1525.2227,1525.2227,1441.5039,95,873,561,321,0,0,0.001200,0,0,0.015000,0.079200,0.000800,0.013100,0.073400,0.041200,0.000900,0.001800,0.000300,0.001400,0.006700,0.001200,0.004200,0.024300,0.1628,0.058200,0.081500,0.1464,0.040300,0.1850,0.018500,0.026900,0.000200,0.005900,0.065700,0.008600,0.001400,0.000600,0.025900,0.006000,0.012000,0.001100,0.1352,0.013800,0.040000,0.1905,0.065000,0.001200,0.040600,0.003200,0.016100,0.024000,0.017900,7.6571,0.065700,0.009100,0.000100,0,10.3140,0,0,0,0,0,0,0,51,0,0,0,0,1,1,9,9,2,1,1,4,1,1,1,1,1,1,7,7,1,1,50,9,6,42,76,794,950,0,0,0,0,0,-100,-100,-100,-100,600,1440,107.7673,0,0,-0.000000,-1,0,0,0,1,0,13.7344,5,50,75.1289,13.7344,0,0,48.9844,0,100,0,0,0,0,0,0,0,0,0,0.3927,0.3927,1,0.3927,0.3927,50.6717,8.9635,20141,90,568,135,10975.2852,3604.2734,7254.3555,0,14579.5586,9.8919,2.1723,7.8621,9.8919,2.1733,2.6868,33.3333,5.6711,24.2204,0.000200,0.021700,0.000600,0.000600,0.001700,0.009700,0.000600,0.074500,0,0.018400,0.020700,0.032600,0.3456,0.1904,0.020400,0.007200,0.062600,0,0.045900,0.013600,0.1929,0.005200,0.032700,0.1396,0.015300,0.092100,0.4321,0.6715,0.3434,0.056400,3.3698,0.095200,0.035900,0.038800,0.6916,0.096100,0.002100,0.004500,0.061500,0.1936,0.050100,0.000500,0.6170,1008,403068,0,0,0,0,0,0.2892,0,0.001200,0.008800,0,0,0,0,0,0,0,0,0,0,0,0,0,0,0,0,0,0,0
,0.013600,0.008600,2,76,0,74,0,0,14,233,43,0,454,3,0,0,13,2,0,0,0,0,0.008100,0.004000,0.3297,0.005900,0.007900,0.001300,0.8711,0.1709,0.048700,0.1215,0.001100,0.026100,0.001700,2,768,256,11229,3565.7148,15494.9102,239.1602,0.002000,1,0.001900,0.012000,0.002300,0.014100,0.2522,0,0,0.058700,0.2202,2.4806,0.064900,0.000200,0.001200,0.000200,0.000200,0.006400,0.006800,0.041300,0.005400,0.031700,0.1244,0.010600,0.006100,1.4692,0.027800,0.008000,0.030600,0.011400,0.018300,0.086400,0.014400,0.074200,0.002200,0.1112,0.007700,0.069100,0.5805,0.004200,2.3101,0.000300,0.1793,0.000700,0.000400,0.028100,0.3604,0.6354,0.023000,0.9185,0.4720,0.002200,0.012100,0.000400,0.034900,0,8.5445,8.7628,13.0955,634,16,0.2500,0,16,3.8438,1,0,0,629,1,0,115,102,13,0,-1,-1,0,-1,-1,13.9904,4.9185,0,1525.2227,1525.2227,1525.0977,95,875,561,321,0,0,0.001100,0,0,0.013400,0.076700,0.000400,0.011800,0.069600,0.040400,0.000700,0.001600,0.000200,0.001600,0.005900,0.001000,0.004000,0.021400,0.1523,0.058500,0.075400,0.1541,0.044600,0.1600,0.023300,0.1433,0.000400,0.001700,0.065600,0.008900,0.001400,0.000900,0.026000,0.006000,0.012000,0.001200,0.1427,0.017800,0.042100,0.2089,0.068500,0.001100,0.039600,0.002700,0.032500,0.022200,0.017000,8.0199,0.056800,0.006000,0.000200,0,9.7520,0,0,0,0,0,0,0,50,0,0,0,0,1,1,9,9,2,1,1,4,1,1,1,1,1,1,7,7,1,1,50,9,6,42,76,794,950,0,0,0,0,0,-100,-100,-100,-100,600,1440,107.7673,0,0,-0.000000,-1,0,0,0,1,0,13.7344,5,50,75.1289,13.7344,0,0,48.9844,0,100,0,0,0,0,0,0,0,0,0,0.4790,0.4790,1,0.4790,0.4790,60.8816,8.9635,20141,90,568,135,10975.2852,3604.2734,7254.3555,0,14579.5586,10.0988,2.1656,8.3157,10.0988,2.1656,2.7143,33.3333,5.8417,23.5681,0.000300,0.020600,0.000600,0.000900,0.001800,0.007000,0.000500,0.072200,0.001000,0.022600,0.028200,0.038900,0.3466,0.1796,0.019400,0.006200,0.062000,0,0.041800,0.022800,0.1915,0.005100,0.032800,0.1310,0.015500,0.096700,0.4327,0.6983,0.3513,0.057400,2.5140,0.095300,0.031700,0.048100,0.6976,0.096300,0.002000,0.002500,0.061600,0.1956,0.048200,0.000600,0.6342,958,393956,0,0,0,0,0,0,0,0,0.007300,0,0,0,0,0,0,0,0,0,0,0,0,0,0,0,0,0,0,0
,0.1296,0.009900,2,64,0,62,0,0,13,233,30,0,454,3,0,0,12,2,0,0,0,0,0.009900,0.011200,0.3197,0.005000,0.009200,0.000800,0.8465,0.1883,0.048200,0.1193,0.000900,0.026600,0.002900,0,768,256,11229,3565.7148,15494.9102,239.1602,0.002400,5,0.000100,0.007800,0.001900,0.019300,0.1776,0,0,0.076300,0.2844,2.5048,0.070100,0.000200,0.001600,0.000200,0.000300,0.009400,0.007300,0.042400,0.006000,0.035100,0.1483,0.011100,0.006900,1.4116,0.029600,0.008400,0.041600,0.012400,0.018400,0.071500,0.010400,0.075100,0.002200,0.1082,0.007800,0.067700,0.5873,0.004300,2.4342,0.000300,0.2303,0.000600,0.000400,0.029200,0.2904,0.8626,0.022600,0.8726,0.1547,0.001800,0.010100,0.000400,0.033600,0,9.0454,8.7628,13.0955,634,16,0.2500,0,16,3.8438,1,0,0,629,1,0,115,102,13,0,-1,-1,0,-1,-1,13.9904,4.9185,0,1525.2227,1525.2227,1525.0977,95,875,561,321,0,0,0.001100,0,0,0.015000,0.080400,0.000600,0.012800,0.067800,0.039400,0.000700,0.001900,0.000300,0.001700,0.006800,0.001400,0.003800,0.022600,0.1493,0.056500,0.078100,0.1517,0.038800,0.2201,0.020800,0,0.000500,0.002100,0.063200,0.008300,0.001300,0.000500,0.026900,0.006700,0.012200,0.001000,0.1462,0.013700,0.041900,0.2140,0.067700,0.001200,0.041200,0.002500,0.032500,0.022900,0.021400,8.5561,0.063600,0.006800,0.000100,0,10.1865,0,0,0,0,0,0,0,50,0,0,0,0,1,1,9,9,2,1,1,4,1,1,1,1,1,1,7,7,1,1,50,9,6,42,76,794,950,0,0,0,0,0,-100,-100,-100,-100,600,1440,107.7673,0,0,-0.000000,-1,0,0,0,1,0,13.7344,5,50,75.1289,13.7344,0,0,48.9844,0,100,0,0,0,0,0,0,0,0,0,0.3956,0.3956,1,0.3956,0.3956,8.6858,8.9635,20141,90,568,135,10975.2852,3604.2734,7254.3555,0,14579.5586,10.5812,2.0693,7.3458,10.5812,2.0705,2.9039,33.3333,5.6624,23.8352,0.000300,0.022000,0.000600,0.000600,0.001800,0.009800,0.000600,0.074700,0.001100,0.018500,0.020600,0.025600,0.9178,0.3010,0.020500,0.005100,0.066400,0,0.044600,0.028000,0.6234,0.005100,0.041700,0.1847,0.016400,0.1140,0.4283,0.7008,0.3903,0.062300,2.0719,0.1065,0.031700,0.039200,0.6937,0.064500,0.001800,0.002400,0.060800,0.1966,0.053300,0.000800,0.6239,935,387570,0,2352,1317,0,1.3168,0,0,0.001400,0.007500,0,0,0,0,0,0,0,0,0,0,0,0,0,0,0,0,0,0,0
,0.014900,0.016600,2,57,0,55,0,0,13,233,14,0,454,3,0,0,12,2,0,0,0,0,0,0,0.3292,0.006300,0.008700,0.001200,0.8368,0.1760,0.048100,0.1218,0.001100,0.029700,0,0,768,256,11229,3565.7148,15494.9102,239.1602,0,4,0.000100,0.007400,0.001800,0.017700,0.2231,0,0,0.054000,0.2322,2.6653,0.061500,0.000200,0.001300,0.000300,0.000400,0.006400,0.006500,0.040300,0.004800,0.031600,0.1595,0.010500,0.006400,1.6244,0.028500,0.008800,0.040700,0.010900,0.018800,0.080500,0.010600,0.074100,0.001800,0.1052,0.007700,0.071200,0.5704,0.004300,2.3575,0.000400,0.1840,0.000800,0.000500,0.028400,0.3565,0.8095,0.024500,0.9002,0.1242,0.002000,0.009800,0.000400,0.032100,0,8.7649,8.7628,13.0955,634,16,0.2500,0,16,3.8438,1,0,0,629,1,0,115,102,13,0,-1,-1,0,-1,-1,13.9904,4.9185,0,1525.2227,1525.2227,1525.0977,95,875,561,321,0,0,0.000900,0,0,0.017100,0.086700,0.000800,0.013500,0.073100,0.040800,0.000900,0.002000,0.000300,0.001700,0.007200,0.001300,0.004100,0.027900,0.1497,0.066900,0.094800,0.1717,0.047200,0.2472,0.022000,0.001600,0.000100,0.001800,0.062700,0.009000,0.001300,0.000600,0.024200,0.006600,0.012200,0.000900,0.1433,0.014400,0.042100,0.1953,0.069600,0.001200,0.039800,0.002300,0.017900,0.024100,0.018900,8.1955,0.057200,0.006300,0.000100,0,10.6648,0,0,0,0,0,0,0,50,0,0,0,0,1,1,9,9,2,1,1,4,1,1,1,1,1,1,7,7,1,1,50,9,6,42,76,794,950,0,0,0,0,0,-100,-100,-100,-100,600,1440,107.7673,0,0,-0.000000,-1,0,0,0,1,0,13.7344,5,50,75.1289,13.7344,0,0,48.9844,0,100,0,0,0,0,0,0,0,0,0,0.4330,0.4330,1,0.4330,0.4330,19.0709,8.9635,20141,90,568,135,10975.2852,3604.2734,7254.3555,0,14579.5586,10.5492,2.2107,8.1719,10.5492,2.2107,2.8594,33.3333,5.2338,24.0535,0.000300,0.022000,0.000600,0.000700,0.001500,0.007500,0.000600,0.075100,0,0.019400,0.019300,0.026900,0.3485,0.1942,0.018400,0.005200,0.061400,0.001100,0.046000,0.022900,0.1899,0.005100,0.032900,0.1421,0.016200,0.089600,0.8677,0.7588,0.3306,0.056200,2.4628,0.094200,0.031700,0.038800,0.7038,0.4943,0.002000,0.002800,0.063200,0.1986,0.049200,0.000700,0.6067,933,387150,0,0,0,0,0,0,0,0,0.007700,0,0,0,0,0,0,0,0,0,0,0,0,0,0,0,0,0,0,0
,0.013000,0.009900,2,56,0,54,0,0,13,233,14,0,454,3,0,0,12,2,0,0,0,0,0.016500,0.020000,0.3205,0.006200,0.009000,0.001000,0.8473,0.2004,0.049100,0.1215,0.001200,0.050100,0.002200,1,768,256,11229,3565.7148,15494.9102,239.1602,0.003200,5,0.000300,0.010200,0.001900,0.019000,0.3721,0,0,0.056100,0.2305,2.7177,0.066700,0.000200,0.001300,0.000300,0.000600,0.006600,0.006800,0.048000,0.004900,0.032100,0.1613,0.011300,0.006100,1.4139,0.028400,0.009300,0.038200,0.012300,0.019600,0.091500,0.008300,0.067500,0.002200,0.1107,0.008400,0.070600,0.5865,0.004800,2.3917,0.000300,0.1825,0.000500,0.000500,0.031200,0.3182,0.6232,0.027600,0.9679,0.1103,0.001700,0.010600,0.000500,0.035300,0,9.2522,8.7628,13.0955,634,16,0.2500,0,16,3.8438,1,0,0,629,1,0,115,102,13,0,-1,-1,0,-1,-1,13.9904,4.9185,0,1525.2227,1525.2227,1525.0977,95,874,561,321,0,0,0.000800,0,0,0.014600,0.079100,0.000500,0.011300,0.065300,0.048300,0.000900,0.001600,0.000200,0.001500,0.006100,0.001100,0.004000,0.022600,0.1536,0.056900,0.080700,0.1465,0.040400,0.1890,0.016300,0.054500,0.000100,0.001500,0.059500,0.008000,0.000900,0.000500,0.024000,0.006200,0.011400,0.000900,0.1303,0.014700,0.037900,0.2008,0.067700,0.001100,0.020800,0.003100,0.032000,0.022800,0.015000,9.0001,0.060500,0.005800,0.000100,0.003200,10.3246,0,0,0,0,0,0,0,50,0,0,0,0,1,1,9,9,2,1,1,4,1,1,1,1,1,1,7,7,1,1,50,9,6,42,76,794,950,0,0,0,0,0,-100,-100,-100,-100,600,1440,107.7673,0,0,-0.000000,-1,0,0,0,1,0,13.7344,5,50,75.1289,13.7344,0,0,48.9844,0,100,0,0,0,0,0,0,0,0,0,0.4157,0.4157,1,0.4157,0.4157,30.0800,8.9635,20141,90,568,135,10975.2852,3604.2734,7254.3555,0,14579.5586,10.7239,2.0454,7.8333,10.7239,2.0464,2.7412,33.3333,5.4985,23.9192,0.000700,0.024300,0.000500,0.000600,0.001600,0.007700,0.000600,0.072600,0,0.021500,0.041300,0.039800,0.3355,0.1941,0.019500,0.005100,0.066800,0,0.047200,0.021400,0.1921,0.006100,0.031900,0.1352,0.015900,0.088800,0.4429,0.7729,0.3388,0.057400,2.4977,0.094200,0.031800,0.041300,0.6975,0.071600,0.002000,0.002600,0.063900,0.1997,0.051200,0.000600,0.6081,928,386662,0,0,0,0,0,0,0,0.001200,0.008300,0,0,0,0,0,0,0,0,0,0,0,0,0,0,0,0,0,0,0
,0.014200,0.009000,2,55,0,53,0,0,13,233,11,0,454,3,0,0,12,2,0,0,0,0,0.007600,0,0.3289,0.006000,0.008800,0.001000,0.8598,0.1753,0.050900,0.1294,0.001100,0.020500,0.002900,1,768,256,11229,3565.7148,15494.9102,239.1602,0.001800,4,0.000100,0.008100,0.001800,0.018500,0.1865,0,0,0.056700,0.2390,2.7900,0.076400,0.000200,0.001200,0.000200,0.000300,0.009500,0.006900,0.045800,0.006500,0.031400,0.1400,0.010400,0.006200,1.0498,0.024800,0.007900,0.031400,0.011400,0.019000,0.1336,0.008700,0.094200,0.002600,0.1245,0.010900,0.076700,0.6648,0.005200,2.5421,0.000200,0.2046,0.000500,0.000400,0.030500,0.3193,0.6621,0.025400,0.9413,0.1127,0.001900,0.008100,0.000400,0.033400,0.1530,8.2646,8.7628,13.0955,634,16,0.2500,0,16,3.8438,1,0,0,629,1,0,115,102,13,0,-1,-1,0,-1,-1,13.9904,4.9185,0,1525.2227,1525.2227,1525.0977,95,874,561,321,0,0,0.000900,0,0,0.015100,0.085300,0.000600,0.012400,0.072800,0.054300,0.000900,0.001900,0.000300,0.001900,0.006800,0.001200,0.003800,0.023700,0.1822,0.059900,0.079800,0.1605,0.041500,0.1733,0.022800,0.4721,0.000100,0.001700,0.061800,0.008700,0.001400,0.000500,0.026900,0.006100,0.012400,0.001100,0.1447,0.015400,0.050900,0.2225,0.071900,0.001300,0.031600,0.002200,0.035300,0.023300,0.025000,7.7489,0.064100,0.007400,0.000200,0,10.9906,0,0,0,0,0,0,0,50,0,0,0,0,1,1,9,9,2,1,1,4,1,1,1,1,1,1,7,7,1,1,50,9,6,42,76,794,950,0,0,0,0,0,-100,-100,-100,-100,600,1440,107.7673,0,0,-0.000000,-1,0,0,0,1,0,13.7344,5,50,75.1289,13.7344,0,0,48.9844,0,100,0,0,0,0,0,0,0,0,0,0.4828,0.4828,1,0.4828,0.4828,40.3765,8.9635,20141,90,568,135,10907.7773,3604.2734,7254.3555,0,14579.5586,10.4913,2.4654,7.4256,10.4913,2.4667,2.8550,33.3333,5.3517,24.2032,0.000200,0.021100,0.000600,0.000800,0.001600,0.007200,0.000700,0.071800,0,0.022600,0.020100,0.026900,0.3667,0.6482,0.018400,0.006200,0.061900,0,0.046100,0.007400,0.2071,0.006100,0.035500,0.5913,0.017900,0.1313,0.4357,0.7049,0.3114,0.057400,2.3081,0.094200,0.030700,0.038900,0.6929,0.089100,0.001800,0.002400,0.061100,0.1986,0.050200,0.000800,0.6443,977,395986,0.051500,0,0,0,0,0.1836,0.010800,0.001400,0.007800,0,0,0,0,0,0,0,0,0,0,0,0,0,0,0,0,0,0,0
,0.018700,0.007700,2,70,0,68,0,0,14,233,32,0,454,3,0,0,13,2,0,0,0,0,0,0.030700,0.3248,0.006500,0.009400,0.001300,0.8417,0.2227,0.048100,0.1247,0.001300,0.022600,0,0,768,256,11229,3565.7148,15494.9102,239.1602,0.001400,6,0.000200,0.009400,0.001900,0.017400,0.2166,0,0,0.055200,0.3025,2.5974,0.059000,0.000200,0.001100,0.000200,0.000200,0.007900,0.006600,0.039800,0.005200,0.030600,0.097600,0.010100,0.005700,0.7465,0.028500,0.011600,0.033200,0.011200,0.018500,0.1045,0.009500,0.080400,0.002500,0.1046,0.009200,0.070800,0.5900,0.004700,2.3377,0.000300,0.1853,0.000600,0.000500,0.031700,0.4143,0.6131,0.024700,0.9189,0.1679,0.001800,0.010500,0.000600,0.036800,0.1248,9.1641,8.7628,13.0955,634,16,0.2500,0,16,3.8438,1,0,0,629,1,0,115,102,13,0,-1,-1,0,-1,-1,13.9904,4.9185,0,1525.2227,1525.2227,1525.0977,95,875,561,321,0,0,0.000900,0,0,0.014700,0.083900,0.000600,0.011800,0.073100,0.043500,0.000800,0.001600,0.000300,0.001500,0.006200,0.001100,0.004100,0.024000,0.1636,0.060600,0.085400,0.1702,0.042900,0.2090,0.021800,0.1108,0.000200,0.002100,0.077400,0.009800,0.001400,0.000400,0.028700,0.006200,0.012500,0.001000,0.1521,0.016600,0.044700,0.2062,0.072900,0.001100,0.063100,0.002900,0.017300,0.025700,0.018600,8.4707,0.056000,0.005900,0.000100,0.005300,10.3571,0,0,0,0,0,0,0,50,0,0,0,0,1,1,9,9,2,1,1,4,1,1,1,1,1,1,7,7,1,1,50,9,6,42,76,794,950,0,0,0,0,0,-100,-100,-100,-100,600,1440,107.7673,0,0,-0.000000,-1,0,0,0,1,0,13.7344,5,50,75.1289,13.7344,0,0,48.9844,0,100,0,0,0,0,0,0,0,0,0,0.5027,0.5027,1,0.5027,0.5027,51.1530,8.9635,20141,90,568,135,10884.0547,3604.2734,7254.3555,0,14512.0508,10.8676,2.2792,8.2207,10.8676,2.2802,3.0148,33.3333,5.6470,23.7817,0.000200,0.021600,0.000700,0.000600,0.001400,0.007200,0.000500,0.075400,0.001100,0.020400,0.023200,0.033300,0.3406,0.2057,0.019400,0.006200,0.061500,0,0.046000,0.007500,0.1940,0.005100,0.032300,0.1418,0.016500,0.092800,0.4383,0.7734,0.3161,0.055400,2.4556,0.095200,0.031700,0.051600,0.6907,0.063700,0.002100,0.002600,0.073700,0.2007,0.050100,0.000600,0.6062,972,398434,0,0,0,0,0,0.1134,0,0.001100,0.008500,0,0,0,0,0,0,0,0,0,0,0,0,0,0,0,0,0,0,0
,0.020100,0.006400,2,64,0,62,0,0,13,233,42,0,454,3,0,0,12,2,0,0,0,0,0.021300,0.015700,0.3216,0.006000,0.009200,0.000900,0.8910,0.1730,0.056500,0.1319,0.001200,0.022000,0.001100,0,768,256,11229,3565.7148,15494.9102,239.1602,0.001400,6,0.000200,0.008400,0.002100,0.018100,0.1924,0,0,0.058400,0.3415,2.5293,0.075100,0.000200,0.001100,0.000200,0.000200,0.006200,0.006700,0.044200,0.006000,0.043800,0.1841,0.012200,0.005500,1.6629,0.030500,0.009800,0.033500,0.013400,0.020800,0.079600,0.012400,0.077500,0.002300,0.082200,0.008100,0.068200,0.6108,0.004600,2.3704,0.000200,0.1994,0.000500,0.000400,0.031400,0.3202,0.6709,0.026300,0.9338,0.4955,0.002300,0.015100,0.000500,0.037000,0,8.4089,8.7628,13.0955,634,16,0.2500,0,16,3.8438,1,0,0,629,1,0,115,102,13,0,-1,-1,0,-1,-1,13.9904,4.9185,0,1525.2227,1525.2227,1443.3164,95,876,551,321,0,0,0.001000,0,0,0.015300,0.081300,0.000600,0.011000,0.090000,0.039900,0.001000,0.001800,0.000300,0.001500,0.006400,0.001000,0.003800,0.022700,0.1298,0.059100,0.081400,0.1435,0.046600,0.1585,0.026200,0.1777,0.000200,0.001500,0.063600,0.008000,0.001100,0.000600,0.025100,0.006500,0.012200,0.001300,0.1390,0.014000,0.040900,0.2045,0.068000,0.001200,0.043800,0.002200,0.032700,0.025200,0.016500,8.1582,0.058700,0.005700,0.000100,0,10.7858,0,0,0,0,0,0,0,50,0,0,0,0,1,1,9,9,2,1,1,4,1,1,1,1,1,1,7,7,1,1,50,9,6,42,76,794,950,0,0,0,0,0,-100,-100,-100,-100,600,1440,107.7673,0,0,-0.000000,-1,0,0,0,1,0,13.7344,5,50,75.1289,13.7344,0,0,48.9844,0,100,0,0,0,0,0,0,0,0,0,0.4841,0.4841,1,0.4841,0.4841,61.5257,8.9635,20141,90,568,135,10884.0547,3604.2734,7254.3555,0,14488.3281,9.9772,2.2757,8.2207,9.9772,2.2768,2.9042,33.3333,6.0842,23.4135,0.000200,0.022200,0.000600,0.000900,0.001900,0.008700,0.000600,0.072900,0.001000,0.019400,0.027100,0.040700,0.3551,0.2059,0.019500,0.005100,0.065900,0,0.046500,0.008500,0.1888,0.005100,0.032000,0.1371,0.015500,0.089700,0.4274,0.7199,0.3869,0.055200,2.0675,0.094200,0.031700,0.038800,0.6924,0.088400,0.002100,0.002800,0.061000,0.1956,0.050200,0.000600,0.6419,932,387314,0,0,0,0,0,0,0,0.001300,0.008300,0,0,0,0,0,0,0,0,0,0,0,0,0,0,0,0,0,0,0
,0.018400,0.079300,2,56,0,54,0,0,13,233,13,0,454,3,0,0,12,2,0,0,0,0,0.008700,0.002200,0.3355,0.006200,0.009300,0.000800,0.8802,0.1944,0.052600,0.1235,0.000900,0.031100,0,0,768,256,11229,3565.7148,15494.9102,239.1602,0.002100,0,0.000400,0.012200,0.002400,0.018700,0.1970,0,0,0.071800,0.2702,2.7426,0.064000,0.000200,0.001300,0.000200,0.000300,0.007200,0.007900,0.040300,0.004900,0.032400,0.1265,0.010500,0.006400,0.4723,0.026900,0.008700,0.026700,0.012200,0.019600,0.095100,0.011100,0.069800,0.002000,0.086000,0.010600,0.074700,0.6319,0.005600,2.4709,0.000400,0.1934,0.000800,0.000400,0.028700,0.2988,0.6916,0.026700,0.9668,0.4576,0.002300,0.011800,0.000500,0.032700,0,8.8954,8.7628,13.0955,634,16,0.2500,0,16,3.8438,1,0,0,629,1,0,115,102,13,0,-1,-1,0,-1,-1,13.9904,4.9185,0,1525.2227,1525.2227,1441.6289,95,873,561,322,0,0,0.000900,0,0,0.018900,0.085600,0.000600,0.013300,0.068500,0.042400,0.001000,0.001600,0.000200,0.001500,0.006400,0.001200,0.003700,0.022200,0.1467,0.072400,0.085100,0.1535,0.040900,0.2736,0.019000,0.2933,0.000200,0.001700,0.064800,0.009000,0.001100,0.000600,0.026200,0.005900,0.012600,0.001100,0.1626,0.017800,0.041800,0.4099,0.070500,0.001100,0.042300,0.002500,0.039600,0.026600,0.021300,8.0781,0.059100,0.005800,0.000200,0,10.2974,0,0,0,0,0,0,0,50,0,0,0,0,1,1,9,9,2,1,1,4,1,1,1,1,1,1,7,7,1,1,50,9,6,42,76,794,950,0,0,0,0,0,-100,-100,-100,-100,600,1440,107.7673,0,0,-0.000000,-1,0,0,0,1,0,13.7344,5,50,75.1289,13.7344,0,0,48.9844,0,100,0,0,0,0,0,0,0,0,0,0.4120,0.4120,1,0.4120,0.4120,10.2808,8.9635,20141,90,568,135,10884.0547,3604.2734,7254.3555,0,14488.3281,11.0653,2.3783,7.3723,11.0653,2.3783,2.9164,33.3333,5.6075,22.8167,0.000200,0.021700,0.000700,0.000600,0.001900,0.009400,0.001500,0.074400,0,0.023500,0.020600,0.032200,0.3519,0.1930,0.019400,0.006200,0.062800,0,0.059000,0.018900,0.1799,0,0.031600,0.1411,0.015100,0.091200,0.4271,0.6869,0.3118,0.057300,3.1026,0.095200,0.034800,0.039400,0.6907,0.087400,0.002200,0.002500,0.062000,0.1977,0.050100,0.000600,0.6148,994,399492,0,2280,1280,0,2.8179,0,0,0,0.009600,0,0,0,0,0,0,0,0,0,0,0,0,0,0,0,0,0,0,0
,0.025400,0.023100,0,0,0,0,0,0,0,0,0,0,0,0,0,0,0,0,0,0,0,0,0.008600,0,0.3373,0.006100,0.021000,0.001300,0.8455,0.1940,0.051500,0.1226,0.001200,0.035400,0,0,768,256,11229,3565.7148,15494.9102,239.1602,0.001700,3,0.000200,0.008000,0.002400,0.013500,0.1916,0,0,0.059900,0.2097,2.6031,0.063400,0.000300,0.001300,0.000200,0.000200,0.006200,0.007400,0.044200,0.005300,0.032300,0.1169,0.010600,0.006300,0.5098,0.027900,0.008700,0.031200,0.011800,0.018700,0.1020,0.010000,0.078600,0.002300,0.079500,0.009300,0.069200,0.5980,0.005200,2.3650,0.000300,0.1927,0.000500,0.000400,0.030200,0.2955,0.7313,0.024700,0.9254,0.1725,0.002300,0.010800,0.000700,0.038500,0.045800,7.4107,8.7628,13.0955,634,16,0.2500,0,16,3.8438,1,0,0,629,1,0,115,102,13,0,-1,-1,0,-1,-1,13.9904,4.9185,0,1525.2227,1525.2227,1525.0977,95,875,561,322,0,0,0.000700,0,0,0.014700,0.093400,0.000600,0.011600,0.080000,0.041700,0.001000,0.001300,0.000200,0.001500,0.005900,0.001000,0.004000,0.022000,0.1346,0.056900,0.079900,0.1642,0.042200,0.1888,0.057900,1.0678,0.000400,0.014000,0.071100,0.009400,0.001700,0.000600,0.030300,0.006200,0.014100,0.001300,0.1608,0.015200,0.047700,0.1984,0.070900,0.001300,0.043300,0.002300,0.017800,0.024700,0.020500,6.8392,0.060500,0.006400,0.000100,0,10.7722,0,0,0,0,0,0,0,50,0,0,0,0,1,1,9,9,2,1,1,4,1,1,1,1,1,1,7,7,1,1,50,9,6,42,76,794,950,0,0,0,0,0,-100,-100,-100,-100,600,1440,107.7673,0,0,-0.000000,-1,0,0,0,1,0,13.7344,5,50,75.1289,13.7344,0,0,48.9844,0,100,0,0,0,0,0,0,0,0,0,1.4445,1.4445,1,1.4445,1.4445,20.3580,8.9635,20141,90,568,135,10884.3281,3604.2734,7254.3555,0,14488.3281,10.0933,3.4498,7.3723,10.0933,3.4498,2.9679,33.3333,5.7393,22.9550,0.000600,0.021800,0.000500,0.000600,0.001800,0.009700,0.000600,0.075200,0,0.024600,0.020200,0.025700,0.3474,0.1844,0.019500,0.006100,0.062300,0,0.046900,0.010600,0.1886,0.006200,0.032800,0.1383,0.015300,0.092300,0.4265,0.6800,0.3571,0.056200,2.4885,0.094200,0.034800,0.039100,0.6903,0.098300,0.002200,0.002500,0.061400,0.1977,0.050200,0.000600,0.6021,959,393748,0,0,0,0,0,0.5248,0,0,0.007900,0,0,0,0,0,0,0,0,0,0,0,0,0,0,0,0,0,0,0
,0.017000,0.017400,4,139,0,135,0,0,27,466,77,0,908,6,0,0,25,4,0,0,0,0,0.007900,0.024400,0.3321,0.005600,0.009100,0.001000,1.0744,0.1905,0.055600,0.1298,0.003800,0.027000,0.004400,0,768,256,11229,3565.7148,15494.9102,239.1602,0.001700,3,0.000200,0.008100,0.002000,0.014700,1.1928,0,0,0.056800,0.2169,2.8351,0.088900,0.000300,0.001700,0.000200,0.000300,0.008500,0.007800,0.058300,0.005000,0.067600,0.1569,0.013500,0.007000,2.0246,0.028100,0.008100,0.035300,0.012100,0.019100,0.1036,0.010500,0.079300,0.002100,0.079500,0.008000,0.067700,0.5965,0.005400,2.3190,0.000200,0.1962,0.000700,0.000300,0.027700,0.3076,0.6205,0.022900,0.8717,0.4638,0.002000,0.010400,0.000500,0.033500,0.1237,8.4832,8.7628,13.0955,634,16,0.2500,0,16,3.8438,1,0,0,629,1,0,115,102,13,0,-1,-1,0,-1,-1,13.9904,4.9185,0,1525.2227,1525.2227,1525.0977,95,873,561,322,0,0,0.001000,0,0,0.016500,0.081100,0.000600,0.011600,0.073200,0.040400,0.000800,0.001700,0.000200,0.001700,0.006600,0.000900,0.003800,0.021300,0.1804,0.054500,0.074900,0.1499,0.039000,0.1912,0.022200,0.096400,0.000400,0.001800,0.069200,0.008800,0.001400,0.000600,0.029700,0.006900,0.013500,0.001300,0.1467,0.015600,0.044900,0.2062,0.068500,0.001100,0.044700,0.002400,0.032600,0.022700,0.018000,7.9351,0.060700,0.006700,0.000100,0.002000,10.0030,0,0,0,0,0,0,0,50,0,0,0,0,1,1,9,9,2,1,1,4,1,1,1,1,1,1,7,7,1,1,50,9,6,42,76,794,950,0,0,0,0,0,-100,-100,-100,-100,600,1440,107.7673,0,0,-0.000000,-1,0,0,0,1,0,13.7344,5,50,75.1289,13.7344,0,0,48.9844,0,100,0,0,0,0,0,0,0,0,0,0.4873,0.4873,1,0.4873,0.4873,30.4188,8.9635,20141,90,568,135,10885.0547,3604.2734,7254.3555,0,14488.6016,10.0628,2.1408,7.2873,10.0628,2.1426,2.9876,33.3333,5.5165,23.4811,0.000200,0.022400,0.000600,0.000600,0.001600,0.013800,0.000600,0.072100,0.001000,0.017400,0.027300,0.033800,0.3759,0.2027,0.020500,0.005100,0.068200,0,0.056700,0.011600,0.1870,0.005100,0.032800,0.1371,0.016000,0.085600,0.4360,0.6891,0.3119,0.057200,2.3314,0.095300,0.030700,0.039700,0.6906,0.089800,0.001800,0.002500,0.060900,0.1967,0.050200,0.000600,0.6551,984,398520,0,0,0,0,0,0,0.006900,0.002100,0.008400,0,0,0,0,0,0,0,0,0,0,0,0,0,0,0,0,0,0,0
,0.029100,0.005500,2,73,0,71,0,0,14,233,25,0,454,3,0,0,13,2,0,0,0,0,0.009200,0.017600,0.3475,0.005800,0.008400,0.000900,0.8573,0.1923,0.049600,0.1298,0.001400,0.024700,0,0,768,256,11229,3565.7148,15494.9102,239.1602,0.001600,5,0.000200,0.007800,0.001700,0.012400,0.2247,0,0,0.059200,0.2724,2.5448,0.064400,0.000200,0.001200,0.000200,0.000300,0.006200,0.007200,0.052000,0.005100,0.043600,0.097800,0.011600,0.005600,0.4521,0.027600,0.009300,0.029100,0.012000,0.018700,0.087500,0.008700,0.072700,0.002300,0.078400,0.008700,0.068400,0.7337,0.006800,2.6600,0.000400,0.2222,0.000700,0.000200,0.037100,0.3144,0.8057,0.025100,0.9623,0.1798,0.002200,0.011400,0.000500,0.041900,0.095400,9.8435,8.7628,13.0955,634,16,0.2500,0,16,3.8438,1,0,0,629,1,0,115,102,13,0,-1,-1,0,-1,-1,13.9904,4.9185,0,1525.2227,1525.2227,1525.0977,95,873,561,322,0,0,0.001200,0,0,0.014400,0.081800,0.000500,0.011500,0.071900,0.040400,0.000800,0.001700,0.000400,0.001700,0.006500,0.000900,0.003500,0.022500,0.1910,0.072000,0.091800,0.1511,0.063700,0.1746,0.029000,0.1134,0.000300,0.001600,0.064200,0.009400,0.001500,0.000500,0.028200,0.006700,0.012300,0.001200,0.1571,0.018900,0.039800,0.2015,0.068300,0.001000,0.034300,0.003400,0.032900,0.021700,0.017700,9.7329,0.057700,0.006300,0.000300,0,10.1410,0,0,0,0,0,0,0,50,0,0,0,0,1,1,9,9,2,1,1,4,1,1,1,1,1,1,7,7,1,1,50,9,6,42,76,794,950,0,0,0,0,0,-100,-100,-100,-100,600,1440,107.7673,0,0,-0.000000,-1,0,0,0,1,0,13.7344,5,50,75.1289,13.7344,0,0,48.9844,0,100,0,0,0,0,0,0,0,0,0,0.5302,0.5302,1,0.5302,0.5302,42.4169,8.9635,20141,90,568,135,10885.0547,3604.2734,7254.3555,0,14489.3281,11.5743,2.2676,7.5146,11.5743,2.2686,2.8293,33.3333,5.3955,24.3391,0.000600,0.020500,0.000600,0.000600,0.001700,0.008800,0.000600,0.074600,0.001100,0.018500,0.025600,0.034500,0.3481,0.1907,0.020500,0.005100,0.062200,0,0.045400,0.011100,0.2051,0.005100,0.031900,0.1422,0.015700,0.091200,0.4301,0.6225,0.2930,0.062500,3.2758,0.096300,0.031700,0.039500,0.6933,0.081900,0.002000,0.002300,0.063400,0.1966,0.049100,0.000700,0.6114,951,390908,0,0,0,0,0,0,0,0.001200,0.008800,0,0,0,0,0,0,0,0,0,0,0,0,0,0,0,0,0,0,0
,0.022700,0.007000,2,60,0,58,0,0,13,233,31,0,454,3,0,0,12,2,0,0,0,0,0.008100,0.005800,0.3405,0.004700,0.009200,0.001200,0.8814,0.6748,0.056900,0.1353,0.001200,0.032400,0,0,768,256,11229,3565.7148,15494.9102,239.1602,0.001800,2,0.000300,0.009700,0.001900,0.018500,0.1988,0,0,0.059900,0.2760,2.5736,0.061300,0.000300,0.001500,0.000200,0.000200,0.007000,0.007800,0.042500,0.005500,0.033000,0.5741,0.011400,0.006100,0.7832,0.027800,0.008900,0.029000,0.011600,0.018100,0.095400,0.011000,0.073800,0.002200,0.079100,0.008100,0.078900,0.6141,0.004800,2.3417,0.000300,0.1776,0.000600,0.000300,0.029600,0.2974,0.5791,0.023500,0.8312,0.1739,0.001900,0.010600,0.000600,0.038300,0.037200,7.9244,8.7628,13.0955,634,16,0.2500,0,16,3.8438,1,0,0,629,1,0,115,102,13,0,-1,-1,0,-1,-1,13.9904,4.9185,0,1525.2227,1525.2227,1525.0977,95,870,551,322,0,0,0.000800,0,0,0.019200,0.093000,0.000700,0.011700,0.073200,0.038000,0.000800,0.001600,0.000300,0.001600,0.006300,0.001100,0.004000,0.022600,0.1307,0.052800,0.075300,0.1634,0.042900,0.5713,0.013400,0,0.000400,0.001900,0.065200,0.009900,0.000900,0.000600,0.028800,0.007100,0.012700,0.001100,0.1409,0.014300,0.042500,0.2136,0.067000,0.001000,0.038200,0.002200,0.016000,0.024800,0.021800,7.2753,0.062100,0.006700,0.000100,0,11.9468,0,0,0,0,0,0,0,50,0,0,0,0,1,1,9,9,2,1,1,4,1,1,1,1,1,1,7,7,1,1,50,9,6,42,76,794,950,0,0,0,0,0,-100,-100,-100,-100,600,1440,107.7673,0,0,-0.000000,-1,0,0,0,1,0,13.7344,5,50,75.1289,13.7344,0,0,48.9844,0,100,0,0,0,0,0,0,0,0,0,0.4516,0.4516,1,0.4516,0.4516,52.0850,8.9635,20141,90,568,135,10885.0547,3604.2734,7254.3555,0,14489.3281,10.0852,2.3780,8.3721,10.0852,2.3780,2.7593,33.3333,5.5121,23.7112,0.000200,0.022000,0.000600,0.000600,0.001400,0.007200,0.000600,0.074100,0,0.022500,0.026800,0.039100,0.3550,0.2007,0.019500,0.006100,0.066600,0,0.043800,0.012200,0.2032,0.005100,0.032900,0.1376,0.014900,0.091500,0.4266,0.7643,0.3396,0.056300,2.4967,0.094200,0.031800,0.039700,0.6975,0.072000,0.001800,0.002400,0.062000,0.1957,0.049100,0.000700,0.6222,955,393700,0.064700,0,0,0,0,0,0.013500,0,0.009300,0,0,0,0,0,0,0,0,0,0,0,0,0,0,0,0,0,0,0
,0.013600,0.017400,2,63,0,61,0,0,13,233,29,0,454,3,0,0,12,2,0,0,0,0,0.009700,0.028900,0.3409,0.005700,0.009300,0.000900,0.8842,0.1828,0.064500,0.1338,0.001000,0.027100,0,0,768,256,11229,3565.7148,15494.9102,239.1602,0.002100,4,0.000100,0.008700,0.002000,0.014200,0.1706,0,0,0.061100,0.3770,2.7142,0.073900,0.000200,0.001400,0.000200,0.000200,0.006600,0.007400,0.049200,0.006700,0.031900,0.1345,0.012700,0.007400,1.1498,0.026100,0.008000,0.048500,0.012000,0.022900,0.072700,0.009400,0.083300,0.002300,0.081900,0.009000,0.066700,0.6166,0.005400,2.3570,0.000300,0.1864,0.000500,0.000300,0.036800,0.2996,0.5728,0.022900,0.8874,0.4102,0.002000,0.009000,0.000400,0.034300,0.048800,8.4142,8.7628,13.0955,634,16,0.2500,0,16,3.8438,1,0,0,629,1,0,115,102,13,0,-1,-1,0,-1,-1,13.9904,4.9185,0,1525.2227,1525.2227,1441.5039,95,870,551,322,0,0,0.001000,0,0,0.014800,0.087700,0.000500,0.012700,0.071800,0.044900,0.001000,0.001800,0.000200,0.001600,0.006300,0.001100,0.003600,0.022700,0.1630,0.057200,0.082400,0.1574,0.038300,0.1639,0.024400,0.1339,0.000200,0.001500,0.065100,0.009400,0.001300,0.000800,0.027600,0.006700,0.013400,0.001200,0.1457,0.015500,0.044800,0.2122,0.068600,0.001200,0.046500,0.002800,0.033400,0.024500,0.017200,7.7789,0.060700,0.007100,0.000100,0,9.7509,0,0,0,0,0,0,0,50,0,0,0,0,1,1,9,9,2,1,1,4,1,1,1,1,1,1,7,7,1,1,50,9,6,42,76,794,950,0,0,0,0,0,-100,-100,-100,-100,600,1440,107.7673,0,0,-0.000000,-1,0,0,0,1,0,13.7344,5,50,75.1289,13.7344,0,0,48.9844,0,100,0,0,0,0,0,0,0,0,0,0.4808,0.4808,1,0.4808,0.4808,62.1313,8.9635,20141,90,568,135,10885.0547,3604.2734,7254.3555,0,14489.3281,10.0275,2.2632,7.4453,10.0275,2.2650,2.9301,33.3333,5.8394,23.8595,0.000600,0.021200,0.000500,0.000700,0.001600,0.007000,0.000600,0.074100,0,0.018500,0.033600,0.026000,0.3525,0.2208,0.020400,0.006200,0.065800,0,0.048300,0.016300,0.2005,0,0.033100,0.1431,0.031300,0.1113,0.8483,0.7443,0.3437,0.057400,2.4281,0.095300,0.031700,0.038800,0.6912,0.092500,0.004000,0.004600,0.061600,0.1965,0.050200,0.000600,0.6258,974,394992,0,0,0,0,0,0,0.004300,0.002000,0.008800,0,0,0,0,0,0,0,0,0,0,0,0,0,0,0,0,0,0,0
,0.013200,0.009200,2,73,0,71,0,0,14,233,30,0,454,3,0,0,13,2,0,0,0,0,0.009000,0.012800,0.3691,0.005600,0.007700,0.000900,0.8546,0.2319,0.048900,0.1268,0.001600,0.026100,0,0,768,256,11229,3565.7148,15494.9102,239.1602,0.001900,6,0.000100,0.011300,0.002000,0.013100,0.2247,0,0,0.057900,0.2102,2.6698,0.064200,0.000300,0.001300,0.000200,0.000200,0.006700,0.007000,0.046200,0.005300,0.029800,0.1325,0.010900,0.005800,1.2200,0.028100,0.008300,0.029100,0.011300,0.019400,0.089500,0.011100,0.080300,0.002300,0.085000,0.009000,0.071700,0.6673,0.005200,2.6590,0.000400,0.2171,0.000500,0.000400,0.032100,0.3394,0.6395,0.025200,0.9947,0.1724,0.002100,0.009800,0.000400,0.038000,0.058000,8.7252,8.7628,13.0955,634,16,0.2500,0,16,3.8438,1,0,0,629,1,0,115,102,13,0,-1,-1,0,-1,-1,13.9904,4.9185,0,1525.2227,1525.2227,1525.0977,95,871,551,322,0,0,0.000800,0,0,0.014700,0.084200,0.000600,0.011400,0.090800,0.042400,0.000800,0.001800,0.000200,0.001600,0.006400,0.000900,0.004100,0.023400,0.1679,0.062000,0.096400,0.1670,0.043500,0.2307,0.021800,0.064400,0.000300,0.001900,0.079000,0.010600,0.002000,0.001300,0.035400,0.011600,0.014100,0.001400,0.1751,0.015800,0.045600,0.2527,0.072100,0.001200,0.041300,0.002500,0.037000,0.035600,0.032500,8.4153,0.056900,0.006200,0.000200,0.002500,10.0496,0,0,0,0,0,0,0,50,0,0,0,0,1,1,9,9,2,1,1,4,1,1,1,1,1,1,7,7,1,1,50,9,6,42,76,794,950,0,0,0,0,0,-100,-100,-100,-100,600,1440,107.7673,0,0,-0.000000,-1,0,0,0,1,0,13.7344,5,50,75.1289,13.7344,0,0,48.9844,0,100,0,0,0,0,0,0,0,0,0,0.4713,0.4713,1,0.4713,0.4713,9.7418,8.9635,20141,90,568,135,10885.0547,3604.2734,7254.3555,0,14489.3281,10.4801,2.3373,7.8271,10.4801,2.3391,2.9649,33.3333,6.1398,22.9568,0.000600,0.022500,0.000700,0.000600,0.001500,0.007500,0.000600,0.072400,0,0.019400,0.028000,0.038700,0.3513,0.3058,0.019500,0.006100,0.065400,0,0.044100,0.015100,0.1793,0,0.031100,0.1305,0.015400,0.089700,0.4400,0.6949,0.3920,0.057400,2.0675,0.093200,0.030700,0.039400,0.6926,0.1252,0.002000,0.002500,0.063200,0.2029,0.051200,0.000700,0.6118,923,385176,0,2528,1402,0,2.8100,0,0,0.002100,0.009000,0,0,0,0,0,0,0,0,0,0,0,0,0,0,0,0,0,0,0
,0.019500,0.005400,2,57,0,55,0,0,13,233,14,0,454,3,0,0,12,2,0,0,0,0,0,0.008200,0.3320,0.006700,0.009100,0.001100,0.8758,0.1784,0.058300,0.1301,0.001300,0.020300,0,0,768,256,11229,3565.7148,15494.9102,239.1602,0.002300,2,0.000300,0.008100,0.001900,0.014700,0.1869,0,0,0.058400,0.3090,2.5482,0.060700,0.000200,0.001100,0.000200,0.000300,0.007100,0.007100,0.041200,0.004800,0.033500,0.1341,0.011300,0.006800,0.8527,0.027000,0.008700,0.025600,0.011600,0.018700,0.086700,0.008800,0.066300,0.001900,0.076900,0.008200,0.067100,0.5713,0.004200,2.2806,0.000300,0.1759,0.000600,0.000400,0.028100,0.3674,0.6124,0.026300,0.9729,0.4474,0.002000,0.010600,0.000500,0.034800,0.056800,8.0889,8.7628,13.0955,634,16,0.2500,0,16,3.8438,1,0,0,629,1,0,115,102,13,0,-1,-1,0,-1,-1,13.9904,4.9185,0,1525.2227,1525.2227,1525.0977,95,874,561,322,0,0,0.001100,0,0,0.013900,0.077300,0.000600,0.011500,0.071600,0.037000,0.000800,0.001500,0.000300,0.001600,0.006100,0.000900,0.003500,0.020800,0.1509,0.055300,0.075400,0.1583,0.043200,0.1705,0.023700,0.8525,0.000300,0.001500,0.066900,0.009300,0.001700,0.000500,0.025400,0.006400,0.012600,0.001200,0.1356,0.013500,0.040100,0.1990,0.064600,0.001100,0.046200,0.002500,0.017800,0.033700,0.022000,7.4508,0.056800,0.006400,0.000100,0.003900,10.8688,0,0,0,0,0,0,0,50,0,0,0,0,1,1,9,9,2,1,1,4,1,1,1,1,1,1,7,7,1,1,50,9,6,42,76,794,950,0,0,0,0,0,-100,-100,-100,-100,600,1440,107.7673,0,0,-0.000000,-1,0,0,0,1,0,13.7344,5,50,75.1289,13.7344,0,0,48.9844,0,100,0,0,0,0,0,0,0,0,0,1.1954,1.1954,1,1.1954,1.1954,20.1408,8.9635,20141,90,568,135,10885.0547,3604.2734,7254.3555,0,14489.3281,10.7971,3.0587,7.3530,10.7971,3.0587,2.9769,33.3333,5.1490,24.0385,0.000300,0.022500,0.000600,0.000700,0.001900,0.008000,0.001600,0.071500,0,0.020400,0.031500,0.038900,0.3553,0.2251,0.018400,0.005100,0.061700,0,0.045900,0.012600,0.1780,0,0.033000,0.1342,0.015300,0.097500,0.5284,0.7161,0.3126,0.056300,2.1257,0.094200,0.031700,0.040000,0.6860,0.093600,0.002500,0.004800,0.062100,0.2079,0.050200,0.000700,0.6061,917,384232,0,0,0,0,0,0,0,0,0.007600,0,0,0,0,0,0,0,0,0,0,0,0,0,0,0,0,0,0,0
,0.014400,0.019800,2,55,0,53,0,0,13,233,12,0,454,3,0,0,12,2,0,0,0,0,0.023400,0.011300,0.4037,0.005500,0.008100,0.001200,0.8652,0.1944,0.048400,0.1250,0.001800,0.037000,0,0,768,256,11229,3565.7148,15494.9102,239.1602,0.001900,4,0,0.008500,0.001700,0.014100,0.1727,0,0,0.068500,0.2671,2.5270,0.069300,0.000400,0.001200,0.000200,0.000200,0.006800,0.006700,0.039600,0.004800,0.032600,0.1330,0.010200,0.006100,0.7623,0.026000,0.021600,0.032200,0.012700,0.018700,0.1190,0.009100,0.081500,0.002100,0.084200,0.009900,0.076400,0.6396,0.005600,2.3257,0.000400,0.1792,0.000600,0.000300,0.029900,0.3022,0.7028,0.023900,0.9015,0.1248,0.002900,0.009300,0.000500,0.032600,0,8.5762,8.7628,13.0955,634,16,0.2500,0,16,3.8438,1,0,0,629,1,0,115,102,13,0,-1,-1,0,-1,-1,13.9904,4.9185,0,1525.2227,1525.2227,1525.0977,95,870,551,321,0,0,0.000900,0,0,0.015500,0.082200,0.000600,0.013100,0.067600,0.039600,0.000800,0.001600,0.000300,0.001600,0.006400,0.001100,0.003800,0.022500,0.1482,0.054500,0.080300,0.1517,0.044300,0.1938,0.031000,0.078800,0.000300,0.001500,0.065600,0.008400,0.001600,0.000400,0.026800,0.006100,0.011400,0.001100,0.1375,0.016000,0.043600,0.2039,0.067700,0.001200,0.041300,0.002400,0.032900,0.022700,0.017000,8.0530,0.057300,0.006600,0.000100,0,10.2716,0,0,0,0,0,0,0,50,0,0,0,0,1,1,9,9,2,1,1,4,1,1,1,1,1,1,7,7,1,1,50,9,6,42,76,794,950,0,0,0,0,0,-100,-100,-100,-100,600,1440,107.7673,0,0,-0.000000,-1,0,0,0,1,0,13.7344,5,50,75.1289,13.7344,0,0,48.9844,0,100,0,0,0,0,0,0,0,0,0,0.4492,0.4492,1,0.4492,0.4492,30.2845,8.9635,20141,90,568,135,10885.0547,3604.2734,7254.3555,0,14489.3281,10.0233,2.0775,7.2510,10.0233,2.0775,2.7401,33.3333,5.9541,24.0265,0.000300,0.021800,0.000500,0.000600,0.001700,0.010100,0.000600,0.085500,0.001000,0.021500,0.020600,0.031800,0.3748,0.1893,0.031700,0.006100,0.066800,0,0.057400,0.012400,0.1659,0.006200,0.030500,0.1339,0.015500,0.092000,0.4309,0.7753,0.3262,0.056400,3.2790,0.095300,0.030700,0.038900,0.7022,0.083800,0.001900,0.002600,0.072000,0.1987,0.049100,0.000700,0.6235,972,395948,0,0,0,0,0,0.3348,0,0,0.007900,0,0,0,0,0,0,0,0,0,0,0,0,0,0,0,0,0,0,0
,0.018600,0.006400,2,70,0,68,0,0,14,233,29,0,454,3,0,0,13,2,0,0,0,0,0.008200,0.013400,0.3295,0.005500,0.008300,0.001100,0.8828,0.2745,0.053300,0.1280,0.001200,0.029700,0,0,768,256,11229,3565.7148,15494.9102,239.1602,0.001400,6,0.000300,0.009000,0.002000,0.013200,0.2034,0,0,0.057900,0.3495,2.6836,0.059000,0.000200,0.001400,0.000200,0.000200,0.007100,0.006000,0.043700,0.004700,0.031600,0.1402,0.010200,0.006200,0.9534,0.025500,0.009000,0.024900,0.011500,0.019500,0.073800,0.011400,0.068400,0.002000,0.1106,0.010100,0.073200,0.6520,0.005300,2.7662,0.000200,0.2216,0.000800,0.000500,0.031300,0.3160,1.1265,0.030800,0.9653,0.1108,0.002000,0.012000,0.000500,0.058700,0.1252,6.7334,8.7628,13.0955,634,16,0.2500,0,16,3.8438,1,0,0,629,1,0,115,102,13,0,-1,-1,0,-1,-1,13.9904,4.9185,0,1525.2227,1525.2227,1441.5039,95,876,561,321,0,0,0.000900,0,0,0.013900,0.080300,0.000700,0.012100,0.082400,0.042400,0.001000,0.001600,0.000300,0.001800,0.006900,0.000800,0.003800,0.022600,0.1454,0.060400,0.078000,0.1744,0.044500,0.2555,0.020800,1.5122,0.000400,0.001800,0.090200,0.010300,0.001700,0.000800,0.031100,0.006000,0.014800,0.001100,0.1521,0.015600,0.045400,0.2141,0.090500,0.001400,0.041000,0.002300,0.033100,0.022000,0.021700,6.5165,0.055600,0.006400,0.000100,0,10.2133,0,0,0,0,0,0,0,50,0,0,0,0,1,1,9,9,2,1,1,4,1,1,1,1,1,1,7,7,1,1,50,9,6,42,76,794,950,0,0,0,0,0,-100,-100,-100,-100,600,1440,107.7673,0,0,-0.000000,-1,0,0,0,1,0,13.7344,5,50,75.1289,13.7344,0,0,48.9844,0,100,0,0,0,0,0,0,0,0,0,1.9328,1.9328,1,1.9328,1.9328,40.5900,8.9635,20141,90,568,135,10885.0547,3604.2734,7254.3555,0,14489.3281,10.0107,3.7136,8.2778,10.0107,3.7136,2.8291,33.3333,5.8763,23.5637,0.000600,0.021900,0.000600,0.000800,0.001700,0.008700,0.000600,0.072100,0,0.019500,0.030900,0.036900,0.3532,0.1885,0.020500,0.006100,0.062000,0,0.043800,0.016000,0.1869,0,0.031600,0.1380,0.015700,0.099000,0.4368,0.8045,0.3110,0.067600,2.4014,0.094200,0.030800,0.049800,0.6938,0.081800,0.001900,0.002600,0.063000,0.1998,0.050200,0.000600,0.6466,966,397248,0,0,0,0,0,0,0,0,0.007900,0,0,0,0,0,0,0,0,0,0,0,0,0,0,0,0,0,0,0
,0.017500,0.010600,2,64,0,62,0,0,13,233,43,0,454,3,0,0,12,2,0,0,0,0,0.009700,0,0.3536,0.006200,0.008900,0.001000,0.9153,0.1904,0.058200,0.1354,0.000800,0.036600,0.005500,0,768,256,11229,3565.7148,15494.9102,239.1602,0.003800,0,0.000500,0.009800,0.002300,0.022100,0.1796,0,0,0.063200,0.3056,2.6033,0.071000,0.000300,0.001100,0.000300,0.000400,0.006700,0.009200,0.043400,0.005700,0.034000,0.1115,0.011200,0.006000,1.2606,0.027900,0.009200,0.030900,0.012600,0.019200,0.080400,0.011800,0.082500,0.002400,0.1165,0.009000,0.070600,0.5981,0.004900,2.3662,0.000300,0.2038,0.000500,0.000400,0.031200,0.3103,0.7758,0.023500,0.9018,0.6130,0.002000,0.012200,0.000700,0.038300,0.1235,8.4706,8.7628,13.0955,634,16,0.2500,0,16,3.8438,1,0,0,629,1,0,115,102,13,0,-1,-1,0,-1,-1,13.9904,4.9185,0,1525.2227,1525.2227,1525.0977,95,871,551,321,0,0,0.001300,0,0,0.014100,0.077700,0.000500,0.015500,0.071800,0.035300,0.000800,0.001400,0.000200,0.001800,0.006100,0.000900,0.003300,0.020100,0.1464,0.054200,0.087900,0.1488,0.048900,0.2338,0.019400,0.7342,0.000200,0.001500,0.067600,0.008500,0.001300,0.000600,0.028100,0.006400,0.013400,0.001300,0.1445,0.015300,0.043100,0.1966,0.069300,0.001400,0.025200,0.003200,0.018200,0.022200,0.025900,7.9218,0.061300,0.006900,0.000100,0,10.3212,0,0,0,0,0,0,0,50,0,0,0,0,1,1,9,9,2,1,1,4,1,1,1,1,1,1,7,7,1,1,50,9,6,42,76,794,950,0,0,0,0,0,-100,-100,-100,-100,600,1440,107.7673,0,0,-0.000000,-1,0,0,0,1,0,13.7344,5,50,75.1289,13.7344,0,0,48.9844,0,100,0,0,0,0,0,0,0,0,0,0.4264,0.4264,1,0.4264,0.4264,51.3763,8.9635,20141,90,568,135,10885.1055,3604.2734,7254.3555,0,14489.3281,11.1624,2.9398,7.4030,11.1624,2.9398,2.8814,33.3333,5.1665,22.8356,0.000200,0.020800,0.000600,0.000600,0.001800,0.012600,0.000500,0.075100,0,0.019400,0.026500,0.037400,0.3497,0.1925,0.023600,0.005100,0.062400,0,0.046800,0.027000,0.1870,0.005100,0.033000,0.1406,0.015400,0.086100,0.4276,0.6978,0.3385,0.056400,2.4811,0.094200,0.032700,0.039500,0.6914,0.085500,0.001800,0.002600,0.062800,0.1945,0.050200,0.000600,0.8600,940,388766,0,0,0,0,0,0,0.009100,0,0.007800,0,0,0,0,0,0,0,0,0,0,0,0,0,0,0,0,0,0,0
,0.017300,0.025100,2,57,0,55,0,0,13,233,14,0,454,3,0,0,12,2,0,0,0,0,0,0.008300,0.4860,0.006300,0.007700,0.001000,0.8779,0.1760,0.060600,0.1286,0.001600,0.027600,0,0,768,256,11229,3565.7148,15494.9102,239.1602,0.001700,4,0.000400,0.011700,0.002000,0.020200,0.1843,0,0,0.060900,0.2739,2.5365,0.060400,0.000200,0.001600,0.000200,0.000200,0.007900,0.007700,0.040200,0.005200,0.032900,0.1018,0.011300,0.005800,0.3635,0.028100,0.009300,0.032700,0.011600,0.018900,0.081900,0.009700,0.079100,0.002200,0.1181,0.009600,0.068600,0.6129,0.005100,2.3891,0.000400,0.1935,0.000500,0.000400,0.031200,0.3029,1.3898,0.025500,1.0120,0.2038,0.001900,0.010500,0.000500,0.037200,0,9.3064,8.7628,13.0955,634,16,0.2500,0,16,3.8438,1,0,0,629,1,0,115,102,13,0,-1,-1,0,-1,-1,13.9904,4.9185,0,1525.2227,1525.2227,1441.5039,95,871,551,321,0,0,0.000900,0,0,0.017400,0.084100,0.000500,0.011800,0.071900,0.041100,0.000800,0.001500,0.000300,0.001800,0.006200,0.001100,0.003800,0.023900,0.1264,0.058800,0.078400,0.1607,0.036200,0.1902,0.027900,0.068000,0.000200,0.006000,0.065800,0.008700,0.002500,0.000700,0.024200,0.006200,0.012000,0.001200,0.1454,0.016000,0.040100,0.2114,0.083600,0.001200,0.031300,0.002100,0.032000,0.022800,0.020300,8.7251,0.057700,0.006300,0.000200,0,10.8417,0,0,0,0,0,0,0,50,0,0,0,0,1,1,9,9,2,1,1,4,1,1,1,1,1,1,7,7,1,1,50,9,6,42,76,794,950,0,0,0,0,0,-100,-100,-100,-100,600,1440,107.7673,0,0,-0.000000,-1,0,0,0,1,0,13.7344,5,50,75.1289,13.7344,0,0,48.9844,0,100,0,0,0,0,0,0,0,0,0,0.4140,0.4140,1,0.4140,0.4140,62.3335,8.9635,20141,90,568,135,10885.1055,3604.2734,7254.3555,0,14489.3789,10.9071,2.2060,7.3972,10.9071,2.2079,3.0333,33.3333,5.6227,21.5223,0.000300,0.022400,0.000600,0.000600,0.001700,0.009000,0.000600,0.073700,0,0.017500,0.027300,0.039500,0.3507,0.1931,0.020500,0.005100,0.066600,0,0.044500,0.023300,0.1680,0,0.033500,0.1377,0.016500,0.085700,0.4314,0.6764,0.3117,0.056300,3.3546,0.095300,0.030700,0.038200,0.6957,0.088600,0.001900,0.002500,0.061500,0.1957,0.050100,0.000500,0.6051,941,389630,0.1642,0,0,0,0,0,0.008700,0.002100,0.008100,0,0,0,0,0,0,0,0,0,0,0,0,0,0,0,0,0,0,0
,0.073800,0.028000,2,60,0,58,0,0,13,233,24,0,454,3,0,0,12,2,0,0,0,0,0.017600,0.010200,0.3874,0.010900,0.008900,0.001100,0.8891,0.2197,0.052300,0.1351,0.001600,0.034900,0.003100,0,768,256,11229,3565.7148,15494.9102,239.1602,0.001500,4,0.000400,0.010000,0.002400,0.019300,0.1915,0,0,0.063000,0.2080,2.4441,0.068900,0.000200,0.001600,0.000300,0.000200,0.006500,0.007000,0.043000,0.004500,0.030800,0.1025,0.010900,0.006600,0.9521,0.029000,0.008600,0.030900,0.011700,0.018100,0.079700,0.007700,0.071200,0.002100,0.098900,0.008000,0.065700,0.5829,0.004500,2.4521,0.000500,0.2113,0.000500,0.000400,0.029000,0.3032,0.7855,0.024600,0.9098,0.1135,0.001900,0.009800,0.000400,0.031700,0,8.6996,8.7628,13.0955,634,16,0.2500,0,16,3.8438,1,0,0,629,1,0,115,102,13,0,-1,-1,0,-1,-1,13.9904,4.9185,0,1525.2227,1525.2227,1525.0977,95,876,561,321,0,0,0.001000,0,0,0.015900,0.080400,0.000700,0.011400,0.068200,0.041400,0.000800,0.001700,0.000200,0.001900,0.006900,0.001100,0.003800,0.023700,0.1450,0.056100,0.084000,0.1548,0.041100,0.2191,0.019000,0.030400,0.000200,0.001500,0.066100,0.008400,0.001300,0.000600,0.028000,0.006900,0.012700,0.001400,0.1391,0.014900,0.043200,0.2069,0.068000,0.001100,0.044800,0.002900,0.033900,0.023000,0.018700,8.1289,0.059500,0.007000,0.000100,0.002200,10.7702,0,0,0,0,0,0,0,50,0,0,0,0,1,1,9,9,2,1,1,4,1,1,1,1,1,1,7,7,1,1,50,9,6,42,76,794,950,0,0,0,0,0,-100,-100,-100,-100,600,1440,107.7673,0,0,-0.000000,-1,0,0,0,1,0,13.7344,5,50,75.1289,13.7344,0,0,48.9844,0,100,0,0,0,0,0,0,0,0,0,0.4236,0.4236,1,0.4236,0.4236,10.0754,8.9635,20141,90,568,135,10885.4062,3604.2734,7254.3555,0,14489.3789,10.2181,2.0379,8.4180,10.2181,2.0379,2.8026,33.3333,6.0244,22.0046,0.000600,0.021700,0.000500,0.000800,0.002100,0.006800,0.000600,0.072500,0,0.019500,0.028100,0.037100,0.3389,0.1894,0.019400,0.006200,0.066400,0,0.045400,0.020800,0.1873,0,0.031600,0.1368,0.015700,0.091100,0.4312,0.7093,0.3359,0.054200,2.4772,0.095200,0.030700,0.039200,0.6979,0.090800,0.002100,0.002800,0.065000,0.1954,0.050200,0.000600,0.6231,953,392738,0,2241,1253,0,2.7031,0,0,0,0.008300,0,0,0,0,0,0,0,0,0,0,0,0,0,0,0,0,0,0,0
,0.013100,0.008300,2,64,0,62,0,0,13,233,28,0,454,3,0,0,12,2,0,0,0,0,0.008100,0.002200,0.3363,0.005100,0.008200,0.001200,0.8527,0.1617,0.047400,0.1279,0.001000,0.029500,0,0,768,256,11229,3565.7148,15494.9102,239.1602,0.001200,6,0.000100,0.007400,0.001800,0.016300,0.1819,0,0,0.060000,0.2749,2.7068,0.070800,0.000400,0.001100,0.000200,0.000300,0.007000,0.007200,0.046500,0.005200,0.038300,0.1372,0.011900,0.006100,0.8474,0.030000,0.009900,0.030500,0.012300,0.019600,0.093900,0.009800,0.076800,0.002300,0.1048,0.009000,0.067600,0.7142,0.005400,2.3395,0.000400,0.1900,0.000600,0.000300,0.030600,0.3080,0.8611,0.025200,1.1122,0.1177,0.002300,0.016300,0.000700,0.037400,0.2079,7.8497,8.7628,13.0955,634,16,0.2500,0,16,3.8438,1,0,0,629,1,0,115,102,13,0,-1,-1,0,-1,-1,13.9904,4.9185,0,1525.2227,1525.2227,1441.5039,95,871,551,321,0,0,0.001500,0,0,0.014900,0.082400,0.000600,0.012200,0.071800,0.041300,0.000800,0.001800,0.000200,0.001500,0.006400,0.000800,0.003800,0.022000,0.1467,0.061000,0.080400,0.1593,0.048300,0.1866,0.023500,0.4268,0.000200,0.001600,0.076800,0.009200,0.001300,0.000600,0.026500,0.006100,0.012500,0.001000,0.1425,0.015200,0.042600,0.1976,0.070200,0.001300,0.055900,0.002300,0.017300,0.022500,0.023800,7.3033,0.056900,0.006800,0.000100,0,10.2480,0,0,0,0,0,0,0,50,0,0,0,0,1,1,9,9,2,1,1,4,1,1,1,1,1,1,7,7,1,1,50,9,6,42,76,794,950,0,0,0,0,0,-100,-100,-100,-100,600,1440,107.7673,0,0,-0.000000,-1,0,0,0,1,0,13.7344,5,50,75.1289,13.7344,0,0,48.9844,0,100,0,0,0,0,0,0,0,0,0,0.7584,0.7584,1,0.7584,0.7584,19.8912,8.9635,20141,90,568,135,10885.4336,3604.2734,7254.3555,0,14489.6797,9.8137,2.5040,7.3806,9.8137,2.5052,2.9344,33.3333,5.2884,23.0807,0.000600,0.022100,0.000600,0.000600,0.001700,0.008600,0.002100,0.072400,0,0.017400,0.026800,0.039000,0.3587,0.3042,0.019500,0.006100,0.068400,0,0.045500,0.009400,0.1859,0.005100,0.034300,0.7305,0.018100,0.1013,0.4329,0.6949,0.3855,0.056400,2.0798,0.094200,0.030800,0.039700,0.6925,0.084300,0.001900,0.002400,0.062400,0.1986,0.049100,0.000700,0.6174,938,388742,0,0,0,0,0,0,0.009700,0.001400,0.008200,0,0,0,0,0,0,0,0,0,0,0,0,0,0,0,0,0,0,0
,0.021600,0.006300,2,57,0,55,0,0,13,233,12,0,454,3,0,0,12,2,0,0,0,0,0.009400,0.011500,0.3442,0.005500,0.010200,0.000800,0.8764,0.1956,0.051100,0.1274,0.001200,0.024200,0,0,768,256,11229,3565.7148,15494.9102,239.1602,0.001400,8,0.000100,0.008600,0.002100,0.018900,0.1924,0,0,0.065000,0.2114,2.4826,0.062100,0.000200,0.001100,0.000200,0.000200,0.007100,0.007900,0.046500,0.005000,0.032300,0.1091,0.010500,0.006300,0.8212,0.030200,0.009700,0.030300,0.012400,0.019100,0.1041,0.012100,0.078400,0.002500,0.1011,0.008000,0.066300,0.6494,0.005100,2.3646,0.000300,0.1872,0.000500,0.000500,0.032300,0.3846,0.6371,0.024700,0.9286,0.1668,0.002000,0.010200,0.000400,0.037900,0,8.9456,8.7628,13.0955,634,16,0.2500,0,16,3.8438,1,0,0,629,1,0,115,102,13,0,-1,-1,0,-1,-1,13.9904,4.9185,0,1525.2227,1525.2227,1525.0977,95,871,551,321,0,0,0.000900,0,0,0.015200,0.085300,0.000600,0.013100,0.073900,0.039700,0.001000,0.001500,0.000200,0.001600,0.005600,0.001100,0.004200,0.021500,0.1466,0.056700,0.085400,0.1651,0.048200,0.1738,0.017200,0.1661,0.000300,0.001600,0.068400,0.009400,0.001100,0.000300,0.028900,0.006500,0.013400,0.001200,0.1552,0.015800,0.048200,0.2297,0.080800,0.001400,0.045100,0.002400,0.035700,0.025200,0.021400,8.5588,0.074500,0.006000,0.000200,0,9.7963,0,0,0,0,0,0,0,50,0,0,0,0,1,1,9,9,2,1,1,4,1,1,1,1,1,1,7,7,1,1,50,9,6,42,76,794,950,0,0,0,0,0,-100,-100,-100,-100,600,1440,107.7673,0,0,-0.000000,-1,0,0,0,1,0,13.7344,5,50,75.1289,13.7344,0,0,48.9844,0,100,0,0,0,0,0,0,0,0,0,0.5058,0.5058,1,0.5058,0.5058,30.7409,8.9635,20141,90,568,135,10885.4336,3604.2734,7254.3555,0,14489.7070,10.5794,2.2112,7.6997,10.5794,2.2122,2.7931,33.3333,5.8277,21.8918,0.000200,0.021500,0.000500,0.000800,0.001700,0.008400,0.000600,0.073700,0.001000,0.018400,0.019200,0.026400,0.3301,0.1906,0.019400,0.006200,0.063200,0,0.046900,0.007600,0.1870,0,0.031700,0.1366,0.015600,0.090800,0.6275,0.7325,0.3479,0.057300,2.4924,0.095200,0.030800,0.039100,1.1254,0.083200,0.001900,0.002500,0.064000,0.1955,0.047100,0.000600,0.5963,946,389690,0,0,0,0,0,0.1223,0,0.001100,0.008600,0,0,0,0,0,0,0,0,0,0,0,0,0,0,0,0,0,0,0
,0.093400,0.006500,2,60,0,58,0,0,13,233,29,0,454,3,0,0,12,2,0,0,0,0,0.013400,0.002800,0.3358,0.005500,0.008100,0.000900,0.8835,0.1586,0.054700,0.1315,0.001100,0.029300,0.002100,0,768,256,11229,3565.7148,15494.9102,239.1602,0.001200,2,0.000200,0.013000,0.001700,0.019800,0.1835,0,0,0.058600,0.3152,2.5563,0.069400,0.000300,0.001500,0.000200,0.000300,0.007900,0.007900,0.044500,0.006400,0.033300,0.1434,0.011200,0.006500,1.4012,0.029700,0.009700,0.034300,0.011900,0.020300,0.088000,0.011500,0.075600,0.002200,0.085500,0.008300,0.1446,0.6056,0.004900,2.3969,0.000400,0.1960,0.000500,0.000400,0.030700,0.3016,0.7649,0.026300,0.9341,0.1878,0.001800,0.009100,0.000400,0.033900,0,8.1345,8.7628,13.0955,634,16,0.2500,0,16,3.8438,1,0,0,629,1,0,115,102,13,0,-1,-1,0,-1,-1,13.9904,4.9185,0,1525.2227,1525.2227,1525.0977,95,881,561,321,0,0,0.000900,0,0,0.015600,0.080400,0.000600,0.012700,0.069100,0.040100,0.001000,0.001700,0.000300,0.001500,0.006500,0.000800,0.004200,0.023500,0.1396,0.058100,0.079700,0.1526,0.045400,0.2258,0.021600,0,0.000600,0.001900,0.070000,0.008600,0.001500,0.000800,0.031400,0.007100,0.012000,0.001200,0.1439,0.016400,0.041700,0.2087,0.066900,0.001100,0.041600,0.003600,0.034300,0.023800,0.017200,7.7967,0.060600,0.006100,0.000100,0,10.9030,0,0,0,0,0,0,0,50,0,0,0,0,1,1,9,9,2,1,1,4,1,1,1,1,1,1,7,7,1,1,50,9,6,42,76,794,950,0,0,0,0,0,-100,-100,-100,-100,600,1440,107.7673,0,0,-0.000000,-1,0,0,0,1,0,13.7344,5,50,75.1289,13.7344,0,0,48.9844,0,100,0,0,0,0,0,0,0,0,0,0.3955,0.3955,1,0.3955,0.3955,40.6671,8.9635,20141,90,568,135,10885.4336,3604.2734,7254.3555,0,14489.7070,9.8787,2.2082,7.6997,9.8787,2.2082,3.0594,33.3333,5.8489,23.0777,0.000600,0.023100,0.000600,0.000500,0.001600,0.007100,0.000900,0.072500,0,0.018400,0.021600,0.042300,0.3594,0.1828,0.019500,0.006100,0.066900,0,0.045300,0.008800,0.1868,0,0.032300,0.1330,0.014200,0.097400,0.4144,0.7138,0.3102,0.057400,2.1319,0.093200,0.031700,0.039000,0.6853,0.065800,0.001900,0.002400,0.062800,0.1977,0.049200,0.000500,0.5980,951,392714,0,0,0,0,0,0,0,0,0.007400,0,0,0,0,0,0,0,0,0,0,0,0,0,0,0,0,0,0,0
,0.017000,0.009500,2,64,0,62,0,0,13,233,26,0,454,3,0,0,12,2,0,0,0,0,0.008400,0.002800,0.3484,0.004500,0.008900,0.001100,0.8768,0.1877,0.049800,0.1263,0.001100,0.029400,0.003700,0,768,256,11229,3565.7148,15494.9102,239.1602,0.001900,3,0.000200,0.007300,0.001800,0.020600,0.1885,0,0,0.057500,0.2975,2.7290,0.069900,0.000300,0.001200,0.000300,0.000300,0.006900,0.007300,0.046800,0.005500,0.032600,0.1067,0.011100,0.006000,1.3011,0.025000,0.008700,0.030300,0.011800,0.018600,0.088500,0.011900,0.089500,0.002500,0.082200,0.007900,0.072100,0.6399,0.005300,2.3187,0.000300,0.1909,0.000500,0.000500,0.029600,0.3061,0.7413,0.024900,0.9209,0.094900,0.002100,0.010900,0.000500,0.033700,0.031100,8.5766,8.7628,13.0955,634,16,0.2500,0,16,3.8438,1,0,0,629,1,0,115,102,13,0,-1,-1,0,-1,-1,13.9904,4.9185,0,1525.2227,1525.2227,1525.0977,95,875,561,322,0,0,0.001200,0,0,0.016800,0.083700,0.000800,0.013600,0.070500,0.039000,0.001000,0.001700,0.000300,0.001600,0.007000,0.000900,0.004400,0.024000,0.1494,0.058100,0.077100,0.1591,0.042400,0.1947,0.033300,0.4042,0.000200,0.001700,0.063900,0.008300,0.001200,0.000700,0.026300,0.005900,0.012000,0.001400,0.1439,0.015500,0.040300,0.1935,0.070400,0.001200,0.039700,0.002800,0.016800,0.022700,0.023600,7.9409,0.059800,0.006900,0.000100,0,9.7892,0,0,0,0,0,0,0,50,0,0,0,0,1,1,9,9,2,1,1,4,1,1,1,1,1,1,7,7,1,1,50,9,6,42,76,794,950,0,0,0,0,0,-100,-100,-100,-100,600,1440,107.7673,0,0,-0.000000,-1,0,0,0,1,0,13.7344,5,50,75.1289,13.7344,0,0,48.9844,0,100,0,0,0,0,0,0,0,0,0,0.4374,0.4374,1,0.4374,0.4374,50.9780,8.9635,20141,90,568,135,10885.4258,3604.2734,7254.3555,0,14489.7070,10.6314,2.3803,7.3501,10.6314,2.3803,2.7534,33.3333,5.5549,24.2503,0.000200,0.021100,0.000600,0.000700,0.001700,0.007400,0.000500,0.073700,0,0.019500,0.025900,0.038300,0.3414,0.1892,0.019400,0.005200,0.065300,0,0.043400,0.018200,0.1822,0.006100,0.030500,0.1279,0.015200,0.086900,0.4289,0.7481,0.3488,0.055400,3.2143,0.095300,0.032700,0.039600,0.6883,0.090800,0.002000,0.002600,0.063100,0.1987,0.049200,0.000700,0.5994,939,388776,0,0,0,0,0,0,0.003500,0,0.007900,0,0,0,0,0,0,0,0,0,0,0,0,0,0,0,0,0,0,0
,0.015900,0.018300,2,57,0,55,0,0,13,233,15,0,454,3,0,0,12,2,0,0,0,0,0.007400,0.013000,0.3230,0.005400,0.009300,0.000800,0.8629,0.1673,0.054900,0.1356,0.000800,0.024500,0.001500,0,768,256,11229,3565.7148,15494.9102,239.1602,0.001200,7,0.000400,0.010800,0.002000,0.013200,0.1823,0,0,0.058800,0.2704,2.6858,0.074100,0.000200,0.001400,0.000200,0.000300,0.008100,0.006900,0.051100,0.005500,0.033300,0.1424,0.011000,0.006400,1.3836,0.029200,0.009000,0.036800,0.011600,0.019400,0.076100,0.010500,0.080900,0.002100,0.077400,0.007900,0.081300,0.5890,0.004800,2.3510,0.000400,0.1877,0.000600,0.000500,0.032000,0.3557,0.8023,0.025300,1.0089,0.1225,0.002100,0.013900,0.000500,0.037400,0.1696,8.7927,8.7628,13.0955,634,16,0.2500,0,16,3.8438,1,0,0,629,1,0,115,102,13,0,-1,-1,0,-1,-1,13.9904,4.9185,0,1525.2227,1525.2227,1525.0977,95,877,561,322,0,0,0.000900,0,0,0.014300,0.076700,0.000500,0.015800,0.069900,0.041800,0.000800,0.001800,0.000200,0.001600,0.006600,0.001000,0.003900,0.022100,0.1636,0.061300,0.082900,0.1500,0.040200,0.1582,0.026200,0.1242,0.000200,0.001400,0.065400,0.008500,0.001400,0.000600,0.026800,0.006100,0.012100,0.001200,0.1402,0.014600,0.041000,0.2030,0.065900,0.001100,0.020500,0.004000,0.033100,0.023200,0.017100,8.3842,0.062700,0.007300,0.000200,0.003400,10.4756,0,0,0,0,0,0,0,50,0,0,0,0,1,1,9,9,2,1,1,4,1,1,1,1,1,1,7,7,1,1,50,9,6,42,76,794,950,0,0,0,0,0,-100,-100,-100,-100,600,1440,107.7673,0,0,-0.000000,-1,0,0,0,1,0,13.7344,5,50,75.1289,13.7344,0,0,48.9844,0,100,0,0,0,0,0,0,0,0,0,0.4788,0.4788,1,0.4788,0.4788,61.5665,8.9635,20141,90,568,135,10885.0977,3604.2734,7254.3555,0,14489.6992,10.4485,2.2234,8.0650,10.4485,2.2234,2.8486,33.3333,6.2847,23.1480,0.000300,0.021800,0.000600,0.000600,0.001700,0.007500,0.000600,0.072100,0,0.019500,0.026400,0.041600,0.3561,0.1861,0.019500,0.005100,0.062800,0,0.045600,0.012500,0.1893,0.005100,0.032200,0.1364,0.015500,0.092300,0.4254,0.6785,0.3350,0.057400,2.4731,0.094200,0.030800,0.039000,0.6868,0.082500,0.001800,0.002800,0.061600,0.1956,0.050200,0.000600,0.6102,936,388740,0,0,0,0,0,0,0,0,0.007600,0,0,0,0,0,0,0,0,0,0,0,0,0,0,0,0,0,0,0
,0.013300,0.008700,2,57,0,55,0,0,13,233,12,0,454,3,0,0,12,2,0,0,0,0,0.008600,0.006600,0.3960,0.006100,0.008800,0.000800,1.1764,0.2194,0.062400,0.1457,0.001200,0.029600,0,1,768,256,11229,3565.7148,15494.9102,239.1602,0.001600,4,0,0.008100,0.002700,0.014600,0.1756,0,0,0.058900,0.2654,2.6348,0.1016,0.000300,0.001200,0.000400,0.000200,0.009000,0.007100,0.052800,0.005600,0.036100,0.1286,0.012300,0.006300,1.4273,0.026800,0.008300,0.030300,0.011500,0.019000,0.080500,0.008800,0.077100,0.002600,0.080900,0.008400,0.068600,0.6978,0.005200,2.3448,0.000300,0.1812,0.000900,0.000400,0.028000,0.3756,0.6601,0.025600,0.9335,0.4540,0.002100,0.011600,0.000600,0.033500,0.5580,9.1655,8.7628,13.0955,634,16,0.2500,0,16,3.8438,1,0,0,629,1,0,115,102,13,0,-1,-1,0,-1,-1,13.9904,4.9185,0,1525.2227,1525.2227,1525.0977,95,870,551,322,0,0,0.001300,0,0,0.014200,0.078800,0.000600,0.011700,0.068700,0.041100,0.001200,0.001800,0.000400,0.001700,0.006800,0.001300,0.004300,0.022900,0.1694,0.057100,0.082300,0.1675,0.048300,0.2191,0.019000,0.012500,0.000200,0.001900,0.062200,0.008000,0.001200,0.000600,0.024400,0.006200,0.012200,0.000900,0.1394,0.015500,0.043000,0.2047,0.065900,0.000900,0.029800,0.003000,0.032700,0.022000,0.017500,8.7099,0.060200,0.006600,0.000100,0,10.4992,0,0,0,0,0,0,0,50,0,0,0,0,1,1,9,9,2,1,1,4,1,1,1,1,1,1,7,7,1,1,50,9,6,42,76,794,950,0,0,0,0,0,-100,-100,-100,-100,600,1440,107.7673,0,0,-0.000000,-1,0,0,0,1,0,13.7344,5,50,75.1289,13.7344,0,0,48.9844,0,100,0,0,0,0,0,0,0,0,0,0.4348,0.4348,1,0.4348,0.4348,9.8642,8.9635,20141,90,568,135,10884.7461,3604.2734,7254.3555,0,14489.3711,10.8527,2.0650,7.3569,10.8527,2.0650,3.0106,33.3333,6.2392,23.0610,0.000200,0.022700,0.000600,0.000700,0.001400,0.013500,0.000700,0.074200,0,0.016300,0.027600,0.034900,0.3518,0.1873,0.020500,0.005100,0.061700,0,0.046600,0.011000,0.1950,0.005100,0.033800,0.1349,0.015100,0.090200,0.4267,0.6379,0.2835,0.054300,2.3871,0.094200,0.044000,0.039200,0.6881,0.098600,0.001900,0.002300,0.061100,0.1985,0.049200,0.000600,0.6716,946,391132,0.049400,2449,1348,0,2.4896,0,0,0,0.008400,0,0,0,0,0,0,0,0,0,0,0,0,0,0,0,0,0,0,0
,0.3409,0.009000,2,57,0,55,0,0,13,233,12,0,454,3,0,0,12,2,0,0,0,0,0.008400,0.003000,0.3488,0.006600,0.009600,0.001000,0.8419,0.1822,0.048300,0.1267,0.001100,0.032500,0,0,768,256,11229,3565.7148,15494.9102,239.1602,0.001100,6,0.000100,0.007800,0.002100,0.014000,0.1794,0,0,0.097600,0.2285,2.6970,0.081000,0.000300,0.001100,0.000200,0.000300,0.006900,0.020600,0.040900,0.004800,0.031300,0.1733,0.010200,0.006200,1.1214,0.029400,0.011400,0.045400,0.011900,0.019100,0.092700,0.009400,0.077000,0.001900,0.095900,0.008800,0.077000,0.6644,0.005800,2.3815,0.000300,0.1927,0.000600,0.000400,0.032000,0.3001,0.7672,0.024200,0.9401,0.1191,0.002300,0.009900,0.000600,0.035200,0,9.6534,8.7628,13.0955,634,16,0.2500,0,16,3.8438,1,0,0,629,1,0,115,102,13,0,-1,-1,0,-1,-1,13.9904,4.9185,0,1525.2227,1525.2227,1525.0977,95,870,551,322,0,0,0.001000,0,0,0.014700,0.077200,0.000600,0.011200,0.066300,0.040500,0.001000,0.001500,0.000300,0.001700,0.006500,0.000900,0.004100,0.021400,0.1707,0.057800,0.079200,0.1567,0.043000,0.1663,0.022500,0.1960,0.000300,0.001700,0.061500,0.008300,0.001000,0.000600,0.024800,0.006300,0.012100,0.001100,0.1448,0.015400,0.037900,0.1847,0.063900,0.001200,0.044000,0.002200,0.016300,0.022800,0.016400,9.1158,0.056700,0.009700,0.000100,0,10.8375,0,0,0,0,0,0,0,50,0,0,0,0,1,1,9,9,2,1,1,4,1,1,1,1,1,1,7,7,1,1,50,9,6,42,76,794,950,0,0,0,0,0,-100,-100,-100,-100,600,1440,107.7673,0,0,-0.000000,-1,0,0,0,1,0,13.7344,5,50,75.1289,13.7344,0,0,48.9844,0,100,0,0,0,0,0,0,0,0,0,0.5465,0.5465,1,0.5465,0.5465,21.2132,8.9635,20141,90,568,135,10884.6641,3604.2734,7254.3555,0,14489.0195,11.4181,2.2396,7.4250,11.4181,2.2406,3.2627,33.3333,6.1009,23.5130,0.000200,0.019500,0.000700,0.000600,0.001800,0.008400,0.000500,0.079700,0,0.019400,0.029400,0.037000,0.3580,0.1906,0.020500,0.005100,0.067100,0,0.046000,0.012100,0.1857,0,0.032800,0.1266,0.014800,0.094500,0.4142,0.6673,0.2888,0.056400,2.7761,0.094200,0.031700,0.038400,0.6910,0.095900,0.001800,0.002400,0.061300,0.1987,0.049100,0.000600,0.6146,924,385188,0,0,0,0,0,0,0,0.001100,0.008100,0,0,0,0,0,0,0,0,0,0,0,0,0,0,0,0,0,0,0
,0.014600,0.009900,2,57,0,55,0,0,13,233,15,0,454,3,0,0,12,2,0,0,0,0,0,0.007300,0.3218,0.004800,0.007600,0.000700,0.8359,0.1996,0.051100,0.1298,0.001000,0.027200,0.003100,0,768,256,11229,3565.7148,15494.9102,239.1602,0.002600,4,0.000400,0.007600,0.002000,0.013700,0.1904,0,0,0.060300,0.2943,2.5562,0.067200,0.000200,0.001300,0.000200,0.000200,0.006500,0.007100,0.048600,0.006200,0.035400,0.1351,0.011900,0.006800,1.4744,0.029100,0.009600,0.034300,0.011600,0.036900,0.075300,0.011200,0.079000,0.002200,0.078800,0.008100,0.066400,0.5873,0.008800,2.2884,0.000300,0.1888,0.000600,0.000400,0.028300,0.3107,0.9124,0.023800,0.9020,0.1200,0.002000,0.010300,0.000500,0.036600,0.3780,8.8828,8.7628,13.0955,634,16,0.2500,0,16,3.8438,1,0,0,629,1,0,115,102,13,0,-1,-1,0,-1,-1,13.9904,4.9185,0,1525.2227,1525.2227,1441.6289,95,870,551,322,0,0,0.001100,0,0,0.015400,0.075900,0.000600,0.011300,0.071200,0.039700,0.000900,0.001500,0.000200,0.001600,0.006400,0.000900,0.004100,0.022900,0.1538,0.056400,0.079000,0.1597,0.042100,0.1897,0.019000,0.049200,0.000400,0.005500,0.061400,0.007900,0.001300,0.000500,0.026100,0.005800,0.012100,0.001000,0.1394,0.014800,0.039500,0.2243,0.068600,0.001200,0.040400,0.002800,0.033500,0.023300,0.018700,8.2394,0.058300,0.006300,0.000100,0,11.3527,0,0,0,0,0,0,0,50,0,0,0,0,1,1,9,9,2,1,1,4,1,1,1,1,1,1,7,7,1,1,50,9,6,42,76,794,950,0,0,0,0,0,-100,-100,-100,-100,600,1440,107.7673,0,0,-0.000000,-1,0,0,0,1,0,13.7344,5,50,75.1289,13.7344,0,0,48.9844,0,100,0,0,0,0,0,0,0,0,0,0.4202,0.4202,1,0.4202,0.4202,31.5897,8.9635,20141,90,568,135,10884.6562,3604.2734,7254.3555,0,14488.9375,10.4027,2.0966,8.3347,10.4027,2.0966,3.0518,33.3333,5.8470,23.5340,0.000300,0.022500,0.000600,0.000600,0.001900,0.008400,0.000600,0.074300,0,0.019500,0.027800,0.037600,0.3506,0.1919,0.019500,0.006100,0.065900,0,0.047500,0.011700,0.2093,0,0.032300,0.1363,0.015100,0.090000,0.4274,0.7668,0.3273,0.055400,2.4659,0.095200,0.030700,0.038300,0.6904,0.086300,0.001800,0.002300,0.061000,0.1946,0.050200,0.000500,0.6028,963,397212,0,0,0,0,0,0,0,0,0.008300,0,0,0,0,0,0,0,0,0,0,0,0,0,0,0,0,0,0,0
,0.016700,0.009700,2,64,0,62,0,0,13,233,40,0,454,3,0,0,12,2,0,0,0,0,0.018000,0.002500,0.3333,0.005000,0.010100,0.001000,0.8675,0.1818,0.051500,0.1308,0.000900,0.027300,0.001700,0,768,256,11229,3565.7148,15494.9102,239.1602,0.001300,4,0.000100,0.008700,0.001800,0.013200,0.1868,0,0,0.063700,0.2914,2.6276,0.065500,0.000200,0.001100,0.000300,0.000300,0.007100,0.007400,0.042000,0.005200,0.1039,0.1774,0.011200,0.006600,1.6314,0.030500,0.008800,0.037000,0.025400,0.020300,0.078500,0.008800,0.066700,0.002200,0.079500,0.009400,0.071800,0.5980,0.005200,2.3209,0.000300,0.1954,0.000600,0.000300,0.029900,0.3053,0.9622,0.024300,0.9003,0.1041,0.002000,0.009500,0.000500,0.031700,0,9.3426,8.7628,13.0955,634,16,0.2500,0,16,3.8438,1,0,0,629,1,0,115,102,13,0,-1,-1,0,-1,-1,13.9904,4.9185,0,1525.2227,1525.2227,1441.5039,95,873,561,322,0,0,0.001100,0,0,0.019400,0.086200,0.000600,0.011600,0.069200,0.040000,0.000900,0.001700,0.000400,0.001700,0.006800,0.000900,0.004100,0.024300,0.1335,0.057100,0.077200,0.1477,0.048200,0.2716,0.020900,0,0.000200,0.001600,0.083500,0.008300,0.001100,0.000600,0.027000,0.006500,0.012000,0.001100,0.1325,0.014400,0.052400,0.7955,0.066500,0.001300,0.040000,0.002400,0.045200,0.022300,0.024300,8.2174,0.058400,0.006700,0.000200,0,10.3670,0,0,0,0,0,0,0,50,0,0,0,0,1,1,9,9,2,1,1,4,1,1,1,1,1,1,7,7,1,1,50,9,6,42,76,794,950,0,0,0,0,0,-100,-100,-100,-100,600,1440,107.7673,0,0,-0.000000,-1,0,0,0,1,0,13.7344,5,50,75.1289,13.7344,0,0,48.9844,0,100,0,0,0,0,0,0,0,0,0,0.4462,0.4462,1,0.4462,0.4462,42.5684,8.9635,20141,90,568,135,10884.4531,3604.2734,7254.3555,0,14488.9297,10.9094,2.1614,7.3965,10.9094,2.1625,2.9405,33.3333,6.2797,23.2814,0.000300,0.024100,0.000600,0.000600,0.001900,0.010900,0.000600,0.075000,0,0.017300,0.025600,0.034400,0.3545,0.2845,0.020500,0.006100,0.067300,0,0.044800,0.016500,0.2061,0,0.032200,0.1803,0.019500,0.091000,0.4234,0.6850,0.3806,0.057400,2.0815,0.094200,0.031700,0.039100,0.6869,0.092200,0.002400,0.004900,0.060100,0.1966,0.049200,0.000700,0.6904,920,384690,0,0,0,0,0,0,0,0.001200,0.008600,0,0,0,0,0,0,0,0,0,0,0,0,0,0,0,0,0,0,0
,0.011600,0.008500,2,57,0,55,0,0,13,233,11,0,454,3,0,0,12,2,0,0,0,0,0,0.014400,0.3192,0.005600,0.009800,0.001100,0.8473,0.2059,0.052500,0.1245,0.001200,0.027400,0,0,768,256,11229,3565.7148,15494.9102,239.1602,0.001600,5,0.000400,0.008400,0.002000,0.013700,0.2554,0,0,0.063800,0.2367,2.3652,0.067700,0.000200,0.001300,0.000200,0.000600,0.008300,0.007300,0.042700,0.005400,0.032800,0.1114,0.011200,0.006200,1.1581,0.027100,0.008800,0.031000,0.012000,0.019500,0.1009,0.009800,0.087600,0.002000,0.085400,0.009000,0.069500,0.6543,0.005600,2.3973,0.000200,0.1977,0.000600,0.000300,0.030800,0.3053,0.5657,0.032900,0.9761,0.1095,0.002100,0.011200,0.000500,0.036300,0.2060,9.2025,8.7628,13.0955,634,16,0.2500,0,16,3.8438,1,0,0,629,1,0,115,102,13,0,-1,-1,0,-1,-1,13.9904,4.9185,0,1525.2227,1525.2227,1525.0977,95,845,535,318,0,0,0.001000,0,0,0.015500,0.081000,0.000700,0.011900,0.071100,0.043900,0.001100,0.001800,0.000300,0.001500,0.006600,0.001300,0.004200,0.034300,0.1712,0.059700,0.096500,0.1552,0.046800,0.2136,0.019800,0.042800,0.000200,0.001700,0.063500,0.009100,0.001900,0.000500,0.027200,0.006200,0.012500,0.001500,0.1487,0.014600,0.041800,0.1970,0.069400,0.001100,0.042300,0.002900,0.016900,0.022500,0.017300,8.6726,0.059400,0.005900,0.000100,0,11.0270,0,0,0,0,0,0,0,50,0,0,0,0,1,1,9,9,2,1,1,4,1,1,1,1,1,1,7,7,1,1,50,9,6,42,76,794,950,0,0,0,0,0,-100,-100,-100,-100,600,1440,107.7673,0,0,-0.000000,-1,0,0,0,1,0,13.7344,5,50,75.1289,13.7344,0,0,48.9844,0,100,0,0,0,0,0,0,0,0,0,0.4484,0.4484,1,0.4484,0.4484,53.4895,8.9635,20141,90,568,135,10884.4492,3604.2734,7254.3555,0,14488.7266,10.8832,2.8572,7.2181,10.8832,2.8572,3.2129,33.3333,6.0560,23.2784,0.000200,0.021600,0.000600,0.000800,0.001800,0.008100,0.000600,0.076600,0,0.016400,0.019300,0.026600,0.3658,0.1908,0.019400,0.005100,0.062400,0,0.045500,0.014100,0.1914,0.005100,0.032400,0.1412,0.016200,0.089700,0.4275,0.6580,0.2965,0.063500,3.2397,0.097300,0.031700,0.038300,0.6894,0.1272,0.002100,0.002700,0.063600,0.2008,0.050100,0.000700,0.5775,943,389036,0,0,0,0,0,0,0,0,0.008700,0,0,0,0,0,0,0,0,0,0,0,0,0,0,0,0,0,0,0
,0.016900,0.016200,2,60,0,58,0,0,13,233,27,0,454,3,0,0,12,2,0,0,0,0,0.018400,0.001900,0.4000,0.006500,0.010400,0.001000,0.9142,0.1922,0.055300,0.1366,0.000900,0.023900,0,1,768,256,11229,3565.7148,15494.9102,239.1602,0.001900,4,0.000200,0.055900,0.002200,0.028600,0.1832,0,0,0.060100,0.3277,2.5984,0.069400,0.000300,0.001200,0.000200,0.000200,0.007400,0.007500,0.046800,0.005300,0.033800,0.1359,0.010000,0.007600,1.2889,0.025500,0.007700,0.031600,0.011200,0.019100,0.1109,0.012800,0.084100,0.002600,0.083300,0.008900,0.072500,0.6365,0.005200,2.3594,0.000300,0.2094,0.000600,0.000400,0.029900,0.3056,0.8231,0.024000,1.3425,0.1423,0.002000,0.010100,0.000600,0.037200,0.1935,8.4089,8.7628,13.0955,634,16,0.2500,0,16,3.8438,1,0,0,629,1,0,115,102,13,0,-1,-1,0,-1,-1,13.9904,4.9185,0,1525.2227,1525.2227,1441.5039,95,845,535,318,0,0,0.001100,0,0,0.016400,0.080600,0.000400,0.011300,0.068100,0.041700,0.000700,0.001400,0.000200,0.001700,0.006000,0.001000,0.003900,0.024000,0.1549,0.058100,0.081900,0.1541,0.041900,0.1738,0.025700,0.1115,0.000400,0.001400,0.065800,0.008000,0.001300,0.000500,0.026300,0.006200,0.012300,0.001200,0.1391,0.014800,0.039400,0.2081,0.069000,0.001200,0.039900,0.002300,0.032300,0.022200,0.020700,7.8519,0.061100,0.006600,0.000100,0,10.8975,0,0,0,0,0,0,0,50,0,0,0,0,1,1,9,9,2,1,1,4,1,1,1,1,1,1,7,7,1,1,50,9,6,42,76,794,950,0,0,0,0,0,-100,-100,-100,-100,600,1440,107.7673,0,0,-0.000000,-1,0,0,0,1,0,13.7344,5,50,75.1289,13.7344,0,0,48.9844,0,100,0,0,0,0,0,0,0,0,0,0.4718,0.4718,1,0.4718,0.4718,63.5441,8.9635,20141,90,568,135,10884.4453,3604.2734,7254.3555,0,14488.7227,10.1205,2.2043,7.2181,10.1205,2.2043,2.9727,33.3333,6.2529,22.9438,0.000700,0.021300,0.000500,0.000600,0.001700,0.008100,0.000700,0.072800,0.001000,0.019500,0.031100,0.041100,0.3370,0.1837,0.019400,0.007200,0.066100,0,0.045000,0.013200,0.069200,0.005100,0.032500,0.1318,0.015300,0.090200,0.4241,0.6732,0.2975,0.057300,2.3001,0.094300,0.031700,0.040400,0.6942,0.092900,0.002500,0.004400,0.060300,0.1967,0.050100,0.000600,0.6003,941,392086,0,0,0,0,0,0,0,0,0.008600,0,0,0,0,0,0,0,0,0,0,0,0,0,0,0,0,0,0,0
,0.014500,0.007000,2,64,0,62,0,0,13,233,27,0,454,3,0,0,12,2,0,0,0,0,0.010900,0.012900,0.3400,0.005400,0.008800,0.000900,0.8549,0.1886,0.051400,0.1288,0.001200,0.030200,0.001700,0,768,256,11229,3565.7148,15494.9102,239.1602,0.001500,6,0.000300,0.016400,0.002300,0.015000,0.3633,0,0,0.1132,0.2684,2.4759,0.082000,0.000200,0.001100,0.000300,0.000200,0.006900,0.008700,0.048800,0.005300,0.035900,0.1431,0.012100,0.017300,2.1456,0.031900,0.009400,0.041500,0.056800,0.025500,0.091000,0.009100,0.071800,0.002400,0.081200,0.008900,0.071100,0.6118,0.004800,2.3235,0.000300,0.2014,0.000600,0.000300,0.029300,0.3360,0.9434,0.027100,1.0447,0.1018,0.002200,0.010200,0.000500,0.033800,0,9.5663,8.7628,13.0955,634,16,0.2500,0,16,3.8438,1,0,0,629,1,0,115,102,13,0,-1,-1,0,-1,-1,13.9904,4.9185,0,1525.2227,1525.2227,1441.5039,95,844,535,317,0,0,0.001100,0,0,0.017600,0.077400,0.000800,0.011700,0.069100,0.039400,0.000800,0.001700,0.000300,0.001700,0.006400,0.001200,0.003900,0.022200,0.1563,0.056800,0.079600,0.1531,0.041200,0.1760,0.033300,0.066500,0.000200,0.001500,0.063100,0.008300,0.001200,0.000500,0.024500,0.006400,0.012000,0.001200,0.1417,0.015600,0.042000,0.1981,0.067200,0.001200,0.020400,0.003700,0.031900,0.022400,0.017300,9.2838,0.067800,0.011000,0.000200,0,10.0445,0,0,0,0,0,0,0,50,0,0,0,0,1,1,9,9,2,1,1,4,1,1,1,1,1,1,7,7,1,1,50,9,6,42,76,794,950,0,0,0,0,0,-100,-100,-100,-100,600,1440,107.7673,0,0,-0.000000,-1,0,0,0,1,0,13.7344,5,50,75.1289,13.7344,0,0,48.9844,0,100,0,0,0,0,0,0,0,0,0,0.4249,0.4249,1,0.4249,0.4249,12.5207,8.9635,20141,90,568,135,10884.5195,3604.2734,7254.3555,0,14488.7188,11.0885,2.1350,7.2589,11.0885,2.1360,3.0430,33.3333,6.0163,22.6115,0.000300,0.022100,0.000600,0.000500,0.001700,0.013300,0.000800,0.075000,0,0.019500,0.026700,0.046900,0.9427,0.2980,0.020500,0.005100,0.068800,0,0.4817,0.012700,0.066900,0.006200,0.035900,0.1964,0.016900,0.1041,0.4362,0.7000,0.3857,0.057400,2.0888,0.094200,0.031800,0.038100,0.6903,0.080100,0.001900,0.002400,0.060900,0.2120,0.050200,0.000600,0.6316,912,384514,0,2086,1198,0,3.7282,0,0,0.001200,0.008400,0,0,0,0,0,0,0,0,0,0,0,0,0,0,0,0,0,0,0
,0.019200,0.006000,2,57,0,55,0,0,13,233,12,0,454,3,0,0,12,2,0,0,0,0,0.009500,0.006600,0.3552,0.006100,0.009400,0.001000,0.8919,0.1729,0.052600,0.1246,0.001000,0.028100,0,16,768,256,11229,3565.7148,15494.9102,239.1602,0.001200,3,0.000400,0.013000,0.002100,0.014700,0.2708,0,0,0.059200,0.2161,2.8726,0.065500,0.000300,0.001100,0.000200,0.000300,0.006500,0.007500,0.041500,0.005000,0.033800,0.1224,0.014200,0.005600,1.5120,0.029500,0.008900,0.037700,0.012000,0.019600,0.084400,0.009100,0.073500,0.002400,0.1152,0.009200,0.068600,0.6374,0.005000,2.4578,0.000200,0.2071,0.000600,0.000300,0.031800,0.3594,0.8254,0.026900,0.9553,0.1801,0.002000,0.009600,0.000500,0.035100,0.076300,9.3092,8.7628,13.0955,634,16,0.2500,0,16,3.8438,1,0,0,629,1,0,115,102,13,0,-1,-1,0,-1,-1,13.9904,4.9185,0,1525.2227,1525.2227,1525.0977,95,880,535,317,0,0,0.000700,0,0,0.016000,0.093800,0.000600,0.012000,0.075700,0.045500,0.001000,0.002100,0.000500,0.002100,0.008100,0.001300,0.004100,0.025600,0.1524,0.085400,0.089700,0.1905,0.036600,0.1569,0.068800,0.1333,0.000200,0.001400,0.071800,0.008800,0.001300,0.000600,0.025100,0.006100,0.013300,0.001100,0.1533,0.014900,0.043000,0.1938,0.067600,0.001300,0.031400,0.003000,0.017700,0.024500,0.018000,9.1912,0.062400,0.006700,0.000100,0,11.4851,0,0,0,0,0,0,0,50,0,0,0,0,1,1,9,9,2,1,1,4,1,1,1,1,1,1,7,7,1,1,50,9,6,42,76,794,950,0,0,0,0,0,-100,-100,-100,-100,600,1440,107.7673,0,0,-0.000000,-1,0,0,0,1,0,13.7344,5,50,75.1289,13.7344,0,0,48.9844,0,100,0,0,0,0,0,0,0,0,0,0.4874,0.4874,1,0.4874,0.4874,24.1306,8.9635,20141,90,568,135,10885.2734,3604.2734,7254.3555,0,14488.7930,11.4944,2.3975,8.1163,11.4944,2.3986,3.1825,33.3333,6.1046,22.3362,0.000300,0.021400,0.000700,0.000700,0.001700,0.007000,0.000700,0.073000,0.001000,0.017300,0.027200,0.033800,0.3754,0.1868,0.018400,0.006100,0.060600,0,0.049500,0.016200,0.059300,0.005100,0.031200,0.1320,0.015300,0.094700,0.8700,0.7316,0.3536,0.057400,2.4729,0.095300,0.032700,0.039500,0.6993,0.4937,0.001800,0.002500,0.060100,0.1957,0.050200,0.000600,0.5957,934,389038,0.051200,0,0,0,0,0,0,0.001300,0.008900,0,0,0,0,0,0,0,0,0,0,0,0,0,0,0,0,0,0,0
,0.018800,0.015500,2,60,0,58,0,0,13,233,28,0,454,3,0,0,12,2,0,0,0,0,0,0.003000,0.3423,0.005000,0.007600,0.000800,0.8802,0.2006,0.051300,0.1275,0.001100,0.029500,0.003500,1,768,256,11229,3565.7148,15494.9102,239.1602,0.003200,1,0.000100,0.008300,0.002200,0.021700,0.1880,0,0,0.057200,0.4321,2.9052,0.066300,0.000300,0.001300,0.000200,0.000400,0.007300,0.007200,0.044900,0.005700,0.032100,0.1288,0.010800,0.006600,1.2523,0.026100,0.009000,0.028900,0.011900,0.018500,0.086600,0.009600,0.1157,0.002400,0.1307,0.008900,0.069100,0.6062,0.004700,2.3531,0.000200,0.1867,0.000600,0.000900,0.030100,0.3048,0.7731,0.031000,0.9975,0.4186,0.002400,0.012300,0.000500,0.041500,0.092100,8.9790,8.7628,13.0955,634,16,0.2500,0,16,3.8438,1,0,0,629,1,0,115,102,13,0,-1,-1,0,-1,-1,13.9904,4.9185,0,1525.2227,1525.2227,1441.5039,95,880,535,317,0,0,0.001100,0,0,0.013700,0.094500,0.000600,0.011700,0.069900,0.040400,0.001000,0.005400,0.000200,0.001800,0.010000,0.000900,0.003700,0.021900,0.1350,0.056900,0.076800,0.1581,0.041900,0.4748,0.015800,0,0.000300,0.001600,0.066200,0.009000,0.001300,0.000400,0.027900,0.006300,0.012200,0.001000,0.1454,0.014400,0.042000,0.2228,0.069700,0.001100,0.049700,0.002400,0.033600,0.021000,0.022400,8.2805,0.058400,0.007000,0.000100,0,11.5806,0,0,0,0,0,0,0,50,0,0,0,0,1,1,9,9,2,1,1,4,1,1,1,1,1,1,7,7,1,1,50,9,6,42,76,794,950,0,0,0,0,0,-100,-100,-100,-100,600,1440,107.7673,0,0,-0.000000,-1,0,0,0,1,0,13.7344,5,50,75.1289,13.7344,0,0,48.9844,0,100,0,0,0,0,0,0,0,0,0,0.4755,0.4755,1,0.4755,0.4755,34.8868,8.9635,20141,90,568,135,10885.2617,3604.2734,7254.3555,0,14489.5469,11.2136,2.4158,7.7022,11.2136,2.4168,2.8812,33.3333,5.7288,23.3301,0.000200,0.020800,0.000500,0.000600,0.001800,0.007800,0.000500,0.073100,0,0.017300,0.028300,0.038400,0.3479,0.1830,0.019400,0.006200,0.062800,0,0.046100,0.023600,0.090200,0.005100,0.031700,0.1369,0.016300,0.089600,0.4262,0.6349,0.2829,0.057300,2.4259,0.094200,0.031800,0.039500,0.6906,0.086600,0.001900,0.002400,0.059100,0.1966,0.049200,0.000600,0.5933,1055,401026,0,0,0,0,0,0,0,0.001200,0.008300,0,0,0,0,0,0,0,0,0,0,0,0,0,0,0,0,0,0,0
,0.015700,0.2266,2,64,0,62,0,0,13,233,26,0,454,3,0,0,12,2,0,0,0,0,0.032600,0,0.3352,0.005300,0.008400,0.000900,0.8743,0.1726,0.050200,0.1566,0.000900,0.040100,0.002300,1,768,256,11229,3565.7148,15494.9102,239.1602,0.002600,2,0.000100,0.008400,0.001800,0.019500,0.1850,0,0,0.058200,0.2142,3.0084,0.072100,0.000200,0.001400,0.000400,0.000300,0.007800,0.008500,0.047200,0.005300,0.034500,0.1077,0.011500,0.006400,1.5007,0.031000,0.008900,0.041300,0.012300,0.020100,0.088700,0.009000,0.079000,0.002100,0.1238,0.011600,0.070600,0.6349,0.005300,2.5042,0.000400,0.2026,0.000500,0.000400,0.030200,0.3195,0.7425,0.023900,0.9315,0.1256,0.002200,0.010700,0.000500,0.033800,0,9.7548,8.7628,13.0955,634,16,0.2500,0,16,3.8438,1,0,0,629,1,0,115,102,13,0,-1,-1,0,-1,-1,13.9904,4.9185,0,1525.2227,1525.2227,1525.0977,95,880,535,317,0,0,0.000900,0,0,0.014500,0.079400,0.000400,0.011600,0.068700,0.039600,0.000900,0.001300,0.000200,0.001600,0.005800,0.001100,0.003700,0.022100,0.1601,0.057300,0.080100,0.1522,0.043700,0.1665,0.026200,0.1119,0.000300,0.002000,0.061200,0.008800,0.001400,0.000700,0.025200,0.006400,0.012500,0.001200,0.1390,0.013800,0.042000,0.1995,0.067600,0.001000,0.040200,0.002700,0.031800,0.022100,0.016300,9.4096,0.070000,0.006700,0.000100,0,10.6482,0,0,0,0,0,0,0,50,0,0,0,0,1,1,9,9,2,1,1,4,1,1,1,1,1,1,7,7,1,1,50,9,6,42,76,794,950,0,0,0,0,0,-100,-100,-100,-100,600,1440,107.7673,0,0,-0.000000,-1,0,0,0,1,0,13.7344,5,50,75.1289,13.7344,0,0,48.9844,0,100,0,0,0,0,0,0,0,0,0,0.4701,0.4701,1,0.4701,0.4701,46.4181,8.9635,20141,90,568,135,10885.2539,3604.2734,7254.3555,0,14489.5352,11.2345,2.1726,7.3696,11.2345,2.1726,2.7495,33.3333,6.1181,23.4037,0.000200,0.022600,0.000500,0.000800,0.001800,0.008400,0.000600,0.075300,0.001000,0.020400,0.026100,0.034100,0.8005,0.1801,0.019500,0.006100,0.067200,0,0.045900,0.025700,0.086800,0.007100,0.039800,0.1826,0.025600,0.1053,0.4203,0.7136,0.3222,0.056300,2.1322,0.094200,0.031700,0.038100,0.7042,0.087000,0.002000,0.002400,0.062200,0.1976,0.050200,0.000600,0.6198,1036,390358,0,0,0,0,0,0,0,0,0.007800,0,0,0,0,0,0,0,0,0,0,0,0,0,0,0,0,0,0,0
,0.012500,0.009000,2,57,0,55,0,0,13,233,13,0,454,3,0,0,12,2,0,0,0,0,0.008100,0.006300,0.3348,0.006900,0.009100,0.001200,0.8515,0.2033,0.052100,0.1232,0.001200,0.050000,0,2,768,256,11229,3565.7148,15494.9102,239.1602,0.001400,2,0.000200,0.008600,0.001900,0.019400,0.1921,0,0,0.059800,0.2369,3.0130,0.074600,0.000200,0.001400,0.000300,0.000200,0.007500,0.009000,0.049400,0.005800,0.032300,0.1092,0.011600,0.006800,1.6255,0.029000,0.009300,0.034600,0.012700,0.019100,0.074600,0.008100,0.072700,0.002400,0.1209,0.008500,0.072800,0.6307,0.005500,2.3814,0.000300,0.1847,0.000900,0.000300,0.030800,0.3523,0.7302,0.027300,0.9677,0.1285,0.001900,0.009400,0.000400,0.035600,0.1224,9.0407,8.7628,13.0955,634,16,0.2500,0,16,3.8438,1,0,0,629,1,0,115,102,13,0,-1,-1,0,-1,-1,13.9904,4.9185,0,1525.2227,1525.2227,1525.0977,95,880,535,317,0,0,0.000900,0,0,0.019000,0.083300,0.000700,0.012100,0.075500,0.041800,0.000800,0.001600,0.000300,0.001600,0.006200,0.001100,0.004000,0.024000,0.1477,0.057400,0.085500,0.1653,0.042800,0.2534,0.017800,0.2970,0.000600,0.002000,0.066100,0.009000,0.001500,0.000500,0.027200,0.005800,0.012600,0.001000,0.1471,0.014200,0.042500,0.1991,0.067900,0.001100,0.048700,0.002600,0.017600,0.025600,0.018200,8.5297,0.060100,0.006200,0.000100,0,11.5538,0,0,0,0,0,0,0,50,0,0,0,0,1,1,9,9,2,1,1,4,1,1,1,1,1,1,7,7,1,1,50,9,6,42,76,794,950,0,0,0,0,0,-100,-100,-100,-100,600,1440,107.7673,0,0,-0.000000,-1,0,0,0,1,0,13.7344,5,50,75.1289,13.7344,0,0,48.9844,0,100,0,0,0,0,0,0,0,0,0,0.4372,0.4372,1,0.4372,0.4372,57.3968,8.9635,20141,90,568,135,10885.2383,3604.2734,7254.3555,0,14489.5273,11.1720,2.4366,8.0053,11.1720,2.4366,3.1220,33.3333,5.8086,23.7740,0.000200,0.021800,0.000600,0.000600,0.001700,0.007900,0.000600,0.074000,0,0.031700,0.026600,0.041200,0.3536,0.1866,0.018500,0.005100,0.064000,0,0.045900,0.020500,0.090400,0.006200,0.032300,0.1325,0.016100,0.087400,0.4316,0.6969,0.2913,0.057200,2.8570,0.096300,0.032700,0.045000,0.6993,0.095500,0.002000,0.002500,0.062100,0.1957,0.049100,0.000700,0.6057,1022,390816,0,0,0,0,0,0,0,0,0.008400,0,0,0,0,0,0,0,0,0,0,0,0,0,0,0,0,0,0,0,0,0,0,0
,0.015700,0.093700,2,56,0,54,0,0,13,233,13,0,454,3,0,0,12,2,0,0,0,0,0,0.009900,0.3484,0.007000,0.009300,0.001100,0.8688,0.1715,0.050700,0.1250,0.001700,0.040300,0,1,768,256,11229,3565.7148,15494.9102,239.1602,0.003400,3,0.000400,0.020000,0.002000,0.018400,0.1837,0,0,0.059500,0.3353,2.9498,0.1270,0.000200,0.001500,0.000200,0.000300,0.006000,0.007900,0.054800,0.006800,0.032500,0.1738,0.011300,0.007100,1.4431,0.031500,0.009800,0.040400,0.011700,0.032100,0.090400,0.022900,0.066900,0.002100,0.1039,0.009000,0.072600,0.6045,0.004600,2.3353,0.000200,0.2939,0.000900,0.000300,0.030100,0.3354,0.8954,0.041400,1.0521,0.4227,0.002200,0.015000,0.000300,0.039000,0.2415,9.5106,8.7628,13.0955,634,16,0.2500,0,16,3.8438,1,0,0,629,1,0,115,102,13,0,-1,-1,0,-1,-1,13.9904,4.9185,0,1525.2227,1525.2227,1525.0977,95,880,535,317,0,0,0.001000,0,0,0.014500,0.080600,0.000600,0.011000,0.068500,0.042900,0.001100,0.001800,0.000300,0.001500,0.006500,0.000900,0.003900,0.021900,0.1567,0.062200,0.079800,0.1541,0.044600,0.1520,0.020800,0.2308,0.000300,0.005200,0.064500,0.008200,0.001500,0.000400,0.025100,0.006300,0.011400,0.001100,0.1378,0.013900,0.041600,0.2039,0.071300,0.001100,0.041300,0.002600,0.034200,0.022900,0.016300,8.8708,0.062300,0.006300,0.000100,0,11.0398,0,0,0,0,0,0,0,50,0,0,0,0,1,1,9,9,2,1,1,4,1,1,1,1,1,1,7,7,1,1,50,9,6,42,76,794,950,0,0,0,0,0,-100,-100,-100,-100,600,1440,107.7673,0,0,-0.000000,-1,0,0,0,1,0,13.7344,5,50,75.1289,13.7344,0,0,48.9844,0,100,0,0,0,0,0,0,0,0,0,0.5634,0.5634,1,0.5634,0.5634,6.3062,8.9635,20141,90,568,135,10885.2227,3604.2734,7254.3555,0,14489.5117,11.2796,2.3241,8.0629,11.2796,2.3241,2.7471,33.3333,5.9216,23.3336,0.000300,0.020900,0.000600,0.000600,0.001600,0.008100,0.000600,0.072100,0,0.020500,0.021000,0.026900,0.3390,0.1969,0.019500,0.006100,0.066700,0,0.044000,0.009300,0.087000,0.006100,0.033500,0.1364,0.016700,0.1030,0.4274,0.7270,0.3024,0.057400,2.3081,0.093200,0.031800,0.039900,0.6918,0.067200,0.002200,0.002500,0.061800,0.1966,0.049200,0.000500,0.6121,1018,391936,0,2328,1324,0,0.8434,0,0.003700,0,0.008300,0,0,0,0,0,0,0,0,0,0,0,0,0,0,0,0,0,0,0,0,0,0,0
,0.017100,0.2907,2,54,0,52,0,0,13,233,13,0,454,3,0,0,12,2,0,0,0,0,0.008100,0,0.3483,0.005600,0.009700,0.001200,0.9188,0.2141,0.060900,0.1321,0,0.032200,0,1,768,256,11229,3565.7148,15494.9102,239.1602,0,2,0,0.008700,0.002300,0.020300,0.1979,0,0,0.063500,0.2719,4.0270,0.067000,0.000300,0.001200,0.000200,0.000200,0.008000,0.008900,0.046400,0.005200,0.033900,0.1319,0.012700,0.006100,0.5762,0.028900,0.009900,0.028600,0.012900,0.019100,0.087300,0.010700,0.083100,0.002400,0.1148,0.009300,0.072700,0.6163,0.005500,2.3319,0.000400,0.1938,0.000700,0.000300,0.029300,0.3025,0.7993,0.024800,0.9397,0.4630,0.001900,0.011500,0.000600,0.038200,0.1330,10.3572,8.7628,13.0955,634,16,0.2500,0,16,3.8438,1,0,0,629,1,0,115,102,13,0,-1,-1,0,-1,-1,13.9904,4.9185,0,1525.2227,1525.2227,1525.0977,95,909,561,321,0,0,0.001300,0,0,0.015200,0.087700,0.000600,0.011900,0.068600,0.042700,0.000800,0.001600,0.000500,0.001800,0.007000,0.001000,0.003800,0.022400,0.1531,0.056400,0.080600,0.1651,0.043100,0.1919,0.032700,0.076600,0.000300,0.001600,0.064700,0.008600,0.001300,0.000400,0.025800,0.006500,0.011700,0.001000,0.1417,0.015700,0.042800,0.2043,0.068700,0.001300,0.041800,0.002600,0.032300,0.022800,0.017100,9.7782,0.060200,0.006900,0.000100,0,11.1501,0,0,0,0,0,0,0,50,0,0,0,0,1,1,9,9,2,1,1,4,1,1,1,1,1,1,7,7,1,1,50,9,6,42,76,794,950,0,0,0,0,0,-100,-100,-100,-100,600,1440,107.7673,0,0,-0.000000,-1,0,0,0,1,0,13.7344,5,50,75.1289,13.7344,0,0,48.9844,0,100,0,0,0,0,0,0,0,0,0,0.4482,0.4482,1,0.4482,0.4482,18.2822,8.9635,20141,90,568,135,10885.1289,3604.2734,7254.3555,0,14489.4961,11.9708,2.1866,7.2208,11.9708,2.1883,3.0840,33.3333,5.9919,22.6509,0.000600,0.022700,0.000600,0.000600,0.001800,0.012100,0.000600,0.075500,0,0.020400,0.028600,0.036100,0.3700,0.1845,0.019500,0.006100,0.068200,0,0.043600,0.007800,0.071600,0.005100,0.030300,0.1387,0.015700,0.089100,0.4280,0.7277,0.3459,0.056400,2.4953,0.096300,0.031700,0.038900,0.6931,0.096300,0.001800,0.002400,0.060400,0.1947,0.050100,0.000800,0.9172,1057,401714,0,0,0,0,0,0,0,0.001900,0.008000,0,0,0,0,0,0,0,0,0,0,0,0,0,0,0,0,0,0,0,0,0,0,0
,0.015900,0.028200,2,64,0,62,0,0,14,233,29,0,454,3,0,0,13,2,0,0,0,0,0.018800,0.011900,0.3427,0.005100,0.009800,0.001200,0.8630,0.1883,0.055900,0.1287,0.002400,0.022300,0.005700,1,768,256,11229,3565.7148,15494.9102,239.1602,0.002900,6,0.000100,0.008600,0.002600,0.019100,0.1864,0,0,0.079000,0.2854,2.6454,0.066200,0.000300,0.001300,0.000200,0.000300,0.007600,0.006300,0.041200,0.005300,0.032800,0.1370,0.010500,0.006300,0.4168,0.027100,0.008300,0.027500,0.011100,0.018100,0.1119,0.013400,0.079900,0.002600,0.093500,0.009000,0.074000,0.6621,0.007000,2.4197,0.000300,0.1906,0.000500,0.000300,0.031700,0.3055,0.7975,0.026000,0.9558,0.5119,0.002400,0.010800,0.000300,0.036100,0,9.9454,8.7628,13.0955,634,16,0.2500,0,16,3.8438,1,0,0,629,1,0,115,102,13,0,-1,-1,0,-1,-1,13.9904,4.9185,0,1525.2227,1525.2227,1441.6289,95,879,561,321,0,0,0.001000,0,0,0.016000,0.084200,0.000600,0.012000,0.071800,0.047100,0.000900,0.001500,0.000500,0.001700,0.007000,0.001200,0.004000,0.024600,0.1285,0.063400,0.089100,0.1542,0.041200,0.1727,0.053100,0.1749,0.000200,0.001400,0.068000,0.008500,0.001400,0.000500,0.027600,0.006500,0.012100,0.001100,0.1461,0.017700,0.044900,0.1947,0.072800,0.001200,0.021800,0.003300,0.019600,0.022700,0.018500,9.5574,0.060200,0.006900,0.000100,0.003000,11.9300,0,0,0,0,0,0,0,50,0,0,0,0,1,1,9,9,2,1,1,4,1,1,1,1,1,1,7,7,1,1,50,9,6,42,76,794,950,0,0,0,0,0,-100,-100,-100,-100,600,1440,107.7673,0,0,-0.000000,-1,0,0,0,1,0,13.7344,5,50,75.1289,13.7344,0,0,48.9844,0,100,0,0,0,0,0,0,0,0,0,0.5339,0.5339,1,0.5339,0.5339,30.0554,8.9635,20141,90,568,135,10885.0586,3604.2734,7254.3555,0,14489.4023,11.5943,2.2337,7.2882,11.5943,2.2348,3.1339,33.3333,6.0106,22.4118,0.000200,0.022000,0.000600,0.000600,0.001600,0.009100,0.000600,0.076200,0,0.018500,0.020500,0.026400,0.3399,0.1901,0.019400,0.006200,0.062000,0,0.046400,0.007000,0.1896,0.006100,0.032600,0.1413,0.015100,0.098500,0.4124,0.7133,0.3887,0.057400,2.7515,0.094200,0.031700,0.039400,0.6946,0.096400,0.002300,0.002400,0.061000,0.1986,0.049100,0.000600,0.6045,1069,402742,0,0,0,0,0,0.3262,0.005500,0.001200,0.008200,0,0,0,0,0,0,0,0,0,0,0,0,0,0,0,0,0,0,0,0,0,0,0
,0.019900,0.018000,2,64,0,62,0,0,13,233,44,0,454,3,0,0,12,2,0,0,0,0,0.008100,0.009800,0.3502,0.007100,0.009700,0.001200,0.8796,0.2183,0.054200,0.1333,0.001000,0.036800,0,1,768,256,11229,3565.7148,15494.9102,239.1602,0.001600,6,0.000300,0.010600,0.002500,0.020500,0.2036,0,0,0.055600,0.2288,2.6989,0.062500,0.000200,0.001400,0.000200,0.000300,0.008100,0.008000,0.041500,0.005500,0.034000,0.1346,0.011700,0.006100,0.6833,0.027100,0.007800,0.042200,0.011300,0.018200,0.086200,0.010500,0.080800,0.002200,0.087900,0.009300,0.066300,0.6319,0.005700,2.3606,0.000400,0.1887,0.000600,0.000300,0.031400,0.3067,0.6039,0.025400,1.0296,0.1367,0.002300,0.010900,0.000800,0.040700,0.1632,7.2332,8.7628,13.0955,634,16,0.2500,0,16,3.8438,1,0,0,629,1,0,115,102,13,0,-1,-1,0,-1,-1,13.9904,4.9185,0,1525.2227,1525.2227,1525.0977,95,870,551,322,0,0,0.000900,0,0,0.015000,0.089400,0.000600,0.012200,0.081100,0.041800,0.001000,0.001500,0.000200,0.001700,0.005900,0.001100,0.003700,0.022600,0.1551,0.058400,0.077900,0.1618,0.045600,0.2053,0.019600,1.5212,0.000600,0.001600,0.070600,0.009600,0.001700,0.000600,0.031000,0.006800,0.015400,0.001100,0.1574,0.016800,0.045000,0.2361,0.074400,0.001300,0.035700,0.002200,0.036900,0.023700,0.034200,6.6041,0.056600,0.006200,0.000100,0.005800,11.7430,0,0,0,0,0,0,0,50,0,0,0,0,1,1,9,9,2,1,1,4,1,1,1,1,1,1,7,7,1,1,50,9,6,42,76,794,950,0,0,0,0,0,-100,-100,-100,-100,600,1440,107.7673,0,0,-0.000000,-1,0,0,0,1,0,13.7344,5,50,75.1289,13.7344,0,0,48.9844,0,100,0,0,0,0,0,0,0,0,0,1.9194,1.9194,1,1.9194,1.9194,40.3393,8.9635,20141,90,568,135,10885.0508,3604.2734,7254.3555,0,14489.3320,10.4248,3.5665,8.0576,10.4248,3.5665,3.0221,33.3333,6.0766,22.1343,0.000200,0.020100,0.000600,0.000700,0.001800,0.007000,0.000600,0.073100,0,0.020500,0.020900,0.024600,0.3427,0.1953,0.019400,0.005200,0.061700,0,0.046000,0.019700,0.2037,0.005100,0.032300,0.1425,0.016000,0.090300,0.4269,0.7000,0.3631,0.056400,2.4804,0.095200,0.031700,0.039300,0.6900,0.088900,0.002000,0.002500,0.061000,0.1966,0.050200,0.000600,0.6038,924,385338,0.051900,0,0,0,0,0,0,0,0.009100,0,0,0,0,0,0,0,0,0,0,0,0,0,0,0,0,0,0,0,0,0,0,0
,0.018700,0.010200,2,57,0,55,0,0,13,233,12,0,454,3,0,0,12,2,0,0,0,0,0.009100,0.007800,0.3370,0.005700,0.009400,0.001100,0.8896,0.1740,0.054500,0.1399,0.001300,0.029900,0.001100,1,768,256,11229,3565.7148,15494.9102,239.1602,0.001900,3,0.000100,0.009400,0.001900,0.014400,0.1978,0,0,0.060800,0.3271,2.6370,0.080100,0.000300,0.001400,0.000200,0.000300,0.008200,0.007400,0.051000,0.004900,0.042400,0.1399,0.013600,0.006700,1.3547,0.029500,0.008500,0.031500,0.011400,0.019700,0.075200,0.011300,0.069800,0.002300,0.079300,0.007900,0.067500,0.5944,0.005100,2.3307,0.000200,0.1844,0.000700,0.000400,0.029100,0.2959,1.2498,0.024400,1.1060,0.1823,0.002200,0.010000,0.000500,0.038400,0.2447,8.4088,8.7628,13.0955,634,16,0.2500,0,16,3.8438,1,0,0,629,1,0,115,102,13,0,-1,-1,0,-1,-1,13.9904,4.9185,0,1525.2227,1525.2227,1441.6289,95,870,551,322,0,0,0.001100,0,0,0.014600,0.083000,0.000700,0.012200,0.070100,0.041400,0.000800,0.001700,0.000500,0.001700,0.006800,0.000900,0.004200,0.023400,0.1701,0.055900,0.077100,0.1627,0.040100,0.1598,0.026100,0.1010,0.000300,0.001200,0.064600,0.009000,0.001500,0.000600,0.026300,0.006500,0.012500,0.001100,0.1427,0.016900,0.039900,0.2023,0.070100,0.001200,0.047000,0.002300,0.032800,0.022000,0.016800,7.8048,0.061300,0.006700,0.000100,0,10.2764,0,0,0,0,0,0,0,50,0,0,0,0,1,1,9,9,2,1,1,4,1,1,1,1,1,1,7,7,1,1,50,9,6,42,76,794,950,0,0,0,0,0,-100,-100,-100,-100,600,1440,107.7673,0,0,-0.000000,-1,0,0,0,1,0,13.7344,5,50,75.1289,13.7344,0,0,48.9844,0,100,0,0,0,0,0,0,0,0,0,0.4503,0.4503,1,0.4503,0.4503,50.2465,8.9635,20141,90,568,135,10884.9688,3604.2734,7254.3555,0,14489.3242,9.9414,2.1848,7.3971,9.9414,2.1848,3.1585,33.3333,6.5687,22.9485,0.000600,0.024500,0.000500,0.000500,0.001800,0.012600,0.001700,0.075500,0,0.018400,0.026600,0.034200,0.7947,0.3035,0.021500,0.006200,0.067500,0,0.045200,0.011800,0.2189,0,0.034000,0.1808,0.019200,0.1065,0.4287,0.7015,0.3820,0.055200,2.0539,0.094200,0.030700,0.039100,0.6894,0.086500,0.001800,0.002400,0.061600,0.1986,0.050100,0.000600,0.6407,941,389232,0,0,0,0,0,0,0,0,0.008500,0,0,0,0,0,0,0,0,0,0,0,0,0,0,0,0,0,0,0,0,0,0,0
,0.026500,0.006300,2,59,0,57,0,0,13,233,28,0,454,3,0,0,12,2,0,0,0,0,0.008600,0.006300,0.6462,0.006800,0.008700,0.000900,0.8615,0.2262,0.055500,0.1370,0.001500,0.031000,0,1,768,256,11229,3565.7148,15494.9102,239.1602,0.002500,7,0.000200,0.067500,0.002000,0.013500,0.1761,0,0,0.062000,0.2197,2.8314,0.062900,0.000400,0.001300,0.000300,0.000200,0.006700,0.006900,0.042900,0.006200,0.034300,0.1032,0.011700,0.006200,0.9701,0.030000,0.009500,0.035800,0.012100,0.020100,0.093700,0.013200,0.090600,0.002200,0.078700,0.009100,0.069400,0.6253,0.005100,2.3841,0.000400,0.1909,0.000500,0.000400,0.031700,0.3094,0.7414,0.024000,0.9680,0.2051,0.002100,0.010500,0.000500,0.035500,0,9.7609,8.7628,13.0955,634,16,0.2500,0,16,3.8438,1,0,0,629,1,0,115,102,13,0,-1,-1,0,-1,-1,13.9904,4.9185,0,1525.2227,1525.2227,1525.0977,95,879,535,318,0,0,0.000900,0,0,0.015600,0.082200,0.000500,0.012700,0.074500,0.044000,0.000900,0.001500,0.000300,0.002000,0.006700,0.001000,0.004200,0.024500,0.1919,0.063100,0.081100,0.1704,0.045200,0.2058,0.017600,0.027700,0.000300,0.001600,0.069400,0.009500,0.001500,0.000700,0.028400,0.006500,0.012800,0.001000,0.1523,0.015700,0.043100,0.1992,0.069200,0.001200,0.040400,0.002700,0.017300,0.024300,0.019400,9.1776,0.064600,0.006400,0.000100,0,9.9946,0,0,0,0,0,0,0,50,0,0,0,0,1,1,9,9,2,1,1,4,1,1,1,1,1,1,7,7,1,1,50,9,6,42,76,794,950,0,0,0,0,0,-100,-100,-100,-100,600,1440,107.7673,0,0,-0.000000,-1,0,0,0,1,0,13.7344,5,50,75.1289,13.7344,0,0,48.9844,0,100,0,0,0,0,0,0,0,0,0,0.4452,0.4452,1,0.4452,0.4452,61.6446,8.9635,20141,90,568,135,10884.9727,3604.2734,7254.3555,0,14489.2422,11.3279,2.2230,7.6125,11.3279,2.2230,2.8741,33.3333,6.3715,23.1832,0.000200,0.020600,0.000600,0.000700,0.001900,0.007800,0.000600,0.073500,0,0.021500,0.029600,0.037500,0.3396,0.2045,0.018500,0.007100,0.066700,0.001100,0.044000,0.011200,0.2173,0,0.031800,0.1373,0.020900,0.090000,0.4336,0.6934,0.3568,0.058300,2.5000,0.095300,0.031700,0.038400,1.5305,0.098000,0.001900,0.002800,0.061900,0.2017,0.047100,0.000700,0.6160,1004,402576,0,0,0,0,0,0,0.005200,0,0.008200,0,0,0,0,0,0,0,0,0,0,0,0,0,0,0,0,0,0,0,0,0,0,0
,0.016200,0.005800,2,80,0,78,0,0,14,233,46,0,454,3,0,0,13,2,0,0,0,0,0.008600,0.003300,0.3430,0.005000,0.008700,0.001000,0.9055,0.1758,0.054000,0.1299,0.000900,0.038700,0,1,768,256,11229,3565.7148,15494.9102,239.1602,0.001500,1,0,0.007300,0.002000,0.013600,0.1908,0,0,0.056300,0.2979,2.8787,0.069700,0.000200,0.001500,0.000300,0.000200,0.006700,0.006500,0.045500,0.005800,0.033300,0.2635,0.010600,0.006400,1.2792,0.029000,0.008600,0.031600,0.011700,0.020000,0.086100,0.013200,0.078100,0.002300,0.082600,0.009300,0.067500,0.6228,0.004500,2.3727,0.000400,0.1975,0.000500,0.000200,0.031300,0.3144,0.8543,0.023900,1.0329,0.7170,0.002000,0.010900,0.000500,0.036300,0.035600,8.2511,8.7628,13.0955,634,16,0.2500,0,16,3.8438,1,0,0,629,1,0,115,102,13,0,-1,-1,0,-1,-1,13.9904,4.9185,0,1525.2227,1525.2227,1525.0977,95,879,535,318,0,0,0.000800,0,0,0.016300,0.084100,0.000700,0.013400,0.076500,0.042600,0.001000,0.002000,0.000300,0.001800,0.007400,0.001100,0.004100,0.025000,0.1494,0.070300,0.083500,0.1515,0.039300,0.1935,0.024500,0.5209,0.000200,0.001900,0.068400,0.009200,0.001600,0.000400,0.028900,0.006700,0.012900,0.001100,0.1464,0.016600,0.050400,0.2113,0.071100,0.001300,0.047000,0.002100,0.035500,0.023800,0.020700,7.6040,0.063100,0.006400,0.000100,0,11.4717,0,0,0,0,0,0,0,50,0,0,0,0,1,1,9,9,2,1,1,4,1,1,1,1,1,1,7,7,1,1,50,9,6,42,76,794,950,0,0,0,0,0,-100,-100,-100,-100,600,1440,107.7673,0,0,-0.000000,-1,0,0,0,1,0,13.7344,5,50,75.1289,13.7344,0,0,48.9844,0,100,0,0,0,0,0,0,0,0,0,0.8707,0.8707,1,0.8707,0.8707,9.9693,8.9635,20141,90,568,135,10884.9766,3604.2734,7254.3555,0,14489.2461,10.4000,2.7220,7.7854,10.4000,2.7220,2.8743,33.3333,6.0611,22.8061,0.000200,0.022200,0.000600,0.000500,0.001700,0.007500,0.000600,0.072600,0.001000,0.019500,0.028700,0.038800,0.3573,0.1913,0.018500,0.005100,0.061800,0,0.046200,0.011900,0.085900,0.005100,0.032800,0.1354,0.016500,0.091700,0.4266,0.7175,0.3657,0.057400,2.4976,0.094200,0.031800,0.038700,0.6932,0.095000,0.002100,0.002600,0.063300,0.1976,0.049100,0.000600,0.5982,1005,393950,0,2296,1268,0,2.3355,0,0,0,0.007600,0,0,0,0,0,0,0,0,0,0,0,0,0,0,0,0,0,0,0,0,0,0,0
,0.016200,0.080300,2,57,0,55,0,0,13,233,12,0,454,3,0,0,12,2,0,0,0,0,0.018300,0.002500,0.3058,0.006500,0.007700,0.000900,0.8203,0.2015,0.078200,0.1509,0.001300,0.080700,0,0,768,256,11229,3565.7148,15494.9102,239.1602,0.001900,2,0.000100,0.008000,0.001700,0.013200,0.1815,0,0,0.060700,0.3617,3.1727,0.068600,0.000300,0.001400,0.000300,0.000300,0.015500,0.007300,0.043100,0.005100,0.032300,0.1096,0.012600,0.006800,1.2532,0.031200,0.008600,0.034800,0.036500,0.031600,0.088600,0.011900,0.079200,0.002600,0.084100,0.008600,0.069500,0.6612,0.007100,2.5174,0.000400,0.2081,0.000600,0.000300,0.032300,0.3243,1.0046,0.025000,0.9794,0.5208,0.002500,0.013200,0.000800,0.038400,0,10.0059,8.7628,13.0955,634,16,0.2500,0,16,3.8438,1,0,0,629,1,0,115,102,13,0,-1,-1,0,-1,-1,13.9904,4.9185,0,1525.2227,1525.2227,1525.0977,95,879,535,318,0,0,0.000900,0,0,0.014300,0.079100,0.000600,0.012500,0.070300,0.040000,0.000900,0.001500,0.000400,0.001600,0.006000,0.000800,0.004200,0.023100,0.1489,0.062500,0.077900,0.1458,0.040700,0.1871,0.031300,0.078300,0.000300,0.001700,0.065500,0.008700,0.002000,0.000700,0.028200,0.006800,0.012000,0.001100,0.1424,0.015800,0.042900,0.2164,0.067300,0.001100,0.042100,0.002800,0.034200,0.024400,0.022000,9.5678,0.060600,0.006600,0.000100,0,10.2789,0,0,0,0,0,0,0,50,0,0,0,0,1,1,9,9,2,1,1,4,1,1,1,1,1,1,7,7,1,1,50,9,6,42,76,794,950,0,0,0,0,0,-100,-100,-100,-100,600,1440,107.7673,0,0,-0.000000,-1,0,0,0,1,0,13.7344,5,50,75.1289,13.7344,0,0,48.9844,0,100,0,0,0,0,0,0,0,0,0,0.4427,0.4427,1,0.4427,0.4427,21.7137,8.9635,20141,90,568,135,10884.7812,3604.2734,7254.3555,0,14489.2500,11.6305,2.1965,7.2550,11.6305,2.1965,2.8236,33.3333,5.7592,23.7354,0.000300,0.022400,0.000600,0.000600,0.001600,0.007300,0.000700,0.074400,0,0.021500,0.019800,0.026000,0.3576,0.2036,0.019500,0.006100,0.068100,0,0.048700,0.011500,0.081000,0.005100,0.032500,0.5488,0.018700,0.1058,0.4362,0.6498,0.3717,0.057400,2.0774,0.094200,0.031700,0.039100,0.6847,0.087400,0.002000,0.002400,0.061400,0.2120,0.049100,0.000600,0.6126,1042,395004,0,0,0,0,0,0,0.002400,0,0.007400,0,0,0,0,0,0,0,0,0,0,0,0,0,0,0,0,0,0,0,0,0,0,0
,0.017400,0.011700,2,60,0,58,0,0,13,233,27,0,454,3,0,0,12,2,0,0,0,0,0.010000,0.002200,0.3320,0.005700,0.010000,0.001000,0.8661,0.1778,0.057500,0.1279,0.001200,0.022700,0.016600,0,768,256,11229,3565.7148,15494.9102,239.1602,0.002200,4,0,0.013300,0.002200,0.013600,0.2078,0,0,0.061800,0.2209,3.0201,0.069200,0.000200,0.001500,0.000200,0.000300,0.007100,0.007300,0.041800,0.004800,0.035100,0.1469,0.011200,0.006600,1.1236,0.028100,0.007800,0.037900,0.012500,0.020600,0.081800,0.011100,0.070300,0.002100,0.080900,0.009700,0.074600,0.6580,0.006200,2.4528,0.000400,0.2113,0.000500,0.000300,0.033200,0.3365,0.7717,0.024600,0.9492,0.4404,0.002000,0.014500,0.000500,0.034700,0,9.2094,8.7628,13.0955,634,16,0.2500,0,16,3.8438,1,0,0,629,1,0,115,102,13,0,-1,-1,0,-1,-1,13.9904,4.9185,0,1525.2227,1525.2227,1525.0977,95,879,535,318,0,0,0.001100,0,0,0.014400,0.079400,0.000700,0.012000,0.076000,0.041900,0.000800,0.001500,0.000200,0.001800,0.006900,0.000900,0.003800,0.023700,0.1509,0.072000,0.082200,0.1707,0.046000,0.1582,0.024100,1.0530,0.000200,0.001800,0.070800,0.010500,0.001300,0.000700,0.029900,0.005700,0.014600,0.001100,0.1493,0.015400,0.042800,0.1934,0.077900,0.001100,0.043500,0.002200,0.018600,0.024100,0.018400,8.6229,0.072500,0.006900,0.000100,0,11.7292,0,0,0,0,0,0,0,50,0,0,0,0,1,1,9,9,2,1,1,4,1,1,1,1,1,1,7,7,1,1,50,9,6,42,76,794,950,0,0,0,0,0,-100,-100,-100,-100,600,1440,107.7673,0,0,-0.000000,-1,0,0,0,1,0,13.7344,5,50,75.1289,13.7344,0,0,48.9844,0,100,0,0,0,0,0,0,0,0,0,1.3892,1.3892,1,1.3892,1.3892,33.5036,8.9635,20141,90,568,135,10884.6328,3604.2734,7254.3555,0,14489.0547,11.8390,3.1564,7.5429,11.8390,3.1564,2.9648,33.3333,5.8429,23.5451,0.000200,0.022400,0.000600,0.000600,0.001600,0.008700,0.000500,0.084000,0,0.017400,0.032000,0.041300,0.3520,0.2882,0.019500,0.006100,0.069100,0,0.045500,0.015700,0.085300,0.006100,0.031900,0.1306,0.014800,0.092600,0.4344,0.6936,0.3794,0.057400,2.9634,0.096300,0.031700,0.048500,0.6900,0.088300,0.002100,0.002400,0.061300,0.1978,0.050100,0.000800,0.6090,1049,397692,0,0,0,0,0,0,0.002700,0,0.008600,0,0,0,0,0,0,0,0,0,0,0,0,0,0,0,0,0,0,0,0,0,0,0
,0.015300,0.018600,2,64,0,62,0,0,13,233,26,0,454,3,0,0,12,2,0,0,0,0,0.009400,0.014700,0.3406,0.005200,0.008000,0.001000,0.8649,0.1944,0.053100,0.1288,0.001100,0.038700,0.002200,0,768,256,11229,3565.7148,15494.9102,239.1602,0.001300,4,0.000100,0.007500,0.001700,0.013700,0.1856,0,0,0.062900,0.3523,3.4140,0.082300,0.000300,0.001400,0.000200,0.000300,0.007700,0.008400,0.043100,0.005100,0.031700,0.1330,0.011400,0.006300,1.0557,0.029500,0.009000,0.030300,0.012300,0.021400,0.1132,0.009900,0.086400,0.002500,0.094200,0.011100,0.076600,0.6606,0.005500,2.4445,0.000300,0.1980,0.000500,0.000400,0.030300,0.3197,0.8465,0.028600,1.0234,0.4349,0.002300,0.013400,0.000500,0.038800,0,9.5197,8.7628,13.0955,634,16,0.2500,0,16,3.8438,1,0,0,629,1,0,115,102,13,0,-1,-1,0,-1,-1,13.9904,4.9185,0,1525.2227,1525.2227,1441.6289,95,908,561,322,0,0,0.001100,0,0,0.014000,0.080000,0.000700,0.011800,0.069200,0.039700,0.001000,0.001300,0.000200,0.002100,0.006400,0.001100,0.004000,0.021800,0.1391,0.058600,0.079600,0.1607,0.045800,0.1779,0.032200,0.071800,0.000300,0.004900,0.062400,0.007700,0.001300,0.000500,0.024100,0.006200,0.012100,0.001200,0.1577,0.015300,0.040500,0.2080,0.067000,0.001100,0.021000,0.002500,0.034300,0.023800,0.017600,9.2979,0.060300,0.006300,0.000100,0.002600,11.8215,0,0,0,0,0,0,0,50,0,0,0,0,1,1,9,9,2,1,1,4,1,1,1,1,1,1,7,7,1,1,50,9,6,42,76,794,950,0,0,0,0,0,-100,-100,-100,-100,600,1440,107.7673,0,0,-0.000000,-1,0,0,0,1,0,13.7344,5,50,75.1289,13.7344,0,0,48.9844,0,100,0,0,0,0,0,0,0,0,0,0.4296,0.4296,1,0.4296,0.4296,44.9564,8.9635,20141,90,568,135,10884.6328,3604.2734,7254.3555,0,14488.9062,11.1883,2.1844,8.1323,11.1883,2.1844,3.0455,33.3333,6.0889,23.0621,0.000600,0.020700,0.000500,0.000600,0.001500,0.007100,0.000600,0.075300,0,0.020500,0.025500,0.034900,0.3534,0.1920,0.020500,0.005100,0.066700,0,0.047000,0.013600,0.081100,0.005200,0.031600,0.1267,0.016500,0.091800,0.4276,0.7002,0.3998,0.056300,2.0807,0.093100,0.031800,0.039300,0.6980,0.071400,0.001900,0.002500,0.062000,0.1965,0.049200,0.000600,0.6022,1022,390852,0,0,0,0,0,0,0,0,0.008200,0,0,0,0,0,0,0,0,0,0,0,0,0,0,0,0,0,0,0,0,0,0,0
,0.016400,0.066400,2,57,0,55,0,0,13,233,13,0,454,3,0,0,12,2,0,0,0,0,0.010700,0.008400,0.3419,0.006300,0.009500,0.001100,0.9002,0.1844,0.054300,0.1374,0.001200,0.037300,0.001100,2,768,256,11229,3565.7148,15494.9102,239.1602,0.002000,4,0.000500,0.008400,0.002600,0.015400,0.2160,0,0,0.064800,0.2379,2.7307,0.069200,0.000200,0.001300,0.000200,0.000400,0.007800,0.008800,0.043100,0.005000,0.031800,0.1122,0.012100,0.006800,1.5747,0.031000,0.009400,0.045800,0.011800,0.019400,0.093500,0.011200,0.068100,0.002400,0.087400,0.008500,0.073100,0.6129,0.005200,2.3906,0.000400,0.1999,0.000600,0.000300,0.032100,0.3055,0.7186,0.024800,0.9495,0.1633,0.002300,0.010600,0.000500,0.036700,0,9.4901,8.7628,13.0955,634,16,0.2500,0,16,3.8438,1,0,0,629,1,0,115,102,13,0,-1,-1,0,-1,-1,13.9904,4.9185,0,1525.2227,1525.2227,1525.0977,95,880,561,322,0,0,0.000900,0,0,0.015100,0.1032,0.000700,0.012500,0.081500,0.039900,0.001000,0.001900,0.000500,0.002100,0.007400,0.001400,0.004600,0.021900,0.1333,0.055300,0.080200,0.1806,0.046900,0.079500,0.016500,0,0.000200,0.001900,0.083900,0.010200,0.001500,0.000400,0.031600,0.007300,0.011800,0.001200,0.1610,0.017900,0.047200,0.2748,0.095000,0.001400,0.032100,0.002400,0.039200,0.037400,0.027500,8.8865,0.074300,0.006100,0.000100,0,11.3585,0,0,0,0,0,0,0,50,0,0,0,0,1,1,9,9,2,1,1,4,1,1,1,1,1,1,7,7,1,1,50,9,6,42,76,794,950,0,0,0,0,0,-100,-100,-100,-100,600,1440,107.7673,0,0,-0.000000,-1,0,0,0,1,0,13.7344,5,50,75.1289,13.7344,0,0,48.9844,0,100,0,0,0,0,0,0,0,0,0,0.4154,0.4154,1,0.4154,0.4154,56.4266,8.9635,20141,90,568,135,10884.5547,3604.2734,7254.3555,0,14488.9062,11.6962,1.9424,7.2006,11.6962,2.4206,2.8746,33.3333,6.1700,22.8504,0.000200,0.022600,0.000600,0.000600,0.001800,0.011400,0.000700,0.075300,0,0.019400,0.026700,0.033600,0.3600,0.3109,0.021500,0.005100,0.066600,0,0.045200,0.014000,0.2058,0.005100,0.037700,0.1412,0.016000,0.085200,0.4265,0.7001,0.3795,0.057200,2.0535,0.095300,0.032700,0.039300,0.6897,0.097000,0.002100,0.002300,0.060400,0.1955,0.050200,0.000600,0.6732,1023,389594,0.074900,0,0,0,0,0,0,0.4785,0.007900,0,0,0,0,0,0,0,0,0,0,0,0,0,0,0,0,0,0,0,0,0,0,0
,0.016800,0.030800,2,57,0,55,0,0,13,233,9,0,454,3,0,0,12,2,0,0,0,0,0,0.012200,0.3689,0.006000,0.009600,0.001400,0.8942,0.2665,0.052600,0.1375,0.001100,0.024200,0,1,768,256,11229,3565.7148,15494.9102,239.1602,0.002500,4,0.000300,0.008500,0.002200,0.014200,0.1927,0,0,0.062100,0.2917,3.1563,0.078400,0.000300,0.001200,0.000300,0.000300,0.006800,0.007700,0.049300,0.006100,0.034000,0.1071,0.012000,0.006200,1.3911,0.027800,0.008800,0.035600,0.011700,0.020300,0.079600,0.008200,0.078000,0.002300,0.078900,0.009200,0.077700,0.6265,0.005400,2.3806,0.000400,0.1945,0.000600,0.000400,0.033100,0.3061,0.9630,0.027000,1.0372,0.1556,0.002300,0.010400,0.000500,0.037700,0.3072,8.7625,8.7628,13.0955,634,16,0.2500,0,16,3.8438,1,0,0,629,1,0,115,102,13,0,-1,-1,0,-1,-1,13.9904,4.9185,0,1525.2227,1525.2227,1525.0977,95,904,561,321,0,0,0.000900,0,0,0.015100,0.086300,0.004100,0.016500,0.071100,0.048500,0.001300,0.001900,0.000300,0.001700,0.007100,0.001300,0.004100,0.023700,0.1317,0.057100,0.079000,0.1616,0.040100,0.5864,0.014000,0,0.000300,0.001800,0.063500,0.008800,0.001200,0.000600,0.026100,0.006000,0.012400,0.001300,0.1551,0.014000,0.042800,0.2000,0.071500,0.001100,0.046500,0.002200,0.019700,0.023400,0.022600,8.1145,0.059800,0.007700,0.000100,0,11.6056,0,0,0,0,0,0,0,50,0,0,0,0,1,1,9,9,2,1,1,4,1,1,1,1,1,1,7,7,1,1,50,9,6,42,76,794,950,0,0,0,0,0,-100,-100,-100,-100,600,1440,107.7673,0,0,-0.000000,-1,0,0,0,1,0,13.7344,5,50,75.1289,13.7344,0,0,48.9844,0,100,0,0,0,0,0,0,0,0,0,0.4135,0.4135,1,0.4135,0.4135,5.1494,8.9635,20141,90,568,135,10884.4180,3604.2734,7254.3555,0,14488.8281,10.7798,2.6804,7.3040,10.7798,2.6804,3.1988,33.3333,6.1338,23.3464,0.000300,0.021700,0.000600,0.000600,0.001800,0.007800,0.000600,0.072500,0,0.019500,0.031700,0.038900,0.3403,0.1993,0.019500,0.006100,0.065700,0,0.042500,0.013600,0.1973,0.005100,0.031500,0.1340,0.016800,0.094800,0.4323,0.7116,0.3438,0.056200,3.3699,0.094200,0.030700,0.040000,0.6909,0.082000,0.002000,0.002800,0.062700,0.1984,0.050200,0.000700,0.6096,1020,403972,0,2061,1180,0,0.8988,0,0,0,0.008600,0,0,0,0,0,0,0,0,0,0,0,0,0,0,0,0,0,0,0,0,0,0,0
,0.021500,0.016200,2,80,0,78,0,0,14,233,41,0,454,3,0,0,13,2,0,0,0,0,0.011900,0.004300,0.3455,0.006400,0.009600,0.000900,0.9012,0.1893,0.056300,0.1460,0,0.035500,0,1,768,256,11229,3565.7148,15494.9102,239.1602,0,4,0.000300,0.021900,0.002000,0.014500,0.1988,0,0,0.060700,0.2697,3.1146,0.1400,0.000200,0.001300,0.000300,0.000300,0.007900,0.007900,0.053900,0.005300,0.033500,0.1382,0.010600,0.006000,0.6067,0.028900,0.009400,0.029200,0.011800,0.020100,0.1090,0.010800,0.080400,0.002400,0.1187,0.010800,0.081100,0.6495,0.005400,2.4984,0.000400,0.2039,0.000700,0.000400,0.031700,0.3138,0.9286,0.027800,0.9928,0.4389,0.002400,0.012600,0.000500,0.039600,0.1757,10.0469,8.7628,13.0955,634,16,0.2500,0,16,3.8438,1,0,0,629,1,0,115,102,13,0,-1,-1,0,-1,-1,13.9904,4.9185,0,1525.2227,1525.2227,1525.0977,95,880,535,317,0,0,0.001100,0,0,0.015500,0.079900,0.000500,0.012100,0.066200,0.037800,0.000900,0.001500,0.000200,0.001600,0.006000,0.000900,0.004000,0.021900,0.1808,0.057600,0.079500,0.1524,0.038300,0.1770,0.024500,0.1147,0.000200,0.001500,0.060800,0.007900,0.001100,0.000600,0.023300,0.006500,0.011500,0.001200,0.1388,0.014300,0.038300,0.2026,0.068000,0.001200,0.039400,0.002600,0.032300,0.022500,0.017200,9.4863,0.056800,0.006300,0.000100,0,10.6291,0,0,0,0,0,0,0,50,0,0,0,0,1,1,9,9,2,1,1,4,1,1,1,1,1,1,7,7,1,1,50,9,6,42,76,794,950,0,0,0,0,0,-100,-100,-100,-100,600,1440,107.7673,0,0,-0.000000,-1,0,0,0,1,0,13.7344,5,50,75.1289,13.7344,0,0,48.9844,0,100,0,0,0,0,0,0,0,0,0,0.5020,0.5020,1,0.5020,0.5020,16.8366,8.9635,20141,90,568,135,10884.3320,3604.2734,7254.3555,0,14488.6914,11.7035,2.2360,8.2770,11.7035,2.2371,2.9117,33.3333,5.9711,23.1682,0.000200,0.031500,0.000600,0.000600,0.001500,0.007600,0.000600,0.072100,0,0.019400,0.027200,0.034500,0.3531,0.1916,0.019400,0.005200,0.062300,0,0.045300,0.017000,0.2167,0.005100,0.033100,0.1372,0.016000,0.1003,0.4343,0.7211,0.3640,0.057400,2.5026,0.094200,0.031700,0.048800,0.6984,0.092400,0.002000,0.002500,0.059100,0.1965,0.050200,0.000700,0.6055,1017,391724,0,0,0,0,0,0.4361,0,0.001300,0.008100,0,0,0,0,0,0,0,0,0,0,0,0,0,0,0,0,0,0,0,0,0,0,0
,0.3143,0.009200,2,57,0,55,0,0,13,233,12,0,454,3,0,0,12,2,0,0,0,0,0.016600,0.010500,0.3728,0.006000,0.009100,0.001200,0.9619,0.4113,0.060300,0.1656,0.003200,0.039700,0,0,768,256,11229,3565.7148,15494.9102,239.1602,0.004600,4,0.000400,0.018800,0.002400,0.022400,1.1203,0,0,0.063400,0.3086,3.0249,0.063400,0.000300,0.001200,0.000200,0.000300,0.006900,0.008700,0.039900,0.005200,0.033500,0.1758,0.011100,0.006200,0.3562,0.028300,0.009300,0.025200,0.012200,0.019600,0.1317,0.011300,0.080200,0.002300,0.1196,0.010000,0.073100,0.6961,0.005300,2.4588,0.000300,0.2069,0.000500,0.000500,0.030900,0.3409,0.8243,0.028400,1.0357,0.1684,0.002200,0.010400,0.000500,0.035300,0,10.1449,8.7628,13.0955,634,16,0.2500,0,16,3.8438,1,0,0,629,1,0,115,102,13,0,-1,-1,0,-1,-1,13.9904,4.9185,0,1525.2227,1525.2227,1525.0977,95,880,535,317,0,0,0.000800,0,0,0.016400,0.081800,0.000500,0.015600,0.069600,0.043100,0.000900,0.001700,0.000300,0.001600,0.006500,0.001000,0.003600,0.022500,0.1418,0.054900,0.080600,0.1459,0.041500,0.3962,0.017600,0,0.000100,0.001600,0.065100,0.008600,0.001400,0.000500,0.026800,0.006600,0.012000,0.001100,0.1441,0.016900,0.044500,0.2216,0.075700,0.001400,0.044500,0.002400,0.036500,0.024200,0.020300,9.5717,0.074300,0.006400,0.000100,0,11.5864,0,0,0,0,0,0,0,50,0,0,0,0,1,1,9,9,2,1,1,4,1,1,1,1,1,1,7,7,1,1,50,9,6,42,76,794,950,0,0,0,0,0,-100,-100,-100,-100,600,1440,107.7673,0,0,-0.000000,-1,0,0,0,1,0,13.7344,5,50,75.1289,13.7344,0,0,48.9844,0,100,0,0,0,0,0,0,0,0,0,0.5286,0.5286,1,0.5286,0.5286,28.6661,8.9635,20141,90,568,135,10881.3516,3604.2734,7254.3555,0,14488.6055,11.6788,2.1800,7.4082,11.6788,2.1816,3.1060,33.3333,6.3584,22.4500,0.000200,0.018300,0.000500,0.000600,0.001600,0.007200,0.000600,0.083900,0.001000,0.021500,0.025400,0.026600,0.3489,0.1990,0.021500,0.007100,0.062200,0,0.045600,0.025200,0.085700,0.005100,0.030200,0.1306,0.016400,0.086700,0.4256,0.7552,0.3295,0.056300,2.4615,0.095200,0.030700,0.038200,0.6921,0.1005,0.001800,0.002400,0.061800,0.1985,0.050200,0.000700,0.6355,1070,402076,0,0,0,0,0,0.2108,0,0.001900,0.007800,0,0,0,0,0,0,0,0,0,0,0,0,0,0,0,0,0,0,0,0,0,0,0
,0.014900,0.013800,2,64,0,62,0,0,13,233,45,0,454,3,0,0,12,2,0,0,0,0,0.008500,0.002100,0.3444,0.006900,0.010300,0.001000,0.8757,0.1938,0.055000,0.1318,0.001100,0.028500,0.001700,0,768,256,11229,3565.7148,15494.9102,239.1602,0.001600,6,0.000100,0.008200,0.002000,0.020200,0.3634,0,0,0.056300,0.4047,2.9361,0.066000,0.000200,0.001200,0.000200,0.000200,0.006300,0.006700,0.043800,0.004800,0.033300,0.1040,0.011300,0.005900,1.5097,0.028700,0.008600,0.035700,0.012100,0.019900,0.1068,0.012300,0.073400,0.002000,0.1133,0.009100,0.070200,0.6815,0.005200,2.4562,0.000800,0.2193,0.000600,0.000400,0.029600,0.3168,0.7527,0.027600,0.9289,0.4107,0.002000,0.012000,0.000500,0.034600,0.3444,8.0588,8.7628,13.0955,634,16,0.2500,0,16,3.8438,1,0,0,629,1,0,115,102,13,0,-1,-1,0,-1,-1,13.9904,4.9185,0,1525.2227,1525.2227,1441.6289,95,880,535,317,0,0,0.001400,0,0,0.015400,0.080500,0.000600,0.011600,0.073200,0.040900,0.000800,0.001300,0.000300,0.001500,0.005900,0.000900,0.004200,0.024400,0.1435,0.055500,0.081400,0.1609,0.039200,0.1900,0.022300,1.0069,0.000400,0.002000,0.068400,0.008800,0.001500,0.000600,0.031300,0.006400,0.012700,0.001500,0.1522,0.018500,0.045200,0.2193,0.070500,0.001500,0.053500,0.002600,0.018200,0.024200,0.024700,7.4205,0.093300,0.006300,0.000100,0,11.8952,0,0,0,0,0,0,0,50,0,0,0,0,1,1,9,9,2,1,1,4,1,1,1,1,1,1,7,7,1,1,50,9,6,42,76,794,950,0,0,0,0,0,-100,-100,-100,-100,600,1440,107.7673,0,0,-0.000000,-1,0,0,0,1,0,13.7344,5,50,75.1289,13.7344,0,0,48.9844,0,100,0,0,0,0,0,0,0,0,0,1.3684,1.3684,1,1.3684,1.3684,39.2655,8.9635,20141,90,568,135,10881.3281,3604.2734,7254.3555,0,14485.6250,10.6377,3.1413,7.2446,10.6377,3.1422,3.1067,33.3333,6.0656,23.4050,0.000200,0.022400,0.000600,0.000600,0.001700,0.007700,0.000600,0.073500,0,0.021500,0.029800,0.038500,0.3466,0.1884,0.021500,0.006100,0.066100,0,0.045800,0.024800,0.081400,0.005100,0.032400,0.1304,0.016000,0.089300,0.4262,0.6947,0.3355,0.069600,3.4714,0.096200,0.031800,0.039900,0.6892,0.088900,0.001900,0.002300,0.064000,0.1966,0.050100,0.000800,0.6021,1024,389476,0,0,0,0,0,0,0.001800,0.001100,0.008400,0,300000,0,0,0,0,0.8000,50000,1,0,0,0,0,0,0,0,0,0,0,0,0,0,0
,0.2770,0.014300,2,56,0,54,0,0,13,233,15,0,454,3,0,0,12,2,0,0,0,0,0.008800,0.007400,0.3388,0.009300,0.009100,0.001000,0.8647,0.2071,0.051600,0.1282,0.001000,0.039600,0,1,768,256,11229,3565.7148,15494.9102,239.1602,0.001200,3,0.000200,0.008500,0.002500,0.019200,0.1838,0,0,0.068100,0.2446,2.8541,0.063300,0.000200,0.001300,0.000200,0.000400,0.006200,0.007000,0.040000,0.005200,0.031700,0.1035,0.010700,0.006000,1.2242,0.028100,0.009600,0.031600,0.011000,0.019200,0.089100,0.009700,0.075000,0.002100,0.1018,0.012100,0.072200,0.6343,0.005000,2.3881,0.000200,0.1988,0.000700,0.000400,0.029500,0.3272,0.9031,0.027000,0.9490,0.3886,0.003400,0.012200,0.001100,0.037300,0,10.1961,8.7628,13.0955,634,16,0.2500,0,16,3.8438,1,0,0,629,1,0,115,102,13,0,-1,-1,0,-1,-1,13.9904,4.9185,0,1525.2227,1525.2227,1525.0977,95,880,535,317,0,0,0.001200,0,0,0.014600,0.080500,0.000900,0.012300,0.072100,0.040500,0.001000,0.001400,0.000300,0.001400,0.006100,0.001100,0.003800,0.021700,0.1478,0.059800,0.078600,0.1539,0.043000,0.1892,0.017400,0.055400,0.000200,0.001500,0.066300,0.008600,0.001300,0.000400,0.027000,0.006500,0.011500,0.001300,0.1339,0.014100,0.039900,0.1984,0.071000,0.001500,0.042600,0.002600,0.031400,0.023500,0.016200,9.6172,0.059300,0.006400,0.000100,0,10.6417,0,0,0,0,0,0,0,50,0,0,0,0,1,1,9,9,2,1,1,4,1,1,1,1,1,1,7,7,1,1,50,9,6,42,76,794,950,0,0,0,0,0,-100,-100,-100,-100,600,1440,107.7673,0,0,-0.000000,-1,0,0,0,1,0,13.7344,5,50,75.1289,13.7344,0,0,48.9844,0,100,0,0,0,0,0,0,0,0,0,0.4100,0.4100,1,0.4100,0.4100,51.0343,8.9635,20141,90,568,135,10881.3281,3604.2734,7254.3555,0,14485.6016,11.8693,2.2533,8.2653,11.8693,2.2533,2.9164,33.3333,5.3645,23.9983,0.000600,0.018900,0.000600,0.000600,0.001700,0.007600,0.000600,0.077300,0,0.019500,0.021200,0.026000,0.3639,0.1900,0.021500,0.006100,0.062300,0,0.055200,0.021300,0.078400,0.006100,0.030900,0.1328,0.015900,0.090000,0.4283,0.6970,0.2980,0.057400,2.3030,0.093100,0.031800,0.039300,0.6881,0.1009,0.002100,0.002700,0.063000,0.1965,0.049200,0.000700,0.5949,1089,404388,0,0,0,0,0,0,0.003300,0,0.008100,0,0,0,0,0,0,0,0,0,0,0,0,0,0,0,0,0,0,0,0,0,0,0
,0.021200,0.006500,2,73,0,71,0,0,14,233,43,0,454,3,0,0,13,2,0,0,0,0,0.008800,0.007200,0.3661,0.005900,0.008000,0.001300,0.9057,0.1749,0.066700,0.1345,0.001000,0.3901,0,1,768,256,11229,3565.7148,15494.9102,239.1602,0.001600,6,0,0.008500,0.002000,0.018500,0.1836,0,0,0.071000,0.2702,3.1510,0.069700,0.000300,0.001300,0.000300,0.000300,0.006700,0.008200,0.045000,0.004900,0.034200,0.1061,0.010900,0.006500,0.4931,0.027100,0.009000,0.027500,0.011900,0.019200,0.091800,0.009500,0.079500,0.002200,0.1040,0.010600,0.069600,0.6275,0.004800,2.4024,0.000300,0.1897,0.000800,0.000300,0.030900,0.3180,0.8230,0.025300,0.9318,0.4863,0.002300,0.012400,0.000400,0.037500,0,9.0399,8.7628,13.0955,634,16,0.2500,0,16,3.8438,1,0,0,629,1,0,115,102,13,0,-1,-1,0,-1,-1,13.9904,4.9185,0,1525.2227,1525.2227,1525.0977,95,880,535,317,0,0,0.000900,0,0,0.014500,0.080400,0.000800,0.012100,0.071900,0.042900,0.000900,0.001700,0.000300,0.001500,0.006400,0.001200,0.003700,0.023700,0.1431,0.056500,0.080400,0.1657,0.044000,0.2159,0.019100,0.4196,0.000200,0.001900,0.065400,0.009100,0.001300,0.000500,0.026300,0.007500,0.012600,0.001300,0.1382,0.015600,0.045100,0.2125,0.069900,0.001400,0.023600,0.003400,0.033200,0.022100,0.024300,8.8514,0.059000,0.006600,0.000300,0,11.7494,0,0,0,0,0,0,0,50,0,0,0,0,1,1,9,9,2,1,1,4,1,1,1,1,1,1,7,7,1,1,50,9,6,42,76,794,950,0,0,0,0,0,-100,-100,-100,-100,600,1440,107.7673,0,0,-0.000000,-1,0,0,0,1,0,13.7344,5,50,75.1289,13.7344,0,0,48.9844,0,100,0,0,0,0,0,0,0,0,0,0.4450,0.4450,1,0.4450,0.4450,62.4176,8.9635,20141,90,568,135,10881.3281,3604.2734,7254.3555,0,14485.6016,10.9933,2.5286,7.2806,10.9933,2.5286,3.1419,33.3333,5.4416,23.8215,0.000200,0.024500,0.000500,0.000700,0.002200,0.007500,0.000600,0.075800,0,0.016400,0.027400,0.035100,0.3632,0.1940,0.021600,0.005100,0.062700,0,0.045900,0.007600,0.080800,0.005100,0.030700,0.1237,0.015700,0.088500,0.4257,0.6804,0.3011,0.059300,2.3407,0.094200,0.030700,0.039200,0.6891,0.087900,0.002000,0.002400,0.061400,0.1986,0.049100,0.000700,0.5995,1045,397631,0,0,0,0,0,0,0,0,0.008100,0,0,0,0,0,0,0,0,0,0,0,0,0,0,0,0,0,0,0,0,0,0,0
,0.015200,0.3300,2,62,0,60,0,0,13,233,26,0,454,3,0,0,12,2,0,0,0,0,0.009700,0.003900,0.3294,0.006500,0.009100,0.001200,0.8902,0.2008,0.053400,0.1296,0.001000,0.032200,0,2,768,256,11229,3565.7148,15494.9102,239.1602,0.002000,3,0.000400,0.021300,0.003100,0.019900,0.1743,0,0,0.067100,0.2871,3.3259,0.060700,0.000200,0.001200,0.000200,0.000200,0.006700,0.008000,0.041700,0.005100,0.032500,0.1298,0.010800,0.006000,0.7616,0.026700,0.008600,0.025800,0.012900,0.019800,0.088200,0.013100,0.082300,0.002200,0.1232,0.010300,0.077300,0.6529,0.004900,2.5051,0.000200,0.2071,0.000600,0.000300,0.031400,0.3080,0.7816,0.026200,0.9589,0.1486,0.002300,0.011000,0.000500,0.034300,0,8.3825,8.7628,13.0955,634,16,0.2500,0,16,3.8438,1,0,0,629,1,0,115,102,13,0,-1,-1,0,-1,-1,13.9904,4.9185,0,1525.2227,1525.2227,1525.0977,95,908,561,321,0,0,0.000800,0,0,0.015200,0.082200,0.000800,0.012100,0.067700,0.039500,0.000900,0.001600,0.000100,0.001500,0.006100,0.001200,0.004000,0.024700,0.1307,0.061200,0.094100,0.1637,0.038600,0.5522,0.014900,0,0.000300,0.001700,0.065400,0.008500,0.001700,0.000600,0.025600,0.005900,0.012700,0.001400,0.1525,0.017300,0.044800,0.2202,0.069900,0.001400,0.030300,0.002900,0.032300,0.023400,0.025200,7.8982,0.065200,0.010100,0.000100,0,11.3738,0,0,0,0,0,0,0,50,0,0,0,0,1,1,9,9,2,1,1,4,1,1,1,1,1,1,7,7,1,1,50,9,6,42,76,794,950,0,0,0,0,0,-100,-100,-100,-100,600,1440,107.7673,0,0,-0.000000,-1,0,0,0,1,0,13.7344,5,50,75.1289,13.7344,0,0,48.9844,0,100,0,0,0,0,0,0,0,0,0,0.4583,0.4583,1,0.4583,0.4583,10.1117,8.9635,20141,90,568,135,10881.3281,3604.2734,7254.3555,0,14485.6016,10.5835,2.4309,7.3409,10.5835,2.4320,2.8263,33.3333,5.7813,23.6820,0.000200,0.020300,0.000600,0.000600,0.001800,0.009300,0.000600,0.077900,0,0.019500,0.021900,0.036900,0.3663,0.1862,0.018500,0.006100,0.062800,0,0.045600,0.007900,0.080400,0.005100,0.033700,0.1413,0.015200,0.097900,0.6245,0.7341,0.3900,0.056200,3.0587,0.094200,0.031800,0.038900,0.6898,0.1035,0.001800,0.002700,0.063200,0.1986,0.050200,0.000600,0.5951,1054,400019,0.052200,2242,1273,0,2.5633,0,0,0.001400,0.008400,0,0,0,0,0,0,0,0,0,0,0,0,0,0,0,0,0,0,0,0,0,0,0
,0.028000,0.005500,2,70,0,68,0,0,14,233,28,0,454,3,0,0,13,2,0,0,0,0,0.009200,0.001800,0.3336,0.006400,0.009900,0.001100,0.8731,0.1800,0.050400,0.1232,0.000900,0.037000,0,0,768,256,11229,3565.7148,15494.9102,239.1602,0.001400,3,0.000100,0.008600,0.002100,0.019000,0.1822,0,0,0.056600,0.2408,2.8391,0.062900,0.000300,0.001300,0.000200,0.000300,0.006200,0.010400,0.042600,0.004700,0.033500,0.1242,0.011900,0.007200,0.3939,0.025000,0.008100,0.036400,0.010800,0.018800,0.071900,0.008700,0.074800,0.001900,0.082500,0.009600,0.073700,0.6185,0.004700,2.4005,0.000400,0.1990,0.000600,0.000300,0.030200,0.3126,0.7521,0.026100,0.9603,0.1258,0.002600,0.010700,0.000600,0.038700,0.7399,8.6079,8.7628,13.0955,634,16,0.2500,0,16,3.8438,1,0,0,629,1,0,115,102,13,0,-1,-1,0,-1,-1,13.9904,4.9185,0,1525.2227,1525.2227,1525.0977,95,890,561,321,0,0,0.001100,0,0,0.015600,0.078900,0.000600,0.012300,0.070500,0.040300,0.000900,0.001600,0.000300,0.001500,0.006000,0.001100,0.003600,0.032600,0.1240,0.061100,0.077200,0.1619,0.041600,0.7347,0.015100,0,0.000200,0.006100,0.087000,0.010800,0.001000,0.000400,0.024900,0.007200,0.013000,0.001500,0.1433,0.017000,0.040700,0.2150,0.073400,0.001300,0.046200,0.002500,0.034300,0.023300,0.019700,7.9969,0.055900,0.005900,0.000100,0,10.3948,0,0,0,0,0,0,0,50,0,0,0,0,1,1,9,9,2,1,1,4,1,1,1,1,1,1,7,7,1,1,50,9,6,42,76,794,950,0,0,0,0,0,-100,-100,-100,-100,600,1440,107.7673,0,0,-0.000000,-1,0,0,0,1,0,13.7344,5,50,75.1289,13.7344,0,0,48.9844,0,100,0,0,0,0,0,0,0,0,0,0.4119,0.4119,1,0.4119,0.4119,20.7513,8.9635,20141,90,568,135,10881.3633,3604.2734,7254.3555,0,14485.6016,10.8603,2.6864,8.5073,10.8603,2.6864,2.8396,33.3333,5.0974,23.7710,0.000200,0.021800,0.000600,0.000600,0.001600,0.008500,0.000600,0.075300,0.001000,0.020500,0.039200,0.036800,0.3407,0.1889,0.020500,0.005100,0.062300,0,0.045300,0.007100,0.1753,0.006100,0.030800,0.1272,0.015700,0.092600,0.4295,0.7756,0.3034,0.056400,2.4718,0.094200,0.032800,0.038800,0.6898,0.097700,0.001900,0.002300,0.062700,0.1977,0.050100,0.000600,0.5999,1049,395238,0,0,0,0,0,0,0,0,0.008200,0,0,0,0,0,0,0,0,0,0,0,0,0,0,0,0,0,0,0,0,0,0,0
,0.016500,0.012300,2,59,0,57,0,0,13,233,29,0,454,3,0,0,12,2,0,0,0,0,0.011600,0.014000,0.3385,0.006500,0.009800,0.000900,0.8778,0.1956,0.058300,0.1371,0.001400,0.038200,0,1,768,256,11229,3565.7148,15494.9102,239.1602,0.001600,6,0.000200,0.009000,0.001900,0.019800,0.1853,0,0,0.059500,0.3731,3.0562,0.065700,0.000200,0.001300,0.000200,0.000300,0.008000,0.008300,0.066800,0.006000,0.040100,0.1110,0.013900,0.007300,1.2812,0.026200,0.009300,0.044800,0.011200,0.018900,0.078000,0.010500,0.080700,0.002000,0.083300,0.008900,0.069800,0.6216,0.005100,2.4039,0.000400,0.1982,0.000700,0.000400,0.030500,0.3135,1.0668,0.025000,1.0062,0.1264,0.002100,0.012800,0.000400,0.035600,0.5250,8.9007,8.7628,13.0955,634,16,0.2500,0,16,3.8438,1,0,0,629,1,0,115,102,13,0,-1,-1,0,-1,-1,13.9904,4.9185,0,1525.2227,1525.2227,1441.5039,95,895,561,322,0,0,0.000900,0,0,0.015000,0.079700,0.000500,0.011600,0.069100,0.040000,0.000800,0.001600,0.000200,0.001200,0.005400,0.000800,0.003700,0.023700,0.1390,0.058400,0.087800,0.1470,0.043600,0.1975,0.016100,0.1260,0.000200,0.002000,0.066900,0.008600,0.001600,0.000800,0.028800,0.007200,0.012000,0.001200,0.1327,0.014300,0.043700,0.2075,0.066100,0.001200,0.045300,0.002400,0.033900,0.023500,0.017500,8.5152,0.066800,0.006200,0.000200,0,10.6094,0,0,0,0,0,0,0,50,0,0,0,0,1,1,9,9,2,1,1,4,1,1,1,1,1,1,7,7,1,1,50,9,6,42,76,794,950,0,0,0,0,0,-100,-100,-100,-100,600,1440,107.7673,0,0,-0.000000,-1,0,0,0,1,0,13.7344,5,50,75.1289,13.7344,0,0,48.9844,0,100,0,0,0,0,0,0,0,0,0,0.4298,0.4298,1,0.4298,0.4298,31.4308,8.9635,20141,90,568,135,10881.3633,3604.2734,7254.3555,0,14485.6367,10.4342,2.1791,7.3510,10.4342,2.1791,3.0165,33.3333,5.6667,23.7069,0.000200,0.022800,0.000600,0.000600,0.001700,0.008700,0.000500,0.078300,0,0.021500,0.030400,0.036300,0.3639,0.1963,0.020500,0.006100,0.062500,0,0.046500,0.018200,0.2249,0.005100,0.032200,0.1352,0.016700,0.089500,0.4261,0.7431,0.3341,0.058400,2.4895,0.095300,0.031700,0.039800,0.6911,0.086600,0.002100,0.002900,0.061200,0.1966,0.050100,0.000600,0.8312,1036,404270,0,0,0,0,0,0,0,0,0.008400,0,0,0,0,0,0,0,0,0,0,0,0,0,0,0,0,0,0,0,0,0,0,0
,0.022600,0.007400,2,80,0,78,0,0,14,233,42,0,454,3,0,0,13,2,0,0,0,0,0.008500,0.009500,0.6012,0.006100,0.008700,0.001000,0.8752,0.2063,0.053800,0.1318,0.002200,0.026800,0,1,768,256,11229,3565.7148,15494.9102,239.1602,0.002100,3,0.000200,0.007900,0.001800,0.014000,0.1838,0,0,0.061200,0.2484,3.1200,0.059800,0.000200,0.001100,0.000300,0.000400,0.006000,0.007600,0.044900,0.004900,0.031800,0.1028,0.011000,0.006100,0.5490,0.024600,0.009400,0.025700,0.011100,0.018500,0.083700,0.010100,0.080400,0.002200,0.076900,0.008000,0.069000,0.6440,0.005900,2.3848,0.000400,0.2056,0.000600,0.000400,0.035300,0.3169,1.1841,0.027500,0.9754,0.1098,0.002100,0.010200,0.000500,0.095200,0,9.7983,8.7628,13.0955,634,16,0.2500,0,16,3.8438,1,0,0,629,1,0,115,102,13,0,-1,-1,0,-1,-1,13.9904,4.9185,0,1525.2227,1525.2227,1441.5039,95,879,535,318,0,0,0.000900,0,0,0.015900,0.097700,0.000500,0.013000,0.071400,0.053900,0.000900,0.001600,0.000400,0.001500,0.006500,0.001000,0.004200,0.024100,0.1424,0.059800,0.085000,0.2134,0.058400,0.1910,0.024500,0.1843,0.000100,0.001400,0.063800,0.008400,0.001100,0.000500,0.025100,0.006300,0.013500,0.001000,0.1393,0.015000,0.042800,0.1897,0.070700,0.001200,0.040000,0.002300,0.017100,0.022900,0.018000,9.3377,0.059000,0.006400,0.000100,0,10.7443,0,0,0,0,0,0,0,50,0,0,0,0,1,1,9,9,2,1,1,4,1,1,1,1,1,1,7,7,1,1,50,9,6,42,76,794,950,0,0,0,0,0,-100,-100,-100,-100,600,1440,107.7673,0,0,-0.000000,-1,0,0,0,1,0,13.7344,5,50,75.1289,13.7344,0,0,48.9844,0,100,0,0,0,0,0,0,0,0,0,0.5572,0.5572,1,0.5572,0.5572,43.1623,8.9635,20141,90,568,135,10881.3633,3604.2734,7254.3555,0,14485.6367,11.8682,2.4156,7.4749,11.8682,2.4156,3.0712,33.3333,5.5614,24.0402,0.000200,0.022200,0.000600,0.000600,0.001600,0.007600,0.000700,0.085000,0,0.019400,0.019700,0.026800,0.3439,0.1920,0.019400,0.005200,0.062500,0,0.045500,0.010900,0.2056,0.005100,0.032200,0.1350,0.016700,0.093100,0.4321,0.7207,0.2948,0.057300,2.8989,0.095200,0.031700,0.039400,0.6974,0.084700,0.002000,0.002300,0.061800,0.1946,0.050100,0.000600,0.6390,995,390408,0,0,0,0,0,0,0,0,0.007700,0,0,0,0,0,0,0,0,0,0,0,0,0,0,0,0,0,0,0,0,0,0,0
,0.015500,0.010400,2,57,0,55,0,0,13,233,17,0,454,3,0,0,12,2,0,0,0,0,0,0,0.3625,0.005900,0.010300,0.000900,0.9145,0.1874,0.055500,0.1399,0.001100,0.033800,0,1,768,256,11229,3565.7148,15494.9102,239.1602,0.006300,2,0.000400,0.015200,0.002300,0.015200,0.5797,0,0,0.064600,0.2519,2.8607,0.067900,0.000200,0.001200,0.000200,0.000700,0.006500,0.007900,0.042700,0.005800,0.033100,0.1103,0.011500,0.006800,1.1451,0.032400,0.010900,0.031600,0.012400,0.019300,0.090100,0.009500,0.077800,0.002300,0.092700,0.009200,0.070600,0.6417,0.005400,2.4519,0.000500,0.2039,0.000700,0.000600,0.047300,0.3667,0.9333,0.029900,1.0337,0.1298,0.002600,0.011600,0.000500,0.039600,0.091800,9.0842,8.7628,13.0955,634,16,0.2500,0,16,3.8438,1,0,0,629,1,0,115,102,13,0,-1,-1,0,-1,-1,13.9904,4.9185,0,1525.2227,1525.2227,1525.0977,95,879,535,318,0,0,0.001100,0,0,0.013900,0.079700,0.000600,0.015900,0.068700,0.039000,0.000900,0.001700,0.000100,0.001500,0.006100,0.001000,0.004300,0.024100,0.1453,0.057700,0.077200,0.1424,0.042400,0.2267,0.018500,0.008700,0.000200,0.001700,0.067300,0.008900,0.001700,0.000600,0.026600,0.006000,0.011500,0.001000,0.1331,0.013300,0.038700,0.2225,0.067300,0.001100,0.042100,0.002300,0.048100,0.023300,0.017200,8.4834,0.061500,0.006200,0,0,11.6433,0,0,0,0,0,0,0,50,0,0,0,0,1,1,9,9,2,1,1,4,1,1,1,1,1,1,7,7,1,1,50,9,6,42,76,794,950,0,0,0,0,0,-100,-100,-100,-100,600,1440,107.7673,0,0,-0.000000,-1,0,0,0,1,0,13.7344,5,50,75.1289,13.7344,0,0,48.9844,0,100,0,0,0,0,0,0,0,0,0,0.4028,0.4028,1,0.4028,0.4028,53.7076,8.9635,20141,90,568,135,10879.8008,3604.2734,7254.3555,0,14485.6367,10.6344,2.0193,8.2264,10.6344,2.0193,3.0246,33.3333,5.6161,23.1287,0.000200,0.022400,0.000600,0.000600,0.001600,0.007900,0.000600,0.075700,0.001000,0.017300,0.031500,0.039700,0.3545,0.1964,0.018400,0.005200,0.070300,0,0.048000,0.011500,0.092800,0.005100,0.030700,0.1312,0.016200,0.090700,0.4278,0.6653,0.3105,0.057400,2.1732,0.093200,0.031800,0.039800,0.6900,0.090300,0.001900,0.002400,0.060800,0.1976,0.050200,0.000600,0.5912,1020,389824,0,0,0,0,0,0,0,0,0.008300,0,0,0,0,0,0,0,0,0,0,0,0,0,0,0,0,0,0,0,0,0,0,0
,0.016000,0.006200,2,56,0,54,0,0,13,233,13,0,454,3,0,0,12,2,0,0,0,0,0.024000,0.010700,0.4059,0.006300,0.011500,0.000800,0.9684,0.1866,0.058400,0.1501,0.001100,0.052200,0,1,768,256,11229,3565.7148,15494.9102,239.1602,0.001700,5,0.000200,0.008800,0.001900,0.019100,0.1922,0,0,0.067300,0.3395,3.0054,0.069500,0.000200,0.001100,0.000200,0.000300,0.006300,0.007600,0.055500,0.005000,0.033000,0.1042,0.011700,0.006500,1.4831,0.028700,0.009700,0.030300,0.011900,0.019200,0.076700,0.011500,0.087100,0.002300,0.079300,0.008200,0.074100,0.5920,0.004400,2.3478,0.000600,0.1898,0.000500,0.000300,0.031700,0.3121,0.8063,0.026700,1.0725,0.5343,0.002000,0.015700,0.000400,0.039000,0.4230,9.3517,8.7628,13.0955,634,16,0.2500,0,16,3.8438,1,0,0,629,1,0,115,102,13,0,-1,-1,0,-1,-1,13.9904,4.9185,0,1525.2227,1525.2227,1525.0977,95,907,561,322,0,0,0.001000,0,0,0.014400,0.080200,0.000600,0.012000,0.070700,0.042600,0.001000,0.001900,0.000100,0.001500,0.006500,0.001100,0.004000,0.022300,0.1628,0.059300,0.082200,0.1598,0.047100,0.1791,0.024600,0.1551,0.000100,0.001700,0.067800,0.008600,0.001200,0.000500,0.028000,0.006700,0.012200,0.001200,0.1422,0.014400,0.039700,0.2133,0.071400,0.001400,0.045000,0.002900,0.036700,0.022700,0.018600,8.7198,0.067000,0.006600,0.000200,0,10.6184,0,0,0,0,0,0,0,50,0,0,0,0,1,1,9,9,2,1,1,4,1,1,1,1,1,1,7,7,1,1,50,9,6,42,76,794,950,0,0,0,0,0,-100,-100,-100,-100,600,1440,107.7673,0,0,-0.000000,-1,0,0,0,1,0,13.7344,5,50,75.1289,13.7344,0,0,48.9844,0,100,0,0,0,0,0,0,0,0,0,0.5280,0.5280,1,0.5280,0.5280,1.7894,8.9635,20141,90,568,135,10877.7383,3604.2734,7254.3555,0,14484.0742,11.0223,2.2861,7.1902,11.0223,2.2861,3.0230,33.3333,5.3980,22.7737,0.000700,0.021900,0.000600,0.000700,0.001600,0.007500,0.001800,0.072000,0,0.019500,0.019600,0.033100,0.3399,0.1919,0.019400,0.006200,0.066300,0,0.044500,0.011600,0.081900,0.005100,0.033600,0.1342,0.015900,0.089300,0.4262,0.7569,0.3275,0.057300,2.4527,0.095300,0.030700,0.039200,0.6945,0.086300,0.001800,0.002700,0.061800,0.1936,0.050200,0.000600,0.6535,1023,391128,0,2116,1261,0,1.7414,0,0,0,0.008200,0,0,0,0,0,0,0,0,0,0,0,0,0,0,0,0,0,0,0,0,0,0,0
,0.014100,0.3729,2,56,0,54,0,0,13,233,14,0,454,3,0,0,12,2,0,0,0,0,0.008200,0.007000,0.3447,0.005900,0.007600,0.001100,0.8875,0.2057,0.055000,0.1253,0.001200,0.069700,0,1,768,256,11229,3565.7148,15494.9102,239.1602,0.001400,3,0.000300,0.010700,0.002000,0.014400,0.1650,0,0,0.058700,0.2168,3.1749,0.067900,0.000200,0.001100,0.000600,0.000200,0.006400,0.007900,0.041200,0.004700,0.031200,0.1000,0.011100,0.006400,1.3048,0.030700,0.009400,0.036300,0.011500,0.020000,0.090300,0.009100,0.076300,0.002200,0.082300,0.011100,0.078700,0.6898,0.006100,2.3896,0.000300,0.2158,0.000500,0.000800,0.033300,0.3151,0.8128,0.026200,1.1196,0.1050,0.002300,0.010700,0.000500,0.036500,0,10.3476,8.7628,13.0955,634,16,0.2500,0,16,3.8438,1,0,0,629,1,0,115,102,13,0,-1,-1,0,-1,-1,13.9904,4.9185,0,1525.2227,1525.2227,1525.0977,95,906,561,322,0,0,0.001100,0,0,0.015800,0.080900,0.000700,0.013500,0.067500,0.038800,0.001000,0.002000,0.000400,0.001800,0.007600,0.001400,0.003900,0.023400,0.1423,0.056000,0.076900,0.1451,0.039300,0.3186,0.017000,0.013900,0.000200,0.001700,0.060300,0.008400,0.001200,0.000400,0.024400,0.006200,0.012300,0.000900,0.1286,0.014500,0.038200,0.1891,0.066100,0.001000,0.020600,0.002900,0.017900,0.022500,0.016100,9.8412,0.061100,0.006800,0.000100,0,11.0482,0,0,0,0,0,0,0,50,0,0,0,0,1,1,9,9,2,1,1,4,1,1,1,1,1,1,7,7,1,1,50,9,6,42,76,794,950,0,0,0,0,0,-100,-100,-100,-100,600,1440,107.7673,0,0,-0.000000,-1,0,0,0,1,0,13.7344,5,50,75.1289,13.7344,0,0,48.9844,0,100,0,0,0,0,0,0,0,0,0,0.4918,0.4918,1,0.4918,0.4918,13.8029,8.9635,20141,90,568,135,10877.7383,3604.2734,7254.3555,0,14482.0117,11.9234,2.2523,7.2437,11.9234,2.2535,3.0349,33.3333,5.3530,24.1665,0.000200,0.023400,0.000600,0.000600,0.001600,0.007100,0.000600,0.072700,0,0.020400,0.027200,0.040300,0.3597,0.2029,0.019500,0.006100,0.066200,0,0.044400,0.011900,0.1873,0.005100,0.033100,0.1307,0.015400,0.093400,0.4341,0.7231,0.3485,0.057300,3.3266,0.097300,0.031700,0.039100,0.6912,0.091300,0.001900,0.002700,0.063300,0.2088,0.049200,0.000600,0.5984,1078,400072,0,0,0,0,0,0,0,0.001300,0.007600,0,0,0,0,0,0,0,0,0,0,0,0,0,0,0,0,0,0,0,0,0,0,0
,0.013800,0.008800,2,73,0,71,0,0,14,233,29,0,454,3,0,0,13,2,0,0,0,0,0.008900,0.011100,0.3217,0.005800,0.008000,0.000900,0.8975,0.1682,0.057300,0.1369,0.001600,0.025700,0.004700,1,768,256,11229,3565.7148,15494.9102,239.1602,0.001100,4,0.000100,0.009000,0.002100,0.013900,0.2007,0,0,0.059300,0.2528,3.0932,0.069100,0.000200,0.001400,0.000300,0.000200,0.007000,0.007600,0.057100,0.005100,0.033300,0.1131,0.011500,0.006400,1.1874,0.029200,0.009400,0.034700,0.011900,0.019100,0.083300,0.011600,0.078600,0.002100,0.087100,0.010200,0.082300,0.6584,0.006200,2.4127,0.000500,0.2067,0.000500,0.000400,0.031200,0.3316,0.9503,0.027300,1.0237,0.5485,0.002200,0.016300,0.000700,0.039300,0.2316,9.2859,8.7628,13.0955,634,16,0.2500,0,16,3.8438,1,0,0,629,1,0,115,102,13,0,-1,-1,0,-1,-1,13.9904,4.9185,0,1525.2227,1525.2227,1525.0977,95,893,561,322,0,0,0.000800,0,0,0.014400,0.079500,0.000500,0.011500,0.069900,0.043500,0.000800,0.001700,0.000300,0.001800,0.006200,0.001000,0.003900,0.021700,0.1507,0.058700,0.077900,0.1588,0.041900,0.1931,0.021100,0.3877,0.000200,0.001500,0.066900,0.008300,0.001200,0.000600,0.028400,0.006400,0.012200,0.001200,0.1615,0.016300,0.042100,0.2052,0.069700,0.001200,0.031700,0.002100,0.032700,0.022700,0.016200,9.1414,0.057800,0.006700,0.000100,0,11.9444,0,0,0,0,0,0,0,50,0,0,0,0,1,1,9,9,2,1,1,4,1,1,1,1,1,1,7,7,1,1,50,9,6,42,76,794,950,0,0,0,0,0,-100,-100,-100,-100,600,1440,107.7673,0,0,-0.000000,-1,0,0,0,1,0,13.7344,5,50,75.1289,13.7344,0,0,48.9844,0,100,0,0,0,0,0,0,0,0,0,0.4291,0.4291,1,0.4291,0.4291,25.4078,8.9635,20141,90,568,135,10878.1250,3604.2734,7254.3555,0,14482.0117,11.2842,2.4150,8.2231,11.2842,2.4150,3.0257,33.3333,5.3772,22.6804,0.000200,0.022600,0.000600,0.000600,0.001600,0.008300,0.000600,0.075300,0.001000,0.020400,0.027500,0.036700,0.3418,0.1933,0.018400,0.006100,0.062600,0,0.047300,0.015300,0.1952,0.005100,0.032700,0.1344,0.015800,0.087600,0.4379,0.6848,0.3837,0.057400,2.0644,0.094200,0.031800,0.039600,0.6899,0.065300,0.002200,0.002800,0.060100,0.1976,0.050200,0.000600,0.6308,1069,402166,0.053100,0,0,0,0,0,0,0,0.007100,0,0,0,0,0,0,0,0,0,0,0,0,0,0,0,0,0,0,0,0,0,0,0
,0.015400,0.009000,2,64,0,62,0,0,13,233,44,0,454,3,0,0,12,2,0,0,0,0,0.009800,0.025300,0.3615,0.005600,0.009400,0.000900,0.9108,0.1916,0.059600,0.1358,0.001100,0.4647,0,1,768,256,11229,3565.7148,15494.9102,239.1602,0.001500,6,0.000500,0.009800,0.002300,0.015600,0.2515,0,0,0.063000,0.3251,2.7815,0.068200,0.000300,0.001200,0.000200,0.000300,0.006400,0.008700,0.046100,0.005300,0.031900,0.1116,0.011800,0.005800,1.3383,0.033200,0.010500,0.038300,0.013300,0.021200,0.085600,0.010500,0.076700,0.002200,0.084500,0.009500,0.070700,0.6443,0.006700,2.6980,0.000400,0.2757,0.000800,0.000400,0.042500,0.3626,0.9506,0.036600,1.3416,0.4574,0.002700,0.018500,0.000900,0.058800,0.064800,9.3781,8.7628,13.0955,634,16,0.2500,0,16,3.8438,1,0,0,629,1,0,115,102,13,0,-1,-1,0,-1,-1,13.9904,4.9185,0,1525.2227,1525.2227,1525.0977,95,875,561,322,0,0,0.001300,0,0,0.014900,0.083200,0.000600,0.012300,0.073300,0.040800,0.000900,0.001600,0.000200,0.001400,0.006400,0.001100,0.004100,0.025200,0.1461,0.062000,0.080000,0.1593,0.046000,0.1901,0.032300,0.4586,0.000200,0.001400,0.081300,0.009000,0.001400,0.000500,0.027800,0.007200,0.013000,0.001200,0.1484,0.014700,0.042700,0.2267,0.070800,0.001300,0.053800,0.002300,0.033100,0.023800,0.022600,8.7636,0.061500,0.005700,0.000100,0.006100,11.6389,0,0,0,0,0,0,0,50,0,0,0,0,1,1,9,9,2,1,1,4,1,1,1,1,1,1,7,7,1,1,50,9,6,42,76,794,950,0,0,0,0,0,-100,-100,-100,-100,600,1440,107.7673,0,0,-0.000000,-1,0,0,0,1,0,13.7344,5,50,75.1289,13.7344,0,0,48.9844,0,100,0,0,0,0,0,0,0,0,0,0.4384,0.4384,1,0.4384,0.4384,37.2063,8.9635,20141,90,568,135,10876.3516,3604.2734,7254.3555,0,14482.3984,11.8121,2.5855,7.3996,11.8121,2.5855,3.2044,33.3333,5.2088,22.0992,0.000200,0.022400,0.000700,0.000600,0.001700,0.007200,0.000700,0.072500,0.001100,0.020500,0.019200,0.025800,0.3480,0.1961,0.020500,0.005100,0.067300,0,0.045700,0.014500,0.1983,0.005100,0.030700,0.1387,0.015100,0.090900,0.4283,0.7263,0.3327,0.058300,2.5213,0.096200,0.031800,0.040300,0.7019,0.091900,0.002600,0.003000,0.068800,0.2181,0.051200,0.000700,0.6210,982,388434,0,0,0,0,0,0,0,0,0.009500,0,0,0,0,0,0,0,0,0,0,0,0,0,0,0,0,0,0,0,0,0,0,0
,0.023300,0.008700,2,56,0,54,0,0,13,233,10,0,454,3,0,0,12,2,0,0,0,0,0,0,0.3418,0.005600,0.009800,0.001100,0.9513,0.2841,0.058600,0.1555,0.000900,0.028800,0,1,768,256,11229,3565.7148,15494.9102,239.1602,0.002000,0,0.000400,0.009200,0.002400,0.017100,0.1824,0,0,0.068600,0.2768,2.8119,0.084400,0.000300,0.002000,0.000200,0.000200,0.009400,0.009900,0.061500,0.008200,0.041200,1.1549,0.014100,0.006800,0.5769,0.053000,0.010100,0.061000,0.012300,0.021700,0.095500,0.012900,0.081200,0.002300,0.090500,0.009000,0.074200,0.6287,0.005300,2.4076,0.000300,0.2004,0.000600,0.000300,0.033200,0.3126,0.7152,0.029100,0.9942,0.2109,0.002000,0.010900,0.000400,0.035900,0,10.0909,8.7628,13.0955,634,16,0.2500,0,16,3.8438,1,0,0,629,1,0,115,102,13,0,-1,-1,0,-1,-1,13.9904,4.9185,0,1525.2227,1525.2227,1525.0977,95,876,561,322,0,0,0.001300,0,0,0.015300,0.084000,0.000900,0.012600,0.071600,0.038400,0.001200,0.001500,0.000200,0.001800,0.006500,0.001000,0.003800,0.023500,0.1258,0.055000,0.078000,0.1604,0.041900,0.4695,0.013300,0,0.000300,0.001700,0.072500,0.009400,0.001300,0.000400,0.028400,0.006300,0.012700,0.001200,0.1451,0.015400,0.039900,0.2134,0.071000,0.001400,0.045100,0.002200,0.020300,0.026500,0.020500,9.4543,0.071600,0.006200,0.000100,0,11.7426,0,0,0,0,0,0,0,50,0,0,0,0,1,1,9,9,2,1,1,4,1,1,1,1,1,1,7,7,1,1,50,9,6,42,76,794,950,0,0,0,0,0,-100,-100,-100,-100,600,1440,107.7673,0,0,-0.000000,-1,0,0,0,1,0,13.7344,5,50,75.1289,13.7344,0,0,48.9844,0,100,0,0,0,0,0,0,0,0,0,0.4049,0.4049,1,0.4049,0.4049,48.9914,8.9635,20141,90,568,135,10878.0547,3604.2891,7254.3555,0,14480.6406,12.1683,2.7336,7.4304,12.1683,2.7336,3.1518,33.3333,5.3210,21.8990,0.000200,0.023700,0.000600,0.000600,0.001800,0.009500,0.000600,0.075200,0,0.019400,0.030700,0.037000,0.3750,0.2075,0.021500,0.007200,0.061900,0,0.049700,0.014100,0.1934,0.005100,0.033200,0.1441,0.015800,0.099200,0.4334,1.6314,0.3383,0.056300,2.4385,0.094200,0.031800,0.039800,0.6897,0.093500,0.001800,0.002500,0.061400,0.1965,0.050200,0.000700,0.6320,994,401608,0,0,0,0,0,0,0,0,0.008300,0,0,0,0,0,0,0,0,0,0,0,0,0,0,0,0,0,0,0,0,0,0,0
,0.098100,0.011000,2,73,0,71,0,0,14,233,40,0,454,3,0,0,13,2,0,0,0,0,0.024300,0.011500,0.3665,0.007100,0.008200,0.001200,0.9080,0.2472,0.057600,0.1342,0,0.032800,0,2,768,256,11229,3565.7148,15494.9102,239.1602,0.002300,5,0.000200,0.008600,0.002200,0.014800,0.2532,0,0,0.058700,0.2350,2.9189,0.071600,0.000200,0.001600,0.000300,0.000200,0.007400,0.007600,0.047900,0.005500,0.034900,0.1499,0.012500,0.038200,1.2368,0.027600,0.008700,0.041100,0.011300,0.020600,0.1000,0.012600,0.088100,0.002400,0.091100,0.010000,0.079200,0.6206,0.005100,2.3976,0.000400,0.2131,0.000600,0.000500,0.031900,0.3463,0.8851,0.026600,1.0060,0.1311,0.002200,0.010600,0.000500,0.035100,0.3366,9.4030,8.7628,13.0955,634,16,0.2500,0,16,3.8438,1,0,0,629,1,0,115,102,13,0,-1,-1,0,-1,-1,13.9904,4.9185,0,1525.2227,1525.2227,1525.0977,95,875,561,321,0,0,0.000900,0,0,0.015700,0.1041,0.000500,0.016900,0.084500,0.051500,0.001200,0.002100,0.000400,0.002400,0.008600,0.001400,0.005500,0.025300,0.1916,0.072000,0.098400,0.1945,0.055500,0.2246,0.037600,0.060800,0.000200,0.006200,0.070200,0.010200,0.001600,0.000500,0.027100,0.008100,0.013800,0.001200,0.1573,0.016400,0.045600,0.2850,0.073200,0.001400,0.048700,0.002700,0.050900,0.033200,0.025300,8.6837,0.064700,0.006400,0.000100,0,11.8041,0,0,0,0,0,0,0,50,0,0,0,0,1,1,9,9,2,1,1,4,1,1,1,1,1,1,7,7,1,1,50,9,6,42,76,794,950,0,0,0,0,0,-100,-100,-100,-100,600,1440,107.7673,0,0,-0.000000,-1,0,0,0,1,0,13.7344,5,50,75.1289,13.7344,0,0,48.9844,0,100,0,0,0,0,0,0,0,0,0,0.5263,0.5263,1,0.5263,0.5263,60.1823,8.9635,20141,90,568,135,10876.8164,3604.2891,7254.3555,0,14482.3438,11.1682,2.3891,8.3499,11.1682,2.3901,3.4838,33.3333,5.5022,21.9509,0.000300,0.023000,0.000600,0.000700,0.001800,0.007300,0.000600,0.072800,0,0.020400,0.026400,0.038400,0.3330,0.1889,0.018400,0.006200,0.062400,0,0.048300,0.012700,0.1944,0.006100,0.032400,0.1368,0.015400,0.088800,0.4270,0.9992,0.3095,0.056400,2.4546,0.095200,0.031800,0.039000,1.1283,0.097500,0.001900,0.002400,0.064000,0.2067,0.048200,0.000600,0.5930,960,396032,0,0,0,0,0,0,0,0.001100,0.008000,0,0,0,0,0,0,0,0,0,0,0,0,0,0,0,0,0,0,0,0,0,0,0
,0.018800,0.006800,2,63,0,61,0,0,13,233,24,0,454,3,0,0,12,2,0,0,0,0,0.009000,0.006600,0.3340,0.006500,0.008500,0.001400,0.9074,0.2105,0.060700,0.1418,0.001300,0.032200,0,1,768,256,11229,3565.7148,15494.9102,239.1602,0.001800,3,0.000300,0.011300,0.002700,0.014800,0.1753,0,0,0.057600,0.3069,2.6662,0.071100,0.000300,0.001200,0.000300,0.000300,0.006200,0.008500,0.047800,0.005300,0.035500,0.1435,0.012300,0.006900,1.3200,0.030600,0.009200,0.030200,0.011700,0.019800,0.081800,0.011600,0.075400,0.002300,0.1143,0.008900,0.066000,0.6147,0.005000,2.4186,0.000300,0.2220,0.000900,0.000400,0.032600,0.3136,0.8451,0.028900,1.1499,0.6237,0.002400,0.012400,0.000500,0.038800,0.4072,9.8193,8.7628,13.0955,634,16,0.2500,0,16,3.8438,1,0,0,629,1,0,115,102,13,0,-1,-1,0,-1,-1,13.9904,4.9185,0,1525.2227,1525.2227,1525.0977,95,878,561,321,0,0,0.000800,0,0,0.017600,0.086800,0.000600,0.013400,0.069600,0.043400,0.001000,0.001700,0.000300,0.001800,0.006800,0.000900,0.004200,0.025400,0.1423,0.060500,0.079500,0.1512,0.040800,0.1963,0.019400,0.062300,0.000300,0.001600,0.062900,0.008600,0.001100,0.000600,0.025700,0.006400,0.011400,0.001100,0.1717,0.015400,0.053300,0.2169,0.076300,0.001200,0.043300,0.002200,0.035300,0.023600,0.017500,9.2721,0.059300,0.007100,0.000100,0,11.1906,0,0,0,0,0,0,0,50,0,0,0,0,1,1,9,9,2,1,1,4,1,1,1,1,1,1,7,7,1,1,50,9,6,42,76,794,950,0,0,0,0,0,-100,-100,-100,-100,600,1440,107.7673,0,0,-0.000000,-1,0,0,0,1,0,13.7344,5,50,75.1289,13.7344,0,0,48.9844,0,100,0,0,0,0,0,0,0,0,0,0.4217,0.4217,1,0.4217,0.4217,8.5338,8.9635,20141,90,568,135,10878.6836,3604.2891,7254.3555,0,14481.1055,11.3582,2.2679,8.0367,11.3582,2.2692,3.0633,33.3333,5.4311,21.6478,0.000200,0.021100,0.000500,0.000600,0.001700,0.008500,0.000600,0.072700,0.001000,0.018400,0.027900,0.038600,0.3534,0.1792,0.019400,0.006200,0.061500,0,0.046600,0.016200,0.1882,0.005100,0.031700,0.1329,0.016000,0.094600,0.4385,0.6140,0.3749,0.055300,2.0849,0.093100,0.031800,0.048800,0.6913,0.083600,0.002000,0.002300,0.060200,0.1966,0.050200,0.000600,0.5980,991,398604,0,2321,1257,0,1.5352,0,0,0.001500,0.008700,0,0,0,0,0,0,0,0,0,0,0,0,0,0,0,0,0,0,0,0,0,0,0
,0.021300,0.007400,2,73,0,71,0,0,14,233,32,0,454,3,0,0,13,2,0,0,0,0,0,0.012300,0.3761,0.007200,0.009200,0.001300,0.9426,0.2082,0.062100,0.1379,0.001200,0.5187,0,1,768,256,11229,3565.7148,15494.9102,239.1602,0,4,0.000200,0.013100,0.002700,0.020100,0.1853,0,0,0.066500,0.2551,2.7593,0.067400,0.000300,0.001400,0.000300,0.000200,0.006800,0.010000,0.054300,0.005300,0.035000,0.1153,0.012700,0.007400,0.3734,0.028700,0.008400,0.032500,0.012000,0.019800,0.1083,0.010000,0.081700,0.002700,0.1156,0.010300,0.071900,0.6448,0.005400,2.4042,0.000200,0.2017,0.000900,0.000300,0.030800,0.3719,0.6720,0.026200,0.9512,0.1116,0.002200,0.010100,0.000700,0.036500,0,10.1342,8.7628,13.0955,634,16,0.2500,0,16,3.8438,1,0,0,629,1,0,115,102,13,0,-1,-1,0,-1,-1,13.9904,4.9185,0,1525.2227,1525.2227,1525.0977,95,875,561,321,0,0,0.000700,0,0,0.015100,0.083000,0.000400,0.012300,0.070200,0.043400,0.001000,0.001500,0.000400,0.001800,0.006600,0.001200,0.003900,0.022800,0.1461,0.073200,0.079600,0.1479,0.052400,0.2106,0.019100,0.045200,0.000400,0.001900,0.065100,0.008400,0.001300,0.000400,0.025700,0.006100,0.012500,0.001100,0.1381,0.013600,0.039100,0.1899,0.069000,0.001200,0.045500,0.002400,0.016500,0.022300,0.018400,9.5623,0.062300,0.006300,0.000100,0,11.4872,0,0,0,0,0,0,0,50,0,0,0,0,1,1,9,9,2,1,1,4,1,1,1,1,1,1,7,7,1,1,50,9,6,42,76,794,950,0,0,0,0,0,-100,-100,-100,-100,600,1440,107.7673,0,0,-0.000000,-1,0,0,0,1,0,13.7344,5,50,75.1289,13.7344,0,0,48.9844,0,100,0,0,0,0,0,0,0,0,0,0.4232,0.4232,1,0.4232,0.4232,20.2429,8.9635,20141,90,568,135,10877.6914,3604.2891,7254.3555,0,14482.9727,11.8286,2.2275,7.3554,11.8286,2.2275,3.1426,33.3333,5.3356,22.7685,0.000200,0.020700,0.000600,0.000700,0.001600,0.007700,0.000600,0.075200,0,0.020500,0.022200,0.026400,0.3592,0.6668,0.022500,0.006200,0.063200,0,0.047100,0.026900,0.1914,0.005100,0.032700,0.5705,0.017100,0.099000,0.4326,0.7670,0.3445,0.059400,2.4351,0.094200,0.030700,0.039300,0.6907,0.066000,0.002000,0.002300,0.058500,0.1966,0.050200,0.000600,0.6367,970,395262,0,0,0,0,0,0.054600,0.002000,0,0.009400,0,0,0,0,0,0,0,0,0,0,0,0,0,0,0,0,0,0,0,0,0,0,0
,0.020200,0.008700,2,59,0,57,0,0,13,233,30,0,454,3,0,0,12,2,0,0,0,0,0.019300,0.009500,0.3560,0.006600,0.008700,0.001200,0.8824,0.1901,0.059300,0.1354,0.002300,0.024200,0.002000,0,768,256,11229,3565.7148,15494.9102,239.1602,0.016200,4,0.000400,0.009300,0.002200,0.020500,0.1884,0,0,0.060000,0.2908,2.7294,0.072700,0.000200,0.001300,0.000200,0.000200,0.007900,0.006800,0.047800,0.005400,0.032900,0.1340,0.011200,0.006500,1.4351,0.030400,0.008300,0.035100,0.012900,0.021000,0.083200,0.010700,0.066100,0.002400,0.1116,0.008800,0.1749,0.6309,0.005600,2.4204,0.000400,0.2072,0.000700,0.000400,0.033000,0.3117,1.8730,0.025300,0.9466,0.1712,0.002200,0.010400,0.000500,0.047200,0.3783,8.1614,8.7628,13.0955,634,16,0.2500,0,16,3.8438,1,0,0,629,1,0,115,102,13,0,-1,-1,0,-1,-1,13.9904,4.9185,0,1525.2227,1525.2227,1441.6289,95,876,561,321,0,0,0.001000,0,0,0.017400,0.089900,0.000600,0.012500,0.082300,0.047600,0.001100,0.001900,0.000400,0.001700,0.007200,0.001100,0.004900,0.028100,0.1880,0.064900,0.090300,0.1792,0.043000,0.1799,0.025800,0.1002,0.000400,0.001700,0.072800,0.010300,0.001800,0.000800,0.031500,0.006900,0.015000,0.001100,0.1511,0.017200,0.044100,0.2256,0.070100,0.001200,0.024600,0.003300,0.034200,0.024500,0.021100,7.7476,0.083000,0.007500,0.000200,0.003100,11.5438,0,0,0,0,0,0,0,50,0,0,0,0,1,1,9,9,2,1,1,4,1,1,1,1,1,1,7,7,1,1,50,9,6,42,76,794,950,0,0,0,0,0,-100,-100,-100,-100,600,1440,107.7673,0,0,-0.000000,-1,0,0,0,1,0,13.7344,5,50,75.1289,13.7344,0,0,48.9844,0,100,0,0,0,0,0,0,0,0,0,0.4966,0.4966,1,0.4966,0.4966,30.1826,8.9635,20141,90,568,135,10875.5820,3604.2891,7254.3555,0,14481.9805,9.7410,2.1321,8.2713,9.7410,2.1321,3.1479,33.3333,5.9628,21.7424,0.000200,0.021200,0.000600,0.000600,0.001500,0.008900,0.000600,0.071800,0,0.019500,0.031000,0.034900,0.3556,0.1875,0.018400,0.006100,0.067200,0,0.046300,0.025200,0.1933,0.005100,0.033100,0.1348,0.016500,0.092100,0.4333,0.7295,0.3678,0.056300,2.4810,0.095200,0.031800,0.039800,0.7013,0.092800,0.001900,0.002400,0.064100,0.2018,0.050200,0.000600,0.6157,1008,404874,0,0,0,0,0,0,0.002300,0,0.007600,0,0,0,0,0,0,0,0,0,0,0,0,0,0,0,0,0,0,0,0,0,0,0
,0.014300,0.005200,2,80,0,78,0,0,14,233,38,0,454,3,0,0,13,2,0,0,0,0,0.008400,0.011500,0.3474,0.005700,0.009300,0.001000,1.2922,0.2035,0.059100,0.1881,0.000800,0.034100,0,0,768,256,11229,3565.7148,15494.9102,239.1602,0.001100,5,0.000200,0.007900,0.001800,0.018700,0.1823,0,0,0.062700,0.2761,2.5296,0.069200,0.000400,0.001100,0.000400,0.000400,0.007300,0.009500,0.042200,0.005200,0.032100,0.1341,0.011000,0.006100,0.5261,0.026600,0.008300,0.027600,0.011800,0.019400,0.077500,0.010000,0.072600,0.002100,0.1050,0.007400,0.071300,0.6040,0.005800,2.3568,0.000300,0.1858,0.000900,0.000400,0.028500,0.3046,0.6778,0.025300,1.0113,0.3892,0.002300,0.014500,0.000600,0.036100,0,10.5680,8.7628,13.0955,634,16,0.2500,0,16,3.8438,1,0,0,629,1,0,115,102,13,0,-1,-1,0,-1,-1,13.9904,4.9185,0,1525.2227,1525.2227,1441.5039,95,874,561,321,0,0,0.001200,0,0,0.015200,0.080100,0.000600,0.011600,0.070400,0.039700,0.000900,0.001500,0.000200,0.001500,0.006400,0.001100,0.003800,0.022400,0.1498,0.059300,0.079700,0.1487,0.049800,0.2068,0.020000,0.2053,0.000100,0.001600,0.062300,0.008400,0.001300,0.000500,0.025800,0.006700,0.012200,0.001200,0.1437,0.014200,0.042700,0.2051,0.069500,0.001100,0.031800,0.002700,0.032400,0.022700,0.018000,10.0140,0.072400,0.006300,0.000100,0,10.0323,0,0,0,0,0,0,0,50,0,0,0,0,1,1,9,9,2,1,1,4,1,1,1,1,1,1,7,7,1,1,50,9,6,42,76,794,950,0,0,0,0,0,-100,-100,-100,-100,600,1440,107.7673,0,0,-0.000000,-1,0,0,0,1,0,13.7344,5,50,75.1289,13.7344,0,0,48.9844,0,100,0,0,0,0,0,0,0,0,0,0.5641,0.5641,1,0.5641,0.5641,42.4220,8.9635,20141,90,568,135,10876.6484,3604.2891,7254.3555,0,14479.8711,12.4037,2.2658,7.4190,12.4037,2.2658,3.0572,33.3333,5.3732,23.2857,0.000200,0.021400,0.000500,0.000800,0.001500,0.007500,0.000700,0.072400,0,0.017300,0.027900,0.039600,0.3430,0.1933,0.019400,0.005100,0.066300,0,0.046000,0.020500,0.2000,0.005100,0.031700,0.1351,0.016600,0.089600,0.4288,0.6778,0.3152,0.056300,2.3062,0.094200,0.032800,0.038000,0.6944,0.086000,0.002100,0.002600,0.060100,0.1966,0.049100,0.000700,0.7024,941,388778,0.050500,0,0,0,0,0,0,0,0.008800,0,0,0,0,0,0,0,0,0,0,0,0,0,0,0,0,0,0,0,0,0,0,0
,0.015200,0.094300,2,57,0,55,0,0,13,233,15,0,454,3,0,0,12,2,0,0,0,0,0.010000,0.005100,0.3446,0.005400,0.009200,0.000800,0.8650,0.1660,0.055000,0.1302,0.001400,0.028900,0,1,768,256,11229,3565.7148,15494.9102,239.1602,0.002100,1,0.000500,0.008700,0.002200,0.019300,0.1743,0,0,0.070100,0.2167,2.7145,0.071700,0.000200,0.001300,0.000300,0.000300,0.006700,0.008000,0.043400,0.005000,0.031500,0.1062,0.011800,0.006300,1.8354,0.030300,0.008800,0.039700,0.012400,0.019600,0.099600,0.011100,0.083800,0.002000,0.1485,0.010600,0.077200,0.6630,0.005400,2.5749,0.000200,0.2060,0.000500,0.000300,0.032100,0.3258,0.6114,0.025200,0.9405,0.1731,0.002100,0.009700,0.000600,0.041900,0,8.1042,8.7628,13.0955,634,16,0.2500,0,16,3.8438,1,0,0,629,1,0,115,102,13,0,-1,-1,0,-1,-1,13.9904,4.9185,0,1525.2227,1525.2227,1525.0977,95,875,561,321,0,0,0.000800,0,0,0.015000,0.079500,0.000700,0.011700,0.069400,0.041700,0.000800,0.001800,0.000400,0.001900,0.006700,0.000900,0.004200,0.023200,0.1384,0.057100,0.079800,0.1519,0.038800,0.1556,0.019900,0.1664,0.000200,0.001800,0.067700,0.009500,0.001500,0.000600,0.026300,0.006700,0.012300,0.001500,0.1447,0.015700,0.043600,0.2411,0.067400,0.001200,0.051000,0.002300,0.016900,0.059000,0.020900,7.4923,0.062900,0.006400,0.000100,0,12.3156,0,0,0,0,0,0,0,50,0,0,0,0,1,1,9,9,2,1,1,4,1,1,1,1,1,1,7,7,1,1,50,9,6,42,76,794,950,0,0,0,0,0,-100,-100,-100,-100,600,1440,107.7673,0,0,-0.000000,-1,0,0,0,1,0,13.7344,5,50,75.1289,13.7344,0,0,48.9844,0,100,0,0,0,0,0,0,0,0,0,0.4447,0.4447,1,0.4447,0.4447,52.1650,8.9635,20141,90,568,135,10876.6602,3604.2891,7254.3555,0,14480.9375,9.7722,2.1969,7.4038,9.7722,2.1969,2.9959,33.3333,5.5299,24.3125,0.000200,0.021600,0.000800,0.000600,0.001700,0.007500,0.000700,0.073600,0,0.019400,0.023500,0.024900,0.3590,0.1968,0.019500,0.005100,0.062000,0,0.047600,0.009500,0.1949,0.005100,0.032500,0.1395,0.014600,0.086600,0.4285,1.2001,0.3393,0.056300,2.4679,0.095300,0.030700,0.039400,0.6939,0.094000,0.001900,0.002800,0.060400,0.1976,0.050200,0.000500,0.6185,929,386362,0,0,0,0,0,0,0,0,0.007900,0,0,0,0,0,0,0,0,0,0,0,0,0,0,0,0,0,0,0,0,0,0,0
,0.016900,0.006200,2,57,0,55,0,0,13,233,13,0,454,3,0,0,12,2,0,0,0,0,0,0.013200,0.3567,0.006400,0.009800,0.001400,0.9148,0.1754,0.055100,0.1408,0.001400,0.029400,0,0,768,256,11229,3565.7148,15494.9102,239.1602,0.001500,3,0.000400,0.010300,0.002300,0.019800,0.1652,0,0,0.061200,0.3998,2.7910,0.074100,0.000300,0.001200,0.000300,0.000200,0.007000,0.007800,0.050000,0.005100,0.034800,0.1120,0.011800,0.006600,1.1841,0.028300,0.008700,0.034500,0.012200,0.020700,0.092900,0.012600,0.086700,0.002500,0.1069,0.008700,0.070600,0.6099,0.004200,2.3659,0.000300,0.1952,0.000500,0.000300,0.033300,0.3799,0.9150,0.029100,0.9407,0.5802,0.002300,0.012700,0.000500,0.042300,0.1106,9.7802,8.7628,13.0955,634,16,0.2500,0,16,3.8438,1,0,0,629,1,0,115,102,13,0,-1,-1,0,-1,-1,13.9904,4.9185,0,1525.2227,1525.2227,1525.0977,95,879,561,321,0,0,0.001100,0,0,0.015000,0.085500,0.000500,0.012000,0.066200,0.039500,0.000800,0.002000,0.000200,0.001600,0.006300,0.001100,0.003900,0.024500,0.1433,0.058200,0.078600,0.1461,0.042400,0.1566,0.029900,0.066600,0.000100,0.001600,0.060700,0.008300,0.001300,0.000400,0.023700,0.006500,0.011300,0.001100,0.1325,0.013100,0.040600,0.2266,0.072700,0.001500,0.044700,0.002300,0.034600,0.022900,0.017600,9.1142,0.065200,0.007000,0.000100,0,9.7384,0,0,0,0,0,0,0,50,0,0,0,0,1,1,9,9,2,1,1,4,1,1,1,1,1,1,7,7,1,1,50,9,6,42,76,794,950,0,0,0,0,0,-100,-100,-100,-100,600,1440,107.7673,0,0,-0.000000,-1,0,0,0,1,0,13.7344,5,50,75.1289,13.7344,0,0,48.9844,0,100,0,0,0,0,0,0,0,0,0,0.3963,0.3963,1,0.3963,0.3963,63.4030,8.9635,20141,90,568,135,10876.5938,3604.2891,7254.3555,0,14480.9492,11.2412,2.1439,8.2422,11.2412,2.1439,2.9784,33.3333,5.1083,23.8895,0.000200,0.023100,0.000600,0.000600,0.001500,0.006900,0.000500,0.071900,0,0.016300,0.019200,0.034700,0.3471,0.1885,0.020500,0.005100,0.063300,0,0.046500,0.008000,0.1850,0.005100,0.032400,0.1361,0.015100,0.1029,0.4185,0.7201,0.3142,0.057300,2.1190,0.094300,0.030700,0.039000,0.6988,0.092200,0.003700,0.003000,0.061700,0.2017,0.050200,0.000600,0.5996,932,387106,0,0,0,0,0,0,0.006300,0,0.008500,0,0,0,0,0,0,0,0,0,0,0,0,0,0,0,0,0,0,0,0,0,0,0
,0.017300,0.007900,2,56,0,54,0,0,13,233,13,0,454,3,0,0,12,2,0,0,0,0,0.018300,0.009400,0.3311,0.005700,0.009700,0.000900,0.8822,0.1859,0.059600,0.1382,0.001400,0.037600,0,1,768,256,11229,3565.7148,15494.9102,239.1602,0.003200,4,0.000500,0.008700,0.002000,0.019500,0.1859,0,0,0.070700,0.2112,2.5930,0.076100,0.000300,0.001500,0.000300,0.000300,0.007400,0.008100,0.042700,0.004900,0.033700,0.1078,0.010900,0.006300,0.9199,0.029700,0.009500,0.029000,0.012500,0.018600,0.086500,0.011500,0.073400,0.002300,0.084500,0.009000,0.1467,0.6169,0.005500,2.3344,0.000200,0.1877,0.000600,0.000400,0.032300,0.3835,0.7172,0.027500,0.9994,0.1683,0.002200,0.010300,0.000400,0.038600,0,9.7641,8.7628,13.0955,634,16,0.2500,0,16,3.8438,1,0,0,629,1,0,115,102,13,0,-1,-1,0,-1,-1,13.9904,4.9185,0,1525.2227,1525.2227,1525.0977,95,880,561,321,0,0,0.000800,0,0,0.015800,0.086100,0.000500,0.012500,0.072200,0.042200,0.001000,0.001700,0.000200,0.001500,0.006100,0.001000,0.004000,0.033600,0.1715,0.058900,0.090600,0.1589,0.049600,0.1722,0.027300,0.094300,0.000300,0.001900,0.065200,0.008600,0.001700,0.000600,0.025000,0.007000,0.012000,0.001200,0.1488,0.016400,0.042200,0.2172,0.070900,0.001000,0.038400,0.002900,0.033500,0.024500,0.018500,9.1926,0.062500,0.006400,0.000100,0,11.2189,0,0,0,0,0,0,0,50,0,0,0,0,1,1,9,9,2,1,1,4,1,1,1,1,1,1,7,7,1,1,50,9,6,42,76,794,950,0,0,0,0,0,-100,-100,-100,-100,600,1440,107.7673,0,0,-0.000000,-1,0,0,0,1,0,13.7344,5,50,75.1289,13.7344,0,0,48.9844,0,100,0,0,0,0,0,0,0,0,0,0.4635,0.4635,1,0.4635,0.4635,12.2017,8.9635,20141,90,568,135,10876.6289,3604.2891,7254.3555,0,14480.8828,11.3212,2.2392,7.3635,11.3212,2.2401,2.9102,33.3333,5.6463,22.6045,0.000200,0.020900,0.000600,0.000600,0.001600,0.008400,0.000600,0.072300,0,0.020400,0.020400,0.039700,0.3596,0.1957,0.019500,0.005100,0.065600,0,0.045600,0.010800,0.1821,0.005100,0.032200,0.1351,0.015700,0.090400,0.4278,0.7706,0.3209,0.057300,2.4607,0.094200,0.030800,0.040600,0.6933,0.088900,0.002000,0.002400,0.060600,0.1967,0.049100,0.000700,1.0279,1000,402098,0,2128,1225,0,3.7805,0,0,0.001100,0.007800,0,0,0,0,0,0,0,0,0,0,0,0,0,0,0,0,0,0,0,0,0,0,0
,0.023500,0.005300,2,73,0,71,0,0,14,233,24,0,454,3,0,0,13,2,0,0,0,0,0,0.006600,0.3354,0.006500,0.009500,0.001400,0.9060,0.2197,0.054400,0.1336,0,0.029800,0,0,768,256,11229,3565.7148,15494.9102,239.1602,0,4,0.000100,0.008400,0.007300,0.021300,0.1846,0,0,0.064500,0.2974,2.6566,0.072500,0.000200,0.001700,0.000300,0.000300,0.007200,0.007600,0.048600,0.005900,0.033600,0.1271,0.012900,0.007300,1.2467,0.032900,0.008800,0.040300,0.012900,0.020800,0.091900,0.008800,0.078600,0.002400,0.091400,0.008500,0.071600,0.6290,0.005300,2.3638,0.000200,0.1861,0.000800,0.000500,0.031800,0.3867,0.6836,0.026700,0.9952,0.1360,0.002400,0.010300,0.000500,0.036100,0.092200,8.2649,8.7628,13.0955,634,16,0.2500,0,16,3.8438,1,0,0,629,1,0,115,102,13,0,-1,-1,0,-1,-1,13.9904,4.9185,0,1525.2227,1525.2227,1525.0977,95,875,561,322,0,0,0.000900,0,0,0.014200,0.077800,0.000500,0.015200,0.072000,0.041200,0.001100,0.001700,0.000200,0.001500,0.006200,0.000900,0.004000,0.022300,0.1337,0.056200,0.088300,0.1674,0.037300,0.5580,0.014500,0,0.000200,0.001800,0.068900,0.009400,0.001400,0.000600,0.026400,0.006100,0.012700,0.001400,0.1437,0.014500,0.044100,0.1958,0.071700,0.001700,0.042200,0.002400,0.016900,0.023600,0.023900,7.6240,0.060200,0.007200,0.000100,0,11.4355,0,0,0,0,0,0,0,50,0,0,0,0,1,1,9,9,2,1,1,4,1,1,1,1,1,1,7,7,1,1,50,9,6,42,76,794,950,0,0,0,0,0,-100,-100,-100,-100,600,1440,107.7673,0,0,-0.000000,-1,0,0,0,1,0,13.7344,5,50,75.1289,13.7344,0,0,48.9844,0,100,0,0,0,0,0,0,0,0,0,0.4608,0.4608,1,0.4608,0.4608,22.2666,8.9635,20141,90,568,135,10876.6914,3604.2891,7254.3555,0,14480.9180,10.1793,2.4585,7.7945,10.1793,2.4585,2.9227,33.3333,5.5001,22.8247,0.000700,0.020800,0.000600,0.000600,0.001800,0.007500,0.000900,0.074100,0.001000,0.020500,0.022000,0.033900,0.3400,0.2032,0.019400,0.006200,0.068000,0.001100,0.047200,0.019300,0.1971,0.006100,0.032900,0.1375,0.015700,0.089500,0.4311,1.1831,0.3525,0.057400,3.1112,0.094200,0.031800,0.039400,0.6952,0.096900,0.002100,0.002400,0.063400,0.1967,0.050200,0.000600,0.6111,976,399640,0,0,0,0,0,0,0,0,0.008000,0,0,0,0,0,0,0,0,0,0,0,0,0,0,0,0,0,0,0,0,0,0,0
,0.015400,0.019000,2,64,0,62,0,0,13,233,43,0,454,3,0,0,12,2,0,0,0,0,0.016200,0.011400,0.3473,0.005800,0.009400,0.001100,0.8995,0.1973,0.056300,0.1394,0.002500,0.027600,0.001400,0,768,256,11229,3565.7148,15494.9102,239.1602,0.007300,5,0.000300,0.011100,0.002100,0.013900,0.1840,0,0,0.057700,0.2891,2.7656,0.077000,0.000400,0.001300,0.000200,0.000300,0.006900,0.007300,0.047200,0.005600,0.034000,0.1154,0.012600,0.006300,1.5107,0.029900,0.008900,0.032700,0.012500,0.019700,0.1108,0.015900,0.077300,0.002400,0.088200,0.010200,0.074300,0.6185,0.004600,2.3166,0.000700,0.1885,0.000900,0.000400,0.031400,0.3307,0.9854,0.025200,0.9474,0.2001,0.002100,0.009800,0.000600,0.036600,0.3348,9.1040,8.7628,13.0955,634,16,0.2500,0,16,3.8438,1,0,0,629,1,0,115,102,13,0,-1,-1,0,-1,-1,13.9904,4.9185,0,1525.2227,1525.2227,1441.5039,95,878,561,322,0,0,0.001000,0,0,0.015800,0.085700,0.000700,0.012300,0.076200,0.039900,0.001200,0.001400,0.000300,0.001400,0.006300,0.001000,0.003800,0.023500,0.1482,0.056900,0.078100,0.1605,0.043300,0.1838,0.020500,0.1113,0.000200,0.006000,0.069300,0.017800,0.001400,0.000300,0.026800,0.006700,0.013600,0.001100,0.1573,0.015000,0.045900,0.2065,0.071500,0.001200,0.041600,0.002600,0.032700,0.021500,0.016600,8.4952,0.061700,0.006400,0.000200,0,9.9411,0,0,0,0,0,0,0,50,0,0,0,0,1,1,9,9,2,1,1,4,1,1,1,1,1,1,7,7,1,1,50,9,6,42,76,794,950,0,0,0,0,0,-100,-100,-100,-100,600,1440,107.7673,0,0,-0.000000,-1,0,0,0,1,0,13.7344,5,50,75.1289,13.7344,0,0,48.9844,0,100,0,0,0,0,0,0,0,0,0,0.4788,0.4788,1,0.4788,0.4788,32.8815,8.9635,20141,90,568,135,10875.4023,3604.2891,7254.3555,0,14480.9805,10.5876,2.0867,8.5044,10.5876,2.0875,3.0965,33.3333,5.6226,22.5953,0.000200,0.022800,0.000600,0.000600,0.001600,0.007800,0.001600,0.072100,0,0.019400,0.028000,0.039800,0.3505,0.3103,0.019500,0.006100,0.066500,0,0.047400,0.011700,0.1962,0.005100,0.032100,0.1360,0.014700,0.1118,0.4352,0.7145,0.3868,0.056300,2.0645,0.096200,0.031800,0.037900,0.6903,0.088600,0.002000,0.002400,0.062700,0.1965,0.050200,0.000600,0.6047,937,388752,0,0,0,0,0,0,0,0.001000,0.009200,0,0,0,0,0,0,0,0,0,0,0,0,0,0,0,0,0,0,0,0,0,0,0
,0.020400,0.005900,2,57,0,55,0,0,13,233,13,0,454,3,0,0,12,2,0,0,0,0,0.008200,0.010900,0.3362,0.005100,0.008100,0.000700,0.9152,0.2121,0.057300,0.1332,0.001200,0.026300,0,0,768,256,11229,3565.7148,15494.9102,239.1602,0.002900,6,0.000100,0.008100,0.001800,0.013800,0.2022,0,0,0.062500,0.2530,2.5841,0.059800,0.000400,0.001300,0.000300,0.000200,0.006500,0.007800,0.040000,0.004900,0.031100,0.1274,0.010400,0.005900,0.5587,0.029000,0.009800,0.027200,0.011500,0.018500,0.099600,0.011000,0.1409,0.002300,0.077000,0.009000,0.072900,0.7461,0.005400,2.3307,0.000400,0.1804,0.000600,0.000500,0.030000,0.2944,0.6728,0.025800,0.9295,0.1723,0.002300,0.010000,0.000500,0.035900,0,9.7875,8.7628,13.0955,634,16,0.2500,0,16,3.8438,1,0,0,629,1,0,115,102,13,0,-1,-1,0,-1,-1,13.9904,4.9185,0,1525.2227,1525.2227,1525.0977,95,877,561,322,0,0,0.000900,0,0,0.016100,0.084900,0.000900,0.012400,0.068700,0.044600,0.000900,0.001800,0.000300,0.001700,0.006300,0.001300,0.004200,0.022800,0.1562,0.059100,0.082700,0.1607,0.045700,0.2365,0.017300,0.038300,0.000400,0.001600,0.064300,0.008400,0.001400,0.000400,0.025300,0.006200,0.012600,0.001100,0.1463,0.014900,0.043400,0.2068,0.073400,0.001200,0.023100,0.003600,0.033600,0.022100,0.018000,9.5468,0.092100,0.007000,0.000100,0,10.7494,0,0,0,0,0,0,0,50,0,0,0,0,1,1,9,9,2,1,1,4,1,1,1,1,1,1,7,7,1,1,50,9,6,42,76,794,950,0,0,0,0,0,-100,-100,-100,-100,600,1440,107.7673,0,0,-0.000000,-1,0,0,0,1,0,13.7344,5,50,75.1289,13.7344,0,0,48.9844,0,100,0,0,0,0,0,0,0,0,0,0.4533,0.4533,1,0.4533,0.4533,44.6488,8.9635,20141,90,568,135,10876.1680,3604.2891,7254.3555,0,14479.6914,11.4037,2.2195,7.2909,11.4037,2.2195,2.9869,33.3333,5.5524,22.7943,0.000200,0.021800,0.000700,0.000700,0.001800,0.008700,0.000600,0.076300,0,0.019400,0.027800,0.034600,0.3652,0.1988,0.020500,0.005100,0.061900,0,0.046300,0.011300,0.1881,0.005100,0.032700,0.1414,0.016000,0.087900,0.4264,0.7393,0.3402,0.057300,2.4629,0.094200,0.031800,0.039700,0.6892,0.088200,0.001900,0.002400,0.061000,0.1967,0.050100,0.000500,0.6105,975,396876,0,0,0,0,0,0.1031,0,0,0.008400,0,0,0,0,0,0,0,0,0,0,0,0,0,0,0,0,0,0,0,0,0,0,0
,0.1039,0.007200,2,60,0,58,0,0,13,233,30,0,454,3,0,0,12,2,0,0,0,0,0,0,0.3624,0.006400,0.009100,0.001300,0.8895,1.2180,0.057500,0.1319,0.001200,0.029200,0.002600,0,768,256,11229,3565.7148,15494.9102,239.1602,0.001700,1,0.000200,0.008700,0.001900,0.015300,0.1848,0,0,0.1134,0.2645,2.6877,0.070500,0.000200,0.001300,0.000300,0.000200,0.007200,0.007300,0.043500,0.004600,0.032900,0.1054,0.011200,0.005500,1.4868,0.026500,0.008200,0.029600,0.011300,0.019300,0.075600,0.009000,0.085400,0.002100,0.081200,0.009000,0.073400,0.6226,0.006100,2.3689,0.000400,0.1870,0.000600,0.000300,0.029600,0.3035,0.6950,0.024700,0.9657,0.1174,0.002400,0.010800,0.000500,0.036200,0.2817,7.1366,8.7628,13.0955,634,16,0.2500,0,16,3.8438,1,0,0,629,1,0,115,102,13,0,-1,-1,0,-1,-1,13.9904,4.9185,0,1525.2227,1525.2227,1525.0977,95,881,561,322,0,0,0.000900,0,0,0.015500,0.083300,0.000700,0.012700,0.069300,0.038200,0.000800,0.001400,0.000300,0.001700,0.006400,0.000900,0.003800,0.022100,0.1340,0.055300,0.074300,0.1681,0.044200,1.1421,0.015200,0,0.000200,0.001500,0.067500,0.010700,0.001500,0.000600,0.027700,0.006800,0.013200,0.001200,0.1424,0.013500,0.040900,0.1876,0.066500,0.001100,0.036900,0.002200,0.016800,0.023500,0.016900,6.5480,0.057100,0.006200,0.000200,0,11.6201,0,0,0,0,0,0,0,50,0,0,0,0,1,1,9,9,2,1,1,4,1,1,1,1,1,1,7,7,1,1,50,9,6,42,76,794,950,0,0,0,0,0,-100,-100,-100,-100,600,1440,107.7673,0,0,-0.000000,-1,0,0,0,1,0,13.7344,5,50,75.1289,13.7344,0,0,48.9844,0,100,0,0,0,0,0,0,0,0,0,0.4421,0.4421,1,0.4421,0.4421,54.0468,8.9635,20141,90,568,135,10876.1836,3604.2891,7254.3555,0,14480.4570,9.7431,2.9069,7.3544,9.7431,2.9069,3.0662,33.3333,5.5310,24.2120,0.000600,0.021600,0.000600,0.000600,0.001600,0.007800,0.000600,0.073300,0,0.023500,0.030400,0.037800,0.3427,0.1863,0.019400,0.006200,0.067500,0,0.044400,0.011700,0.1908,0.006100,0.032500,0.1285,0.015700,0.091300,0.4298,0.7099,0.3395,0.058400,3.1322,0.096200,0.030700,0.039500,0.6909,0.086200,0.001900,0.002400,0.061900,0.1955,0.050200,0.000600,0.5953,978,398740,0.3042,0,0,0,0,0,0.005500,0,0.008500,0,0,0,0,0,0,0,0,0,0,0,0,0,0,0,0,0,0,0,0,0,0,0
,0.017000,0.011900,2,64,0,62,0,0,13,233,30,0,454,3,0,0,12,2,0,0,0,0,0.016900,0.013500,0.3418,0.005900,0.009500,0.001000,0.8869,0.1974,0.055700,0.1406,0.001400,0.029000,0,1,768,256,11229,3565.7148,15494.9102,239.1602,0.001700,5,0.000100,0.009600,0.002200,0.014200,0.1868,0,0,0.060300,0.3425,2.6829,0.067700,0.000200,0.001300,0.000200,0.000300,0.007200,0.007500,0.050600,0.005300,0.036200,0.1368,0.013800,0.006500,1.3224,0.028700,0.009300,0.039600,0.011900,0.018900,0.086500,0.032100,0.082800,0.002900,0.081600,0.008100,0.071900,0.5809,0.004700,2.2960,0.000400,0.1765,0.000800,0.000400,0.031600,0.3094,0.7013,0.026000,0.9790,0.7407,0.002700,0.011900,0.000500,0.039800,0.3528,9.3432,8.7628,13.0955,634,16,0.2500,0,16,3.8438,1,0,0,629,1,0,115,102,13,0,-1,-1,0,-1,-1,13.9904,4.9185,0,1525.2227,1525.2227,1441.5039,95,882,561,322,0,0,0.000900,0,0,0.015300,0.080900,0.000600,0.012700,0.067500,0.039500,0.000900,0.001700,0.000500,0.001600,0.007000,0.001200,0.003700,0.020400,0.1447,0.054800,0.075900,0.1430,0.046400,0.2308,0.018800,0,0.000200,0.001500,0.063800,0.018500,0.001300,0.000300,0.024900,0.006200,0.011500,0.001100,0.1356,0.013100,0.038200,0.1963,0.071300,0.001100,0.044000,0.002600,0.031500,0.022100,0.015500,8.6926,0.060700,0.005900,0.000100,0,9.5750,0,0,0,0,0,0,0,50,0,0,0,0,1,1,9,9,2,1,1,4,1,1,1,1,1,1,7,7,1,1,50,9,6,42,76,794,950,0,0,0,0,0,-100,-100,-100,-100,600,1440,107.7673,0,0,-0.000000,-1,0,0,0,1,0,13.7344,5,50,75.1289,13.7344,0,0,48.9844,0,100,0,0,0,0,0,0,0,0,0,0.4040,0.4040,1,0.4040,0.4040,64.8605,8.9635,20141,90,568,135,10876.1836,3604.2891,7254.3555,0,14480.4727,10.8616,2.1084,8.0295,10.8616,2.1084,2.7896,33.3333,5.3701,24.0100,0.000200,0.020700,0.000600,0.000700,0.001800,0.008200,0.000600,0.074300,0,0.022500,0.025900,0.039000,0.3554,0.1865,0.019500,0.006100,0.066400,0,0.046000,0.011300,0.1962,0.005100,0.032800,0.1342,0.015700,0.087600,0.4248,0.7264,0.2871,0.057400,2.4248,0.094200,0.030800,0.039600,0.6873,0.087900,0.001800,0.002600,0.062100,0.1997,0.050200,0.000600,0.6060,960,407014,0,0,0,0,0,0,0,0,0.008500,0,0,0,0,0,0,0,0,0,0,0,0,0,0,0,0,0,0,0,0,0,0,0
,0.016500,0.013900,2,57,0,55,0,0,13,233,9,0,454,3,0,0,12,2,0,0,0,0,0.011100,0.005000,0.3291,0.005100,0.008500,0.000800,0.8706,0.1812,0.060400,0.1301,0.002100,0.040600,0.007000,2,768,256,11229,3565.7148,15494.9102,239.1602,0.002700,2,0.000300,0.007900,0.001800,0.2245,0.1800,0,0,0.069600,0.2240,2.7192,0.064900,0.000300,0.001100,0.000200,0.000200,0.007300,0.007300,0.041100,0.005900,0.032200,0.098000,0.011300,0.006000,1.1280,0.029000,0.008200,0.030200,0.011300,0.019800,0.083000,0.009600,0.074800,0.002100,0.094600,0.008600,0.071700,0.6066,0.004700,2.4112,0.000300,0.2103,0.000800,0.000300,0.030600,0.3166,0.6799,0.025700,1.4297,0.1489,0.001800,0.010600,0.000500,0.036100,0,9.8370,8.7628,13.0955,634,16,0.2500,0,16,3.8438,1,0,0,629,1,0,115,102,13,0,-1,-1,0,-1,-1,13.9904,4.9185,0,1525.2227,1525.2227,1525.0977,95,880,561,322,0,0,0.000900,0,0,0.016400,0.079800,0.000600,0.012100,0.069200,0.039800,0.000900,0.001400,0.000200,0.001700,0.006100,0.000900,0.003800,0.021600,0.1261,0.058500,0.076300,0.1506,0.043100,0.2968,0.019300,0,0.000200,0.001500,0.063500,0.009000,0.001500,0.000500,0.025700,0.006500,0.012100,0.001300,0.1378,0.014600,0.040200,0.2070,0.069800,0.001300,0.045600,0.002200,0.033700,0.024200,0.017000,9.2594,0.062100,0.007000,0.000100,0,10.8258,0,0,0,0,0,0,0,50,0,0,0,0,1,1,9,9,2,1,1,4,1,1,1,1,1,1,7,7,1,1,50,9,6,42,76,794,950,0,0,0,0,0,-100,-100,-100,-100,600,1440,107.7673,0,0,-0.000000,-1,0,0,0,1,0,13.7344,5,50,75.1289,13.7344,0,0,48.9844,0,100,0,0,0,0,0,0,0,0,0,0.4221,0.4221,1,0.4221,0.4221,11.9527,8.9635,20141,90,568,135,10876.1836,3604.2891,7254.3555,0,14480.4727,11.4145,2.1768,7.4059,11.4145,2.1768,2.9375,33.3333,5.7200,23.8285,0.000200,0.019500,0.000600,0.000600,0.001700,0.012100,0.000600,0.072600,0.001000,0.018400,0.029100,0.036000,0.3440,0.1913,0.020400,0.006200,0.067500,0,0.044600,0.015500,0.1889,0.006100,0.032900,0.1436,0.028600,0.095800,0.4319,0.8038,0.3091,0.057300,2.3195,0.095200,0.031800,0.039300,0.6911,0.089500,0.001700,0.002300,0.065900,0.2110,0.050200,0.000600,0.6856,1041,423254,0,2382,1355,0,2.0765,0,0.002100,0,0.008600,0,0,0,0,0,0,0,0,0,0,0,0,0,0,0,0,0,0,0,0,0,0,0
,0.028200,0.005800,2,76,0,74,0,0,14,233,44,0,454,3,0,0,13,2,0,0,0,0,0.008500,0.026300,0.3411,0.006100,0.008300,0.001300,0.9006,0.1924,0.062900,0.1314,0.001300,0.025000,0.013300,1,768,256,11229,3565.7148,15494.9102,239.1602,0.001600,5,0,0.008200,0.001900,0.013900,0.2395,0,0,0.058800,0.2997,2.8349,0.069400,0.000300,0.001200,0.000200,0.000300,0.006700,0.007000,0.044800,0.005400,0.035800,0.1082,0.010500,0.006200,1.4486,0.030000,0.009000,0.036700,0.012800,0.019800,0.084900,0.009400,0.1155,0.002800,0.085000,0.009000,0.075200,0.6138,0.005600,2.4396,0.000400,0.2088,0.000700,0.000500,0.032100,0.3207,1.0791,0.027700,0.9781,0.1871,0.001900,0.012900,0.000500,0.095500,0.1170,8.7089,8.7628,13.0955,634,16,0.2500,0,16,3.8438,1,0,0,629,1,0,115,102,13,0,-1,-1,0,-1,-1,13.9904,4.9185,0,1525.2227,1525.2227,1441.5039,95,880,561,322,0,0,0.000900,0,0,0.015200,0.086100,0.000600,0.012300,0.068600,0.040900,0.001100,0.001500,0.000400,0.001600,0.006300,0.001100,0.004000,0.024100,0.1342,0.058100,0.079100,0.1554,0.041000,0.6741,0.015300,0,0.000200,0.001700,0.068100,0.009400,0.001400,0.000600,0.026800,0.006900,0.012200,0.001200,0.1497,0.028300,0.045000,0.1977,0.069400,0.001200,0.040700,0.002200,0.017900,0.022700,0.024900,8.1394,0.059100,0.006300,0.000100,0,11.4142,0,0,0,0,0,0,0,50,0,0,0,0,1,1,9,9,2,1,1,4,1,1,1,1,1,1,7,7,1,1,50,9,6,42,76,794,950,0,0,0,0,0,-100,-100,-100,-100,600,1440,107.7673,0,0,-0.000000,-1,0,0,0,1,0,13.7344,5,50,75.1289,13.7344,0,0,48.9844,0,100,0,0,0,0,0,0,0,0,0,0.4076,0.4076,1,0.4076,0.4076,22.6599,8.9635,20141,90,568,135,10876.1836,3604.2891,7254.3555,0,14480.4727,10.7410,2.5539,7.3064,10.7410,2.5539,2.9667,33.3333,5.1303,23.7385,0.000200,0.020600,0.000600,0.004600,0.001700,0.006800,0.000500,0.073600,0.001000,0.018400,0.021800,0.041100,0.3610,0.2927,0.019500,0.006100,0.066700,0,0.044900,0.014400,0.1992,0.005100,0.031600,0.1366,0.015400,0.087900,0.4339,0.6968,0.3896,0.057300,2.9177,0.094200,0.031800,0.038800,0.6997,0.085900,0.001900,0.002700,0.063300,0.1968,0.050100,0.000500,0.6351,992,402096,0,0,0,0,0,0,0,0,0.008300,0,0,0,0,0,0,0,0,0,0,0,0,0,0,0,0,0,0,0,0,0,0,0
,0.068600,0.009700,2,63,0,61,0,0,13,233,31,0,454,3,0,0,12,2,0,0,0,0,0.009900,0.013500,0.3240,0.005500,0.009300,0.001300,0.8713,0.1699,0.073100,0.1322,0.000900,0.028800,0,2,768,256,11229,3565.7148,15494.9102,239.1602,0.002200,3,0.000200,0.008500,0.002500,0.014900,0.1833,0,0,0.1402,0.2123,2.5317,0.068900,0.000400,0.001200,0.000200,0.000300,0.007400,0.007000,0.039600,0.005300,0.030300,0.2610,0.009900,0.005500,1.7215,0.029000,0.009400,0.039900,0.011800,0.018100,0.085800,0.008400,0.074700,0.002200,0.076800,0.008600,0.068200,0.5733,0.004300,2.2842,0.000400,0.1787,0.000500,0.000300,0.029300,0.3666,0.6629,0.025200,1.0709,0.1744,0.001800,0.009500,0.000400,0.040000,0,9.7835,8.7628,13.0955,634,16,0.2500,0,16,3.8438,1,0,0,629,1,0,115,102,13,0,-1,-1,0,-1,-1,13.9904,4.9185,0,1525.2227,1525.2227,1525.0977,95,879,561,322,0,0,0.001000,0,0,0.015700,0.080600,0.000600,0.024700,0.076800,0.041800,0.000800,0.001700,0.000400,0.001600,0.006600,0.001000,0.003800,0.023900,0.1818,0.054400,0.092700,0.1718,0.039500,0.1611,0.027900,0.1025,0.000100,0.001500,0.078200,0.009000,0.001000,0.000500,0.025000,0.005800,0.012000,0.001200,0.1427,0.015400,0.042400,0.2093,0.068800,0.001300,0.040800,0.002600,0.033300,0.023300,0.018200,9.2052,0.062100,0.006500,0.000100,0,10.7418,0,0,0,0,0,0,0,50,0,0,0,0,1,1,9,9,2,1,1,4,1,1,1,1,1,1,7,7,1,1,50,9,6,42,76,794,950,0,0,0,0,0,-100,-100,-100,-100,600,1440,107.7673,0,0,-0.000000,-1,0,0,0,1,0,13.7344,5,50,75.1289,13.7344,0,0,48.9844,0,100,0,0,0,0,0,0,0,0,0,0.4844,0.4844,1,0.4844,0.4844,34.1623,8.9635,20141,90,568,135,10871.5547,3604.2891,7254.3555,0,14480.4727,11.4914,2.3024,8.2252,11.4914,2.3037,3.0764,33.3333,5.5602,22.5404,0.000200,0.022200,0.000600,0.000600,0.001700,0.008100,0.000500,0.072900,0.001000,0.020500,0.028500,0.039200,0.3383,0.1819,0.019400,0.005100,0.062500,0.001100,0.045800,0.014300,0.1956,0.005100,0.032100,0.1375,0.015800,0.090700,0.4254,0.7000,0.3401,0.055400,2.4823,0.095300,0.031700,0.038900,0.6997,0.087900,0.001900,0.002400,0.059900,0.1956,0.049200,0.000700,0.5959,997,426476,0,0,0,0,0,0,0,0.001500,0.008500,0,0,0,0,0,0,0,0,0,0,0,0,0,0,0,0,0,0,0,0,0,0,0
,0.027600,0.032600,2,72,0,70,0,0,14,233,26,0,454,3,0,0,13,2,0,0,0,0,0.008000,0.004600,0.3327,0.006300,0.009300,0.001100,0.9061,0.1820,0.084600,0.1397,0.001000,0.088300,0,2,768,256,11229,3565.7148,15494.9102,239.1602,0.001900,5,0,0.008100,0.001800,0.014500,0.1780,0,0,0.060700,0.2340,2.7168,0.065800,0.000300,0.001200,0.000200,0.000300,0.006800,0.007500,0.051000,0.004700,0.032700,0.1078,0.011500,0.007000,1.3771,0.031200,0.009700,0.028900,0.012300,0.019500,0.088600,0.010400,0.078100,0.002300,0.077000,0.008200,0.070500,0.6894,0.005600,2.5829,0.000300,0.2073,0.000500,0.000400,0.031100,0.3173,0.6075,0.025300,0.9764,0.1616,0.001800,0.008900,0.000400,0.034600,0.098900,9.1011,8.7628,13.0955,634,16,0.2500,0,16,3.8438,1,0,0,629,1,0,115,102,13,0,-1,-1,0,-1,-1,13.9904,4.9185,0,1525.2227,1525.2227,1525.0977,95,873,561,321,0,0,0.001100,0,0,0.015700,0.078100,0.000700,0.011500,0.073500,0.038400,0.000900,0.001800,0.000300,0.001300,0.006100,0.000800,0.003400,0.022700,0.1342,0.055700,0.076400,0.1558,0.041700,0.1646,0.017200,0.2759,0.000200,0.001600,0.065700,0.007900,0.001300,0.000600,0.025900,0.006500,0.012300,0.001000,0.1469,0.016800,0.044800,0.2033,0.070600,0.001300,0.041400,0.003100,0.031900,0.021400,0.016700,8.4972,0.062200,0.007000,0.000100,0,11.4442,0,0,0,0,0,0,0,50,0,0,0,0,1,1,9,9,2,1,1,4,1,1,1,1,1,1,7,7,1,1,50,9,6,42,76,794,950,0,0,0,0,0,-100,-100,-100,-100,600,1440,107.7673,0,0,-0.000000,-1,0,0,0,1,0,13.7344,5,50,75.1289,13.7344,0,0,48.9844,0,100,0,0,0,0,0,0,0,0,0,0.5691,0.5691,1,0.5691,0.5691,44.9496,8.9635,20141,90,568,135,10871.5234,3604.2891,7254.3555,0,14475.8438,10.7893,2.2842,7.3607,10.7893,2.2842,3.0360,33.3333,5.1343,24.3002,0.000300,0.022600,0.000800,0.001100,0.001700,0.012400,0.000600,0.076700,0,0.024600,0.027300,0.035200,0.3542,0.1941,0.020500,0.006100,0.066000,0,0.044200,0.012900,0.1889,0.005100,0.033200,0.1363,0.016400,0.087500,0.4256,0.6848,0.3440,0.056200,2.4270,0.095200,0.031700,0.037800,0.6971,0.087200,0.002100,0.002300,0.064700,0.1966,0.050200,0.000700,0.8080,991,408902,0,0,0,0,0,0,0,0,0.008100,0,0,0,0,0,0,0,0,0,0,0,0,0,0,0,0,0,0,0,0,0,0,0
,0.014200,0.013800,2,69,0,67,0,0,13,233,31,0,454,3,0,0,12,2,0,0,0,0,0,0.003000,0.3434,0.006800,0.008900,0.001000,0.8806,0.1736,0.054600,0.1282,0.001100,0.025200,0,1,768,256,11229,3565.7148,15494.9102,239.1602,0.001800,5,0.000100,0.007700,0.001700,0.013400,0.1827,0,0,0.061600,0.3865,2.6209,0.060900,0.000200,0.001400,0.000200,0.000400,0.006400,0.006700,0.042100,0.005200,0.032700,0.1027,0.011800,0.006600,0.6731,0.026200,0.008600,0.027800,0.011800,0.018500,0.089100,0.008100,0.068200,0.002100,0.1106,0.009200,0.085500,0.6258,0.005100,2.3919,0.000400,0.1975,0.000600,0.000500,0.030500,0.3761,0.6493,0.026300,0.9428,0.4395,0.002200,0.015200,0.000600,0.038900,0.3533,9.3044,8.7628,13.0955,634,16,0.2500,0,16,3.8438,1,0,0,629,1,0,115,102,13,0,-1,-1,0,-1,-1,13.9904,4.9185,0,1525.2227,1525.2227,1525.0977,95,876,561,321,0,0,0.001000,0,0,0.014900,0.082800,0.000500,0.011600,0.071500,0.042000,0.000900,0.001700,0.000300,0.001600,0.006300,0.001100,0.003900,0.021700,0.1608,0.058300,0.082000,0.1587,0.039100,0.1637,0.021100,0.1156,0.000300,0.001600,0.064700,0.008800,0.001300,0.000700,0.026600,0.006500,0.012400,0.001100,0.1449,0.014500,0.043300,0.1977,0.070100,0.001600,0.021400,0.003000,0.017300,0.023900,0.018700,8.6958,0.057400,0.005900,0.000200,0,10.7842,0,0,0,0,0,0,0,50,0,0,0,0,1,1,9,9,2,1,1,4,1,1,1,1,1,1,7,7,1,1,50,9,6,42,76,794,950,0,0,0,0,0,-100,-100,-100,-100,600,1440,107.7673,0,0,-0.000000,-1,0,0,0,1,0,13.7344,5,50,75.1289,13.7344,0,0,48.9844,0,100,0,0,0,0,0,0,0,0,0,0.4627,0.4627,1,0.4627,0.4627,55.7805,8.9635,20141,90,568,135,10871.5234,3604.2891,7254.3555,0,14475.8125,10.8347,2.1692,7.3786,10.8347,2.1705,2.8457,33.3333,5.3381,24.4320,0.000200,0.021200,0.000600,0.000600,0.001900,0.009200,0.000600,0.076800,0.001000,0.018500,0.019400,0.032000,0.3431,0.1839,0.020500,0.005100,0.061300,0,0.045200,0.016700,0.1921,0.005100,0.031700,0.1358,0.015300,0.096500,0.4409,0.7685,0.3595,0.056300,3.0897,0.096300,0.031700,0.048900,0.7019,0.096800,0.002200,0.002500,0.064500,0.1965,0.050200,0.000700,0.5999,927,385916,0,0,0,0,0,0,0,0.001400,0.009100,0,0,0,0,0,0,0,0,0,0,0,0,0,0,0,0,0,0,0,0,0,0,0
,0.4172,0.005500,2,56,0,54,0,0,13,233,15,0,454,3,0,0,12,2,0,0,0,0,0.020100,0.008100,0.3292,0.006200,0.009700,0.001100,0.9018,0.1963,0.053300,0.1283,0.001000,0.027600,0,1,768,256,11229,3565.7148,15494.9102,239.1602,0.001700,5,0.000200,0.2273,0.002000,0.016400,0.1859,0,0,0.067800,0.2118,2.6075,0.075500,0.000300,0.001400,0.000200,0.000500,0.007500,0.007200,0.042500,0.004900,0.031500,0.1413,0.011500,0.005500,1.4647,0.030600,0.009700,0.032200,0.011400,0.019500,0.083800,0.010700,0.081400,0.002300,0.1127,0.008400,0.070000,0.5760,0.004400,2.3585,0.000200,0.1814,0.000600,0.000300,0.029000,0.3861,0.6250,0.026000,0.9275,0.1329,0.001900,0.010000,0.000600,0.034400,0,8.9412,8.7628,13.0955,634,16,0.2500,0,16,3.8438,1,0,0,629,1,0,115,102,13,0,-1,-1,0,-1,-1,13.9904,4.9185,0,1525.2227,1525.2227,1525.0977,95,879,561,321,0,0,0.000900,0,0,0.014800,0.081700,0.000900,0.012400,0.065900,0.039300,0.000700,0.001800,0.000200,0.001600,0.006700,0.001100,0.004600,0.022500,0.1370,0.057200,0.079700,0.1450,0.042100,0.3146,0.018400,0,0.000200,0.005600,0.061600,0.008500,0.001200,0.000600,0.025400,0.006100,0.012500,0.001100,0.1329,0.014900,0.040700,0.2118,0.067900,0.001200,0.032800,0.002300,0.034700,0.024500,0.017100,8.3585,0.062600,0.006700,0.000100,0,10.8539,0,0,0,0,0,0,0,50,0,0,0,0,1,1,9,9,2,1,1,4,1,1,1,1,1,1,7,7,1,1,50,9,6,42,76,794,950,0,0,0,0,0,-100,-100,-100,-100,600,1440,107.7673,0,0,-0.000000,-1,0,0,0,1,0,13.7344,5,50,75.1289,13.7344,0,0,48.9844,0,100,0,0,0,0,0,0,0,0,0,0.4230,0.4230,1,0.4230,0.4230,2.6826,8.9635,20141,90,568,135,10871.5234,3604.2891,7254.3555,0,14475.8125,10.4516,2.1444,7.9824,10.4516,2.1444,2.9795,33.3333,6.0256,23.0725,0.000200,0.022800,0.000700,0.000500,0.001600,0.006800,0.001600,0.072200,0,0.021500,0.030500,0.039200,0.3601,0.1893,0.020500,0.005100,0.067800,0,0.042000,0.023800,0.1867,0.005100,0.031200,0.1412,0.015000,0.091300,0.4255,0.7073,0.3165,0.057400,2.3216,0.095200,0.030800,0.042900,0.6897,0.1045,0.003800,0.005000,0.060200,0.1987,0.049200,0.000600,0.6975,987,409704,0.051600,2262,1218,0,1.1825,0,0,0,0.008100,0,0,0,0,0,0,0,0,0,0,0,0,0,0,0,0,0,0,0,0,0,0,0
,0.013400,0.005300,2,73,0,71,0,0,14,233,29,0,454,3,0,0,13,2,0,0,0,0,0.009100,0.005600,0.3181,0.005300,0.008300,0.001100,0.8675,0.1608,0.053200,0.1287,0.004500,0.038600,0.003100,1,768,256,11229,3565.7148,15494.9102,239.1602,0.001900,4,0.000100,0.008600,0.002000,0.019500,0.1954,0,0,0.057300,0.3083,2.6827,0.076600,0.000300,0.001700,0.000300,0.000200,0.007300,0.007500,0.063900,0.006200,0.033100,0.1452,0.012600,0.006700,1.6464,0.030700,0.008200,0.042600,0.011900,0.020200,0.095300,0.009100,0.074800,0.002400,0.1177,0.008100,0.069300,0.6248,0.005500,2.3656,0.000300,0.1935,0.000600,0.000300,0.030700,0.3070,0.7612,0.027500,0.9192,0.4277,0.001900,0.011400,0.000500,0.038100,0.5199,8.7952,8.7628,13.0955,634,16,0.2500,0,16,3.8438,1,0,0,629,1,0,115,102,13,0,-1,-1,0,-1,-1,13.9904,4.9185,0,1525.2227,1525.2227,1441.5039,95,871,551,321,0,0,0.000900,0,0,0.015500,0.082500,0.000400,0.011900,0.068500,0.051000,0.000900,0.001800,0.000200,0.001700,0.006400,0.001100,0.004200,0.025400,0.1336,0.059300,0.082300,0.1622,0.038200,0.3811,0.014700,0,0.000300,0.001600,0.063200,0.008500,0.001400,0.000400,0.029800,0.006100,0.012400,0.000900,0.1370,0.013900,0.039800,0.2125,0.070900,0.001100,0.044500,0.002600,0.034600,0.023100,0.017200,8.1531,0.060900,0.005800,0.000100,0,10.5130,0,0,0,0,0,0,0,50,0,0,0,0,1,1,9,9,2,1,1,4,1,1,1,1,1,1,7,7,1,1,50,9,6,42,76,794,950,0,0,0,0,0,-100,-100,-100,-100,600,1440,107.7673,0,0,-0.000000,-1,0,0,0,1,0,13.7344,5,50,75.1289,13.7344,0,0,48.9844,0,100,0,0,0,0,0,0,0,0,0,0.4285,0.4285,1,0.4285,0.4285,13.0978,8.9635,20141,90,568,135,10871.5234,3604.2891,7254.3555,0,14475.8125,10.4799,2.2498,7.4551,10.4799,2.2510,3.0352,33.3333,5.2506,23.3698,0.000200,0.018100,0.000600,0.000800,0.005200,0.010700,0.000600,0.079100,0,0.018500,0.028400,0.048500,0.8002,0.3109,0.4444,0.006100,0.067300,0,0.044400,0.025000,0.1998,0.006100,0.039100,0.1830,0.028500,0.1034,0.4143,0.6792,0.3835,0.057200,2.0675,0.097300,0.031800,0.039100,0.6915,0.085900,0.002300,0.002500,0.063800,0.1976,0.049200,0.000600,0.6590,1029,409106,0,0,0,0,0,0,0,0.001400,0.008400,0,0,0,0,0,0,0,0,0,0,0,0,0,0,0,0,0,0,0,0,0,0,0
,0.019700,0.008400,2,72,0,70,0,0,13,233,58,0,454,3,0,0,12,2,0,0,0,0,0.009300,0.006300,0.3657,0.005300,0.009400,0.001100,0.8823,0.2604,0.056300,0.1268,0.001300,0.027900,0,1,768,256,11229,3565.7148,15494.9102,239.1602,0.001400,3,0.000200,0.009000,0.002500,0.021000,0.1915,0,0,0.061700,0.2137,2.6136,0.073200,0.000200,0.001300,0.000200,0.000200,0.006800,0.007600,0.052500,0.005700,0.034400,0.1253,0.012000,0.006400,0.3804,0.029200,0.009300,0.035800,0.011800,0.020600,0.086200,0.010300,0.077000,0.002300,0.1086,0.008600,0.075300,0.6370,0.005400,2.4100,0.000300,0.2109,0.000500,0.000200,0.032900,0.3071,0.7457,0.026600,0.9498,0.1730,0.002200,0.009200,0.000500,0.038500,0.7410,9.9403,8.7628,13.0955,634,16,0.2500,0,16,3.8438,1,0,0,629,1,0,115,102,13,0,-1,-1,0,-1,-1,13.9904,4.9185,0,1525.2227,1525.2227,1525.0977,95,875,561,321,0,0,0.000900,0,0,0.016500,0.087900,0.000500,0.012700,0.070700,0.039700,0.000900,0.001500,0.000200,0.001600,0.005900,0.001100,0.004100,0.020100,0.1307,0.056500,0.079300,0.1760,0.055500,0.4727,0.015200,0,0.000200,0.001700,0.065500,0.009200,0.001300,0.000500,0.025600,0.006100,0.012300,0.001300,0.1526,0.027500,0.044500,0.2031,0.071600,0.001100,0.056700,0.002100,0.018800,0.025700,0.019200,9.4190,0.060500,0.007000,0.000200,0,10.4074,0,0,0,0,0,0,0,50,0,0,0,0,1,1,9,9,2,1,1,4,1,1,1,1,1,1,7,7,1,1,50,9,6,42,76,794,950,0,0,0,0,0,-100,-100,-100,-100,600,1440,107.7673,0,0,-0.000000,-1,0,0,0,1,0,13.7344,5,50,75.1289,13.7344,0,0,48.9844,0,100,0,0,0,0,0,0,0,0,0,0.4622,0.4622,1,0.4622,0.4622,24.9651,8.9635,20141,90,568,135,10871.5195,3604.2891,7254.3555,0,14475.8125,11.7303,2.3504,8.0679,11.7303,2.3504,3.2620,33.3333,5.2550,22.1285,0.000200,0.022700,0.000600,0.000600,0.001700,0.007000,0.000500,0.074500,0,0.018500,0.019700,0.025400,0.3500,0.2912,0.019400,0.005100,0.061400,0,0.047600,0.022800,0.1780,0,0.030500,0.1267,0.020500,0.1007,0.4354,0.6517,0.3897,0.057300,2.5132,0.1003,0.4567,0.039400,0.6964,0.082800,0.001900,0.002700,0.062700,0.1976,0.050200,0.001000,0.6120,974,394082,0,0,0,0,0,0,0.004100,0,0.008300,0,0,0,0,0,0,0,0,0,0,0,0,0,0,0,0,0,0,0,0,0,0,0
,0.030100,0.007000,0,0,0,0,0,0,0,0,0,0,0,0,0,0,0,0,0,0,0,0,0.011000,0.010700,0.3793,0.006300,0.009500,0.001100,0.9109,0.1634,0.053800,0.1356,0.000900,0.075200,0.001600,1,768,256,11229,3565.7148,15494.9102,239.1602,0.007700,6,0,0.009000,0.001900,0.020000,0.1862,0,0,0.065500,0.2530,2.5410,0.067300,0.000200,0.001400,0.000200,0.000400,0.007800,0.007200,0.055600,0.006400,0.033200,0.1361,0.012900,0.007100,1.2968,0.028300,0.008400,0.034700,0.011600,0.018900,0.081000,0.010600,0.074000,0.002200,0.1008,0.008400,0.066100,0.5891,0.004900,2.3249,0.000200,0.1804,0.000700,0.000300,0.030300,0.3595,0.8344,0.023900,0.9014,0.1924,0.002000,0.009400,0.000500,0.036700,0.097000,8.5485,8.7628,13.0955,634,16,0.2500,0,16,3.8438,1,0,0,629,1,0,115,102,13,0,-1,-1,0,-1,-1,13.9904,4.9185,0,1525.2227,1525.2227,1525.0977,95,871,551,321,0,0,0.000800,0,0,0.015200,0.084300,0.000700,0.012700,0.069700,0.040600,0.000800,0.001500,0.000400,0.001600,0.006200,0.000700,0.004700,0.024000,0.1505,0.060100,0.081400,0.1584,0.046600,0.1470,0.020500,0.1552,0.000200,0.001600,0.065800,0.009500,0.001500,0.000500,0.024900,0.006600,0.012300,0.001300,0.1430,0.015300,0.040600,0.2186,0.072900,0.001100,0.041800,0.002200,0.036600,0.024300,0.017600,7.9169,0.060400,0.007400,0.000200,0,11.9213,0,0,0,0,0,0,0,50,0,0,0,0,1,1,9,9,2,1,1,4,1,1,1,1,1,1,7,7,1,1,50,9,6,42,76,794,950,0,0,0,0,0,-100,-100,-100,-100,600,1440,107.7673,0,0,-0.000000,-1,0,0,0,1,0,13.7344,5,50,75.1289,13.7344,0,0,48.9844,0,100,0,0,0,0,0,0,0,0,0,0.4788,0.4788,1,0.4788,0.4788,35.1511,8.9635,20141,90,568,135,10871.5195,3604.2891,7254.3555,0,14475.8086,10.3210,2.3387,8.0679,10.3210,2.3387,3.1357,33.3333,5.7497,22.0460,0.000700,0.021700,0.000700,0.000700,0.002000,0.007300,0.001900,0.073200,0,0.018400,0.020200,0.035000,0.3564,0.1831,0.019500,0.006100,0.063700,0.001000,0.044500,0.009400,0.1885,0.005200,0.033800,0.1373,0.016300,0.091800,0.4274,0.7695,0.3090,0.056400,2.4505,0.094200,0.031700,0.039000,0.6897,0.087400,0.002000,0.002500,0.061100,0.1956,0.050200,0.000700,0.6220,988,396434,0,0,0,0,0,0,0.014200,0,0.008400,0,0,0,0,0,0,0,0,0,0,0,0,0,0,0,0,0,0,0,0,0,0,0
,0.013600,0.017900,4,141,0,137,0,0,27,466,73,0,908,6,0,0,25,4,0,0,0,0,0.009400,0.016900,0.3261,0.005600,0.008500,0.001100,0.8326,0.1926,0.054600,0.5517,0.000800,0.024800,0.002800,1,768,256,11229,3565.7148,15494.9102,239.1602,0.001700,3,0.000300,0.2875,0.002000,0.017000,0.1871,0,0,0.056100,0.3115,2.6291,0.072300,0.000300,0.003000,0.000200,0.000400,0.006300,0.007400,0.045800,0.005300,0.032600,0.1314,0.011400,0.006100,1.2459,0.032600,0.009400,0.040700,0.011800,0.020500,0.1014,0.011400,0.083500,0.002300,0.1122,0.008900,0.069300,0.6035,0.004500,2.3355,0.000200,0.1792,0.000500,0.000300,0.031000,0.3676,0.9044,0.024700,0.9032,0.1254,0.002000,0.012900,0.000400,0.092100,0.2235,8.7951,8.7628,13.0955,634,16,0.2500,0,16,3.8438,1,0,0,629,1,0,115,102,13,0,-1,-1,0,-1,-1,13.9904,4.9185,0,1525.2227,1525.2227,1441.6289,95,871,551,321,0,0,0.001000,0,0,0.015900,0.084800,0.000500,0.011300,0.077600,0.044400,0.001100,0.001800,0.000200,0.001800,0.006800,0.001200,0.004600,0.034100,0.1484,0.065500,0.088400,0.1623,0.042800,0.1963,0.017700,0.064100,0.000200,0.001700,0.068800,0.009400,0.001500,0.000700,0.027100,0.007100,0.013300,0.000800,0.1450,0.015400,0.043200,0.2128,0.070500,0.001200,0.042300,0.003000,0.034500,0.022700,0.018200,8.3986,0.058200,0.008800,0.000100,0,10.1969,0,0,0,0,0,0,0,50,0,0,0,0,1,1,9,9,2,1,1,4,1,1,1,1,1,1,7,7,1,1,50,9,6,42,76,794,950,0,0,0,0,0,-100,-100,-100,-100,600,1440,107.7673,0,0,-0.000000,-1,0,0,0,1,0,13.7344,5,50,75.1289,13.7344,0,0,48.9844,0,100,0,0,0,0,0,0,0,0,0,0.4197,0.4197,1,0.4197,0.4197,45.8114,8.9635,20141,90,568,135,10871.5195,3604.2891,7254.3555,0,14475.8086,10.4684,2.2800,7.3538,10.4684,2.2800,2.9342,33.3333,5.5824,22.8506,0.000200,0.022100,0.000500,0.000600,0.001800,0.007500,0.000700,0.073600,0,0.019500,0.029800,0.037000,0.3451,0.2158,0.019400,0.007200,0.069700,0,0.047700,0.008400,0.1831,0,0.031900,0.1358,0.016000,0.098300,0.4426,0.7886,0.2990,0.056300,2.3521,0.095200,0.030700,0.038800,0.6918,0.093200,0.002000,0.002400,0.061800,0.1977,0.049100,0.000600,0.6158,955,391874,0,0,0,0,0,0,0,0,0.008300,0,0,0,0,0,0,0,0,0,0,0,0,0,0,0,0,0,0,0,0,0,0,0
,0.016200,0.009800,2,63,0,61,0,0,13,233,32,0,454,3,0,0,12,2,0,0,0,0,0.009100,0.019800,0.3482,0.005400,0.009100,0.000800,0.8927,0.1964,0.054500,0.1359,0.001400,0.026600,0.001200,0,768,256,11229,3565.7148,15494.9102,239.1602,0.001800,4,0.000100,0.009100,0.002200,0.018800,0.1935,0,0,0.062100,0.2349,2.4994,0.069300,0.000200,0.001300,0.000300,0.000300,0.007400,0.010300,0.046800,0.005400,0.036100,0.1589,0.012200,0.005900,1.5862,0.031000,0.009000,0.043100,0.011500,0.018200,0.088800,0.010500,0.079600,0.002400,0.086000,0.007500,0.061000,0.6198,0.005600,2.5050,0.000300,0.2053,0.000500,0.000700,0.031300,0.3754,0.6660,0.025700,0.9039,0.1444,0.002200,0.010400,0.000500,0.037500,0,7.6516,8.7628,13.0955,634,16,0.2500,0,16,3.8438,1,0,0,629,1,0,115,102,13,0,-1,-1,0,-1,-1,13.9904,4.9185,0,1525.2227,1525.2227,1525.0977,95,876,551,321,0,0,0.000900,0,0,0.015400,0.085500,0.000700,0.015300,0.082500,0.044700,0.000900,0.001600,0.000200,0.001700,0.006500,0.001200,0.003900,0.023300,0.1399,0.061600,0.084200,0.1827,0.049800,0.2136,0.019900,1.3947,0.000300,0.002000,0.072500,0.010800,0.001600,0.000500,0.035900,0.006900,0.014200,0.001200,0.1666,0.018400,0.051000,0.2051,0.083900,0.001100,0.049800,0.001800,0.017600,0.023800,0.020800,7.2144,0.061000,0.006400,0.000200,0.006600,10.5977,0,0,0,0,0,0,0,50,0,0,0,0,1,1,9,9,2,1,1,4,1,1,1,1,1,1,7,7,1,1,50,9,6,42,76,794,950,0,0,0,0,0,-100,-100,-100,-100,600,1440,107.7673,0,0,-0.000000,-1,0,0,0,1,0,13.7344,5,50,75.1289,13.7344,0,0,48.9844,0,100,0,0,0,0,0,0,0,0,0,1.7044,1.7044,1,1.7044,1.7044,56.6487,8.9635,20141,90,568,135,10871.5195,3604.2891,7254.3555,0,14475.8086,10.8485,3.5659,8.1551,10.8485,3.5659,2.9984,33.3333,5.7450,22.0666,0.000200,0.020900,0.000500,0.000700,0.001600,0.007300,0.000600,0.072900,0,0.019500,0.029000,0.040500,0.3569,0.2892,0.019400,0.006200,0.066300,0,0.043700,0.009300,0.1917,0,0.032200,0.1376,0.015300,0.085600,0.4311,0.6964,0.3840,0.057300,2.0716,0.093200,0.030700,0.039100,1.1200,0.097900,0.002000,0.002500,0.065300,0.2027,0.047100,0.000600,0.6008,966,394718,0,0,0,0,0,0,0,0,0.008200,0,0,0,0,0,0,0,0,0,0,0,0,0,0,0,0,0,0,0,0,0,0,0
,0.016600,0.012300,2,70,0,68,0,0,14,233,26,0,454,3,0,0,13,2,0,0,0,0,0.011000,0.003300,0.3320,0.006300,0.009500,0.001100,0.9011,0.2041,0.052500,0.1295,0.001400,0.020700,0,0,768,256,11229,3565.7148,15494.9102,239.1602,0.001400,0,0.000100,0.008800,0.002000,0.020000,0.1803,0,0,0.1326,0.2719,3.3443,0.092000,0.000300,0.001400,0.000200,0.000200,0.007400,0.007500,0.053400,0.005700,0.033200,0.1372,0.012000,0.006500,1.4263,0.029900,0.009700,0.046900,0.015800,0.026400,0.091400,0.009500,0.081900,0.002200,0.095400,0.008500,0.079900,0.7058,0.006100,2.6904,0.000500,0.2320,0.001100,0.000700,0.038900,0.3125,0.8705,0.028100,0.8543,0.1561,0.002400,0.012100,0.000500,0.037800,0.4321,8.9584,8.7628,13.0955,634,16,0.2500,0,16,3.8438,1,0,0,629,1,0,115,102,13,0,-1,-1,0,-1,-1,13.9904,4.9185,0,1525.2227,1525.2227,1525.0977,95,873,561,322,0.070800,0.070800,0.001000,0,0,0.015200,0.083100,0.000700,0.012200,0.068500,0.037600,0.001000,0.001500,0.000200,0.001500,0.006400,0.001000,0.004100,0.022600,0.1473,0.055700,0.075000,0.1615,0.041700,0.2521,0.019200,0,0.000300,0.001700,0.064200,0.008400,0.001500,0.000600,0.025200,0.006400,0.011800,0.001200,0.1463,0.014200,0.041400,0.2230,0.068500,0.001300,0.025000,0.003600,0.033200,0.038000,0.019100,8.3396,0.062700,0.006800,0.000200,0,10.8872,0,0,0,0,0,0,0,50,0,0,0,0,1,1,9,9,2,1,1,4,1,1,1,1,1,1,7,7,1,1,50,9,6,42,76,794,950,0,0,0,0,0,-100,-100,-100,-100,600,1440,107.7673,0,0,-0.000000,-1,0,0,0,1,0,13.7344,5,50,75.1289,13.7344,0,0,48.9844,0,100,0,0,0,0,0,0,0,0,0,0.4086,0.4086,1,0.4086,0.4086,3.9869,8.9635,20141,90,568,135,10871.5273,3604.2891,7254.3555,0,14475.8086,10.6752,2.2266,7.7429,10.6752,2.2266,3.0736,33.3333,5.2923,22.8380,0.000600,0.022800,0.000600,0.000700,0.001600,0.008000,0.000600,0.073400,0,0.019400,0.020800,0.034700,0.3476,0.1909,0.018400,0.006100,0.061900,0,0.047100,0.019300,0.1818,0,0.032600,0.1360,0.015600,0.084900,0.4156,0.6714,0.3014,0.056200,2.3070,0.094200,0.031800,0.043900,0.6843,0.089400,0.001900,0.002500,0.061600,0.1965,0.050200,0.000600,0.6961,943,389676,0,2361,1331,0,0.9860,0,0.002200,0,0.008400,0,0,0,0,0,0,0,0,0,0,0,0,0,0,0,0,0,0,0,0,0,0,0
,0.017900,0.006100,2,60,0,58,0,0,13,233,28,0,454,3,0,0,12,2,0,0,0,0,0.009900,0.003100,0.3369,0.005600,0.009400,0.001000,0.8715,0.1888,0.058400,0.1319,0.001400,0.024300,0,0,768,256,11229,3565.7148,15494.9102,239.1602,0.002400,4,0,0.008300,0.002300,0.014200,0.2452,0,0,0.061000,0.2811,2.6378,0.072200,0.000200,0.001400,0.000200,0.000400,0.008200,0.009700,0.050900,0.006800,0.035600,0.8063,0.013700,0.008100,0.7585,0.026900,0.008900,0.033200,0.013000,0.031500,0.086600,0.009100,0.069500,0.002400,0.085200,0.008500,0.069900,0.6016,0.004900,2.4581,0.000300,0.2081,0.000700,0.000300,0.031100,0.4023,0.7298,0.039700,0.9474,0.1228,0.002200,0.010500,0.000500,0.036900,0.1086,10.6152,8.7628,13.0955,634,16,0.2500,0,16,3.8438,1,0,0,629,1,0,115,102,13,0,-1,-1,0,-1,-1,13.9904,4.9185,0,1525.2227,1525.2227,1525.0977,95,870,551,322,0,0,0.001100,0,0,0.015100,0.078800,0.000800,0.012100,0.069700,0.042600,0.001200,0.001800,0.000400,0.001700,0.007300,0.001200,0.004000,0.022500,0.1627,0.056100,0.077200,0.1461,0.052700,0.1734,0.024900,0.1782,0.000200,0.001400,0.064400,0.007700,0.001300,0.000400,0.025800,0.006200,0.012700,0.001200,0.1363,0.014000,0.039500,0.2182,0.068700,0.001000,0.030600,0.002500,0.036000,0.024200,0.019200,10.1037,0.063900,0.006700,0.000100,0,10.5130,0,0,0,0,0,0,0,50,0,0,0,0,1,1,9,9,2,1,1,4,1,1,1,1,1,1,7,7,1,1,50,9,6,42,76,794,950,0,0,0,0,0,-100,-100,-100,-100,600,1440,107.7673,0,0,-0.000000,-1,0,0,0,1,0,13.7344,5,50,75.1289,13.7344,0,0,48.9844,0,100,0,0,0,0,0,0,0,0,0,0.5397,0.5397,1,0.5397,0.5397,16.3747,8.9635,20141,90,568,135,10871.9609,3604.2891,7254.3555,0,14475.8164,12.2271,2.2933,7.3816,12.2979,2.2933,3.4376,33.3333,5.1370,23.6577,0.000200,0.021800,0.000600,0.000600,0.001700,0.013200,0.000700,0.078100,0,0.018400,0.028100,0.033500,0.3578,0.3066,0.019400,0.006200,0.067500,0,0.045700,0.011400,0.1853,0.005100,0.033400,0.6136,0.019300,0.1050,0.4233,0.7099,0.3849,0.056300,2.0709,0.093200,0.030700,0.038800,0.6904,0.068000,0.001900,0.002300,0.060600,0.1976,0.049200,0.000600,0.6104,955,393492,0.2831,0,0,0,0,0,0,0,0.008000,0,0,0,0,0,0,0,0,0,0,0,0,0,0,0,0,0,0,0,0,0,0,0
,0.017200,0.005800,2,63,0,61,0,0,13,233,29,0,454,3,0,0,12,2,0,0,0,0,0.008400,0.006700,0.3318,0.006200,0.009800,0.001100,0.8819,0.2732,0.051300,0.1322,0.001500,0.1032,0,0,768,256,11229,3565.7148,15494.9102,239.1602,0.001600,3,0.000400,0.019500,0.002300,0.015300,0.2673,0,0,0.057200,0.2375,2.5799,0.070300,0.000300,0.001300,0.000200,0.000200,0.006200,0.007500,0.051600,0.005000,0.035400,0.1309,0.010500,0.006700,1.3379,0.028500,0.008800,0.030400,0.012200,0.019800,0.094100,0.009300,0.073200,0.002100,0.073600,0.007900,0.070200,0.6154,0.005000,2.3501,0.000300,0.1869,0.000800,0.000300,0.030600,0.4004,0.7154,0.027800,0.9684,0.1391,0.001900,0.009700,0.000500,0.034900,0.1447,8.6983,8.7628,13.0955,634,16,0.2500,0,16,3.8438,1,0,0,629,1,0,115,102,13,0,-1,-1,0,-1,-1,13.9904,4.9185,0,1525.2227,1525.2227,1525.0977,95,873,561,322,0,0,0.000900,0,0,0.016400,0.090600,0.000700,0.013500,0.097900,0.054000,0.000900,0.002300,0.000500,0.002300,0.008600,0.001400,0.004700,0.026000,0.2085,0.074900,0.1081,0.2128,0.058300,0.2718,0.022100,0.1026,0.001600,0.001900,0.087500,0.012400,0.001700,0.001000,0.032600,0.009000,0.016600,0.001300,0.1804,0.018900,0.047800,0.2059,0.077600,0.001200,0.049500,0.002900,0.018600,0.025500,0.018700,8.1401,0.059500,0.007100,0.000100,0,12.4153,0,0,0,0,0,0,0,50,0,0,0,0,1,1,9,9,2,1,1,4,1,1,1,1,1,1,7,7,1,1,50,9,6,42,76,794,950,0,0,0,0,0,-100,-100,-100,-100,600,1440,107.7673,0,0,-0.000000,-1,0,0,0,1,0,13.7344,5,50,75.1289,13.7344,0,0,48.9844,0,100,0,0,0,0,0,0,0,0,0,0.5362,0.5362,1,0.5362,0.5362,27.1987,8.9635,20141,90,568,135,10872.5156,3604.2891,7254.3555,0,14476.2500,10.8654,2.6147,7.5488,10.8654,2.6147,3.3592,33.3333,5.8813,22.5416,0.000300,0.018600,0.000500,0.000600,0.001600,0.007000,0.000600,0.072700,0.001000,0.020500,0.027800,0.037100,0.3372,0.1908,0.019400,0.006200,0.062500,0,0.046500,0.011100,0.1823,0,0.032300,0.1371,0.016000,0.090800,0.4232,0.6791,0.3061,0.057400,2.2977,0.095300,0.031700,0.040900,1.5410,0.077200,0.003300,0.004800,0.059400,0.1997,0.047100,0.000600,0.7246,970,394524,0,0,0,0,0,0,0.011200,0,0.008000,0,0,0,0,0,0,0,0,0,0,0,0,0,0,0,0,0,0,0,0,0,0,0
,0.078200,0.006200,2,72,0,70,0,0,14,233,28,0,454,3,0,0,13,2,0,0,0,0,0.008500,0.1209,0.3364,0.006200,0.008900,0.001500,0.8739,0.1675,0.053900,0.1373,0.001700,0.024300,0,0,768,256,11229,3565.7148,15494.9102,239.1602,0.001600,3,0.000400,0.009100,0.002600,0.015400,0.1850,0,0,0.062600,0.3069,2.6487,0.073000,0.000200,0.001100,0.000200,0.000200,0.006300,0.007100,0.046200,0.005400,0.035800,0.1394,0.010800,0.006000,1.4072,0.026700,0.008100,0.029400,0.011300,0.019800,0.077900,0.011000,0.077400,0.002000,0.076300,0.008500,0.065700,0.6336,0.007600,2.3717,0.000300,0.1907,0.000600,0.000300,0.031800,0.3084,0.5824,0.025800,1.1868,0.1824,0.002000,0.009700,0.000400,0.035800,0.3089,8.8833,8.7628,13.0955,634,16,0.2500,0,16,3.8438,1,0,0,629,1,0,115,102,13,0,-1,-1,0,-1,-1,13.9904,4.9185,0,1525.2227,1525.2227,1525.0977,95,870,551,322,0,0,0.000800,0,0,0.018900,0.076000,0.000600,0.028000,0.066500,0.047100,0.001000,0.001700,0.000300,0.001500,0.006200,0.001100,0.004000,0.037800,0.1883,0.061500,0.084900,0.1566,0.053800,0.1574,0.024100,0.095500,0.000200,0.001800,0.062100,0.008000,0.001200,0.000700,0.025300,0.006400,0.011700,0.001300,0.1395,0.014600,0.042200,0.2028,0.069100,0.001100,0.040400,0.003300,0.031600,0.021900,0.017500,8.2286,0.074100,0.007100,0.000100,0.005700,10.7912,0,0,0,0,0,0,0,50,0,0,0,0,1,1,9,9,2,1,1,4,1,1,1,1,1,1,7,7,1,1,50,9,6,42,76,794,950,0,0,0,0,0,-100,-100,-100,-100,600,1440,107.7673,0,0,-0.000000,-1,0,0,0,1,0,13.7344,5,50,75.1289,13.7344,0,0,48.9844,0,100,0,0,0,0,0,0,0,0,0,0.4726,0.4726,1,0.4726,0.4726,37.7127,8.9635,20141,90,568,135,10872.5156,3604.2891,7254.3555,0,14476.8047,10.5600,2.3243,7.7756,10.5600,2.3255,2.9313,33.3333,5.4468,23.8935,0.000700,0.022000,0.000600,0.000500,0.001600,0.007800,0.000600,0.073000,0,0.019500,0.028100,0.040100,0.3519,0.1952,0.018500,0.006100,0.065100,0,0.044600,0.011500,0.1860,0.005100,0.031700,0.1364,0.015700,0.089700,0.4264,0.6919,0.3287,0.056300,2.4728,0.094200,0.030700,0.038000,0.6835,0.076100,0.002100,0.002400,0.060200,0.1967,0.049100,0.000600,0.5994,965,391072,0,0,0,0,0,0,0,0.001300,0.008200,0,0,0,0,0,0,0,0,0,0,0,0,0,0,0,0,0,0,0,0,0,0,0
,0.029800,0.006500,2,69,0,67,0,0,13,233,27,0,454,3,0,0,12,2,0,0,0,0,0,0.006200,0.3293,0.006600,0.009900,0.001100,0.8815,0.2103,0.054200,0.1346,0.001200,0.025600,0.004900,0,768,256,11229,3565.7148,15494.9102,239.1602,0.003100,3,0,0.007400,0.001800,0.014700,0.1898,0,0,0.063200,0.3978,2.7451,0.068000,0.000200,0.001400,0.000200,0.000300,0.006300,0.006900,0.044300,0.005600,0.032400,0.1365,0.011900,0.005900,1.4843,0.029200,0.008600,0.032400,0.012100,0.019900,0.075600,0.009300,0.067800,0.032800,0.099100,0.009800,0.071300,0.6609,0.005600,2.5870,0.000300,0.2055,0.000700,0.000300,0.030000,0.3262,0.7756,0.025600,0.9430,0.3987,0.002000,0.011800,0.000500,0.034400,0.039400,9.4205,8.7628,13.0955,634,16,0.2500,0,16,3.8438,1,0,0,629,1,0,115,102,13,0,-1,-1,0,-1,-1,13.9904,4.9185,0,1525.2227,1525.2227,1441.5039,95,870,551,322,0,0,0.000900,0,0,0.016400,0.082100,0.000700,0.013900,0.073300,0.040900,0.001000,0.001300,0.000200,0.001600,0.005600,0.001000,0.003800,0.022800,0.1485,0.055500,0.076700,0.1560,0.038000,0.1972,0.019000,0.1491,0.000200,0.006100,0.067900,0.008600,0.001200,0.000400,0.026700,0.006300,0.013400,0.001200,0.1481,0.015500,0.044400,0.2060,0.070700,0.001100,0.042800,0.002500,0.033500,0.023000,0.016400,8.7457,0.060400,0.006900,0.000100,0,10.4594,0,0,0,0,0,0,0,50,0,0,0,0,1,1,9,9,2,1,1,4,1,1,1,1,1,1,7,7,1,1,50,9,6,42,76,794,950,0,0,0,0,0,-100,-100,-100,-100,600,1440,107.7673,0,0,-0.000000,-1,0,0,0,1,0,13.7344,5,50,75.1289,13.7344,0,0,48.9844,0,100,0,0,0,0,0,0,0,0,0,0.5113,0.5113,1,0.5113,0.5113,48.6846,8.9635,20141,90,568,135,10872.5273,3604.2891,7254.3555,0,14476.8047,10.9879,2.2327,7.3250,10.9879,2.2327,2.9934,33.3333,5.3633,24.3159,0.000300,0.017800,0.000600,0.000600,0.001700,0.007400,0.000700,0.071800,0,0.021600,0.027700,0.038200,0.3414,0.1983,0.019400,0.005200,0.067700,0,0.046800,0.012200,0.1778,0,0.031500,0.1254,0.015000,0.091400,0.4270,1.1634,0.3491,0.055400,2.5036,0.095300,0.031700,0.038700,0.7040,0.082600,0.001700,0.002400,0.062700,0.1967,0.050100,0.000600,0.6058,916,384648,0,0,0,0,0,0,0,0,0.008100,0,0,0,0,0,0,0,0,0,0,0,0,0,0,0,0,0,0,0,0,0,0,0
,0.015500,0.021300,2,56,0,54,0,0,13,233,9,0,454,3,0,0,12,2,0,0,0,0,0.037600,0.008600,0.3210,0.005100,0.009400,0.000900,0.8758,0.1662,0.050700,0.1286,0.001000,0.024400,0.002700,0,768,256,11229,3565.7148,15494.9102,239.1602,0.002800,4,0.000100,0.007600,0.002100,0.013100,0.1883,0,0,0.060900,0.2039,2.5055,0.064300,0.000300,0.001400,0.000300,0.000200,0.006300,0.007300,0.039900,0.005200,0.035100,0.097800,0.011400,0.006000,1.2681,0.030200,0.008900,0.037200,0.011900,0.020100,0.081000,0.009400,0.090100,0.002300,0.085700,0.008800,0.064200,0.6392,0.005600,2.3592,0.000300,0.1911,0.000500,0.000400,0.032100,0.3095,0.6987,0.023800,0.9283,0.1890,0.002000,0.011100,0.000500,0.036200,0,9.9173,8.7628,13.0955,634,16,0.2500,0,16,3.8438,1,0,0,629,1,0,115,102,13,0,-1,-1,0,-1,-1,13.9904,4.9185,0,1525.2227,1525.2227,1525.0977,95,870,551,322,0,0,0.001100,0,0,0.015500,0.080100,0.000600,0.011100,0.084500,0.043500,0.000900,0.001800,0.000200,0.001600,0.006700,0.000900,0.003900,0.020900,0.1479,0.058300,0.082500,0.1655,0.044600,0.1685,0.020500,0.074400,0.000100,0.001700,0.064800,0.009000,0.001300,0.000800,0.025100,0.006000,0.012600,0.001600,0.1512,0.015300,0.046100,0.1919,0.069300,0.001500,0.041800,0.003400,0.016800,0.023100,0.017500,9.5377,0.057900,0.006900,0.000100,0,10.9674,0,0,0,0,0,0,0,50,0,0,0,0,1,1,9,9,2,1,1,4,1,1,1,1,1,1,7,7,1,1,50,9,6,42,76,794,950,0,0,0,0,0,-100,-100,-100,-100,600,1440,107.7673,0,0,-0.000000,-1,0,0,0,1,0,13.7344,5,50,75.1289,13.7344,0,0,48.9844,0,100,0,0,0,0,0,0,0,0,0,0.4012,0.4012,1,0.4012,0.4012,60.3497,8.9635,20141,90,568,135,10872.5273,3604.2891,7254.3555,0,14476.8164,11.4157,2.1413,8.2017,11.4157,2.1413,2.9741,33.3333,5.4199,24.0819,0.000300,0.021900,0.000600,0.000600,0.001400,0.009100,0.000600,0.076200,0.001000,0.021500,0.021300,0.031700,0.3732,0.1906,0.019500,0.006100,0.062800,0,0.045100,0.015500,0.1729,0,0.032200,0.1414,0.015800,0.1052,0.4276,0.6439,0.2860,0.056300,2.0738,0.092100,0.031800,0.039000,0.6865,0.1572,0.002000,0.002600,0.063000,0.2006,0.050200,0.000600,0.6258,973,394980,0,0,0,0,0,0,0,0,0.008600,0,0,0,0,0,0,0,0,0,0,0,0,0,0,0,0,0,0,0,0,0,0,0
,0.023300,0.005500,2,73,0,71,0,0,14,233,29,0,454,3,0,0,13,2,0,0,0,0,0.012400,0,0.3354,0.006800,0.009700,0.001200,0.8852,0.2055,0.056300,0.1344,0.001400,0.022000,0,0,768,256,11229,3565.7148,15494.9102,239.1602,0.001800,4,0.000400,0.010800,0.002700,0.014000,0.1931,0,0,0.065000,0.3329,2.4848,0.065000,0.000300,0.001400,0.000300,0.000200,0.007200,0.007900,0.043700,0.005700,0.032600,0.1030,0.010500,0.006000,1.0867,0.027800,0.009000,0.032900,0.012500,0.019500,0.079000,0.009300,0.084300,0.002100,0.080100,0.008800,0.063700,0.6343,0.005000,2.3136,0.000300,0.1758,0.000700,0.000300,0.029400,0.2944,0.6400,0.026300,0.9833,0.3876,0.001900,0.011700,0.000400,0.034700,0.1075,8.2131,8.7628,13.0955,634,16,0.2500,0,16,3.8438,1,0,0,629,1,0,115,102,13,0,-1,-1,0,-1,-1,13.9904,4.9185,0,1525.2227,1525.2227,1441.5039,95,871,551,322,0,0,0.001000,0,0,0.014800,0.083200,0.000700,0.011600,0.068600,0.037100,0.000900,0.001700,0.000300,0.001800,0.006700,0.001100,0.003700,0.022400,0.1274,0.060000,0.079800,0.1632,0.042800,0.5940,0.016800,0,0.000300,0.001800,0.066500,0.009200,0.001500,0.000600,0.039000,0.006900,0.012800,0.001200,0.1462,0.016900,0.047100,0.2123,0.071900,0.001200,0.048100,0.002400,0.033000,0.022100,0.023300,7.5460,0.071100,0.006600,0.000100,0,11.6209,0,0,0,0,0,0,0,50,0,0,0,0,1,1,9,9,2,1,1,4,1,1,1,1,1,1,7,7,1,1,50,9,6,42,76,794,950,0,0,0,0,0,-100,-100,-100,-100,600,1440,107.7673,0,0,-0.000000,-1,0,0,0,1,0,13.7344,5,50,75.1289,13.7344,0,0,48.9844,0,100,0,0,0,0,0,0,0,0,0,0.4124,0.4124,1,0.4124,0.4124,6.9769,8.9635,20141,90,568,135,10872.5273,3604.2891,7254.3555,0,14476.8164,10.2266,2.4049,7.5605,10.2266,2.4049,2.9791,33.3333,5.5003,23.8493,0.000700,0.021300,0.000500,0.000600,0.001600,0.008300,0.000600,0.074900,0,0.022600,0.021300,0.033600,0.3427,0.1878,0.020400,0.007200,0.062200,0,0.045000,0.013600,0.1645,0,0.032000,0.1347,0.016400,0.092500,0.4289,0.7295,0.3085,0.061400,2.4302,0.094200,0.032700,0.038200,0.6742,0.099200,0.002000,0.002700,0.057300,0.1976,0.050200,0.000700,0.6096,966,397248,0,2367,1322,0,1.3334,0,0.003600,0,0.008100,0,0,0,0,0,0,0,0,0,0,0,0,0,0,0,0,0,0,0,0,0,0,0
,0.014300,0.073900,2,64,0,62,0,0,13,233,43,0,454,3,0,0,12,2,0,0,0,0,0,0.010900,0.3304,0.005100,0.008600,0.001100,0.8812,0.1883,0.057300,0.1332,0,0.041000,0,0,768,256,11229,3565.7148,15494.9102,239.1602,0,6,0.000100,0.008400,0.002200,0.013600,0.7140,0,0,0.072800,0.2196,2.7523,0.059800,0.000200,0.001300,0.000200,0.000300,0.007300,0.007000,0.039000,0.004900,0.031600,0.1223,0.011100,0.006000,0.4527,0.027300,0.009600,0.036900,0.011900,0.019000,0.094100,0.009300,0.083400,0.002000,0.081000,0.009200,0.075400,0.6608,0.006000,2.3809,0.000500,0.1940,0.000500,0.000400,0.031500,0.3029,0.6616,0.022900,0.9043,0.1944,0.002000,0.011700,0.000400,0.034900,0.1733,8.6747,8.7628,13.0955,634,16,0.2500,0,16,3.8438,1,0,0,629,1,0,115,102,13,0,-1,-1,0,-1,-1,13.9904,4.9185,0,1525.2227,1525.2227,1525.0977,95,874,561,322,0,0,0.000900,0,0,0.014400,0.084500,0.000500,0.011700,0.068500,0.043600,0.000800,0.001500,0.000300,0.001500,0.006100,0.000900,0.003600,0.020800,0.1553,0.055700,0.076900,0.1554,0.051200,0.1861,0.026300,0.1041,0.000500,0.001700,0.064000,0.008500,0.001500,0.000500,0.026800,0.006100,0.012500,0.001300,0.1392,0.013800,0.041100,0.2053,0.082900,0.001100,0.021500,0.003600,0.031600,0.024400,0.016200,8.0933,0.061600,0.010200,0.000100,0,10.0514,0,0,0,0,0,0,0,50,0,0,0,0,1,1,9,9,2,1,1,4,1,1,1,1,1,1,7,7,1,1,50,9,6,42,76,794,950,0,0,0,0,0,-100,-100,-100,-100,600,1440,107.7673,0,0,-0.000000,-1,0,0,0,1,0,13.7344,5,50,75.1289,13.7344,0,0,48.9844,0,100,0,0,0,0,0,0,0,0,0,0.4644,0.4644,1,0.4644,0.4644,17.2300,8.9635,20141,90,568,135,10872.5273,3604.2891,7254.3555,0,14476.8164,10.2678,2.2091,7.3214,10.2678,2.2091,2.8250,33.3333,5.8514,23.6656,0.000200,0.023600,0.000500,0.000600,0.001700,0.008900,0.000500,0.074800,0,0.030700,0.020300,0.025700,0.3461,0.2185,0.019500,0.006100,0.066200,0,0.043000,0.012500,0.1628,0,0.032200,0.1352,0.019600,0.1003,0.4273,1.4015,0.3642,0.057400,2.4503,0.094200,0.031800,0.038900,0.6886,0.088100,0.001800,0.002500,0.062500,0.2007,0.049100,0.000700,0.6094,920,384712,0,0,0,0,0,0,0,0,0.008700,0,0,0,0,0,0,0,0,0,0,0,0,0,0,0,0,0,0,0,0,0,0,0
,0.026800,0.005600,0,0,0,0,0,0,0,0,0,0,0,0,0,0,0,0,0,0,0,0,0.007300,0.006400,0.3321,0.007500,0.007800,0.001200,0.9503,0.2085,0.050900,0.1289,0.002000,0.021800,0,1,768,256,11229,3565.7148,15494.9102,239.1602,0.006600,3,0.000100,0.009300,0.002100,0.014600,0.1943,0,0,0.060200,0.3327,2.6310,0.069300,0.000200,0.001400,0.000300,0.000300,0.007000,0.006500,0.041700,0.005100,0.032600,0.099400,0.010600,0.006500,1.9659,0.029500,0.008300,0.035900,0.012200,0.018000,0.081800,0.011500,0.077000,0.002400,0.080900,0.008600,0.076600,0.6100,0.004800,2.3446,0.000300,0.1890,0.000600,0.000400,0.030500,0.3073,1.0242,0.023500,0.9680,0.1418,0.002000,0.012000,0.000500,0.038200,0,8.2781,8.7628,13.0955,634,16,0.2500,0,16,3.8438,1,0,0,629,1,0,115,102,13,0,-1,-1,0,-1,-1,13.9904,4.9185,0,1525.2227,1525.2227,1441.6289,95,875,561,321,0,0,0.001100,0,0,0.016000,0.084300,0.000600,0.011300,0.067600,0.037200,0.000900,0.001500,0.000300,0.001400,0.006000,0.001100,0.004000,0.022500,0.1571,0.053600,0.079100,0.1488,0.041600,0.1945,0.022700,0.1095,0.000200,0.001600,0.063600,0.008500,0.001400,0.000400,0.023400,0.006100,0.012400,0.001300,0.1528,0.014000,0.040700,0.2038,0.068000,0.001100,0.034100,0.002200,0.019100,0.023900,0.024600,7.6487,0.062200,0.006500,0.000100,0,10.2399,0,0,0,0,0,0,0,50,0,0,0,0,1,1,9,9,2,1,1,4,1,1,1,1,1,1,7,7,1,1,50,9,6,42,76,794,950,0,0,0,0,0,-100,-100,-100,-100,600,1440,107.7673,0,0,-0.000000,-1,0,0,0,1,0,13.7344,5,50,75.1289,13.7344,0,0,48.9844,0,100,0,0,0,0,0,0,0,0,0,0.4740,0.4740,1,0.4740,0.4740,27.0348,8.9635,20141,90,568,135,10872.5273,3604.2891,7254.3555,0,14476.8164,9.7865,2.1371,7.3214,9.7865,2.1380,3.0056,33.3333,6.0071,23.3858,0.000200,0.020600,0.000600,0.000800,0.001900,0.006700,0.000500,0.074300,0,0.019400,0.027900,0.040500,0.3510,0.1934,0.018400,0.006100,0.062100,0,0.045800,0.012600,0.2139,0.005100,0.032400,0.1392,0.014800,0.089100,0.4260,0.6887,0.3549,0.057400,2.4659,0.095300,0.031700,0.039300,0.6930,0.064800,0.001900,0.002500,0.060700,0.1947,0.050100,0.000700,0.6363,997,399996,0.052500,0,0,0,0,0,0,0.001100,0.008300,0,0,0,0,0,0,0,0,0,0,0,0,0,0,0,0,0,0,0,0,0,0,0
,0.026700,0.009700,4,132,0,128,0,0,27,466,55,0,908,6,0,0,25,4,0,0,0,0,0.017900,0.015100,0.3397,0.005900,0.009900,0.001100,1.0517,0.1680,0.067600,0.1580,0.001200,0.021500,0,1,768,256,11229,3565.7148,15494.9102,239.1602,0.001000,7,0.000400,0.008800,0.002200,0.014000,0.1846,0,0,0.067400,0.2399,2.5813,0.069600,0.000200,0.001200,0.000300,0.000200,0.006900,0.007900,0.043200,0.005300,0.036000,0.1435,0.010800,0.007400,1.3469,0.029300,0.009000,0.031700,0.012100,0.019400,0.094100,0.012300,0.073500,0.002400,0.1224,0.008200,0.071200,0.6028,0.005400,2.3357,0.000400,0.1837,0.000600,0.000300,0.027600,0.3266,0.6209,0.025600,0.9565,0.1405,0.001900,0.010000,0.000600,0.035900,0,9.7332,8.7628,13.0955,634,16,0.2500,0,16,3.8438,1,0,0,629,1,0,115,102,13,0,-1,-1,0,-1,-1,13.9904,4.9185,0,1525.2227,1525.2227,1525.0977,95,874,561,321,0,0,0.000900,0,0,0.014700,0.082600,0.000700,0.011700,0.073600,0.045100,0.000900,0.001700,0.000300,0.001600,0.006600,0.001000,0.003700,0.022100,0.1825,0.057100,0.081100,0.1567,0.039400,0.1531,0.025600,0.1179,0.000200,0.001600,0.064800,0.008100,0.001300,0.000500,0.026200,0.006200,0.012300,0.001100,0.1468,0.027100,0.041200,0.2130,0.072500,0.001200,0.055100,0.002300,0.032500,0.023400,0.018800,9.1162,0.060900,0.006400,0.000100,0,9.8120,0,0,0,0,0,0,0,50,0,0,0,0,1,1,9,9,2,1,1,4,1,1,1,1,1,1,7,7,1,1,50,9,6,42,76,794,950,0,0,0,0,0,-100,-100,-100,-100,600,1440,107.7673,0,0,-0.000000,-1,0,0,0,1,0,13.7344,5,50,75.1289,13.7344,0,0,48.9844,0,100,0,0,0,0,0,0,0,0,0,0.4743,0.4743,1,0.4743,0.4743,38.3886,8.9635,20141,90,568,135,10872.5273,3604.2891,7254.3555,0,14476.8164,11.3655,2.1784,7.4091,11.3655,2.1802,2.7758,33.3333,5.5722,23.7992,0.000200,0.024600,0.000500,0.000600,0.001800,0.011500,0.000600,0.076500,0,0.017300,0.028900,0.033600,0.3393,0.1857,0.019500,0.006100,0.062100,0,0.043200,0.021600,0.2078,0.005100,0.035000,0.1366,0.015800,0.1095,0.4344,0.6870,0.2875,0.056400,2.0595,0.094200,0.030700,0.048200,0.6950,0.071000,0.001700,0.002400,0.062400,0.2101,0.049100,0.000600,0.9366,998,400608,0,0,0,0,0,0,0,0.002100,0.008700,0,0,0,0,0,0,0,0,0,0,0,0,0,0,0,0,0,0,0,0,0,0,0
,0.015100,0.011000,2,72,0,70,0,0,13,233,44,0,454,3,0,0,12,2,0,0,0,0,0,0.010000,0.3303,0.005000,0.009200,0.000800,0.9085,0.1756,0.055700,0.1303,0.001300,0.021800,0,0,768,256,11229,3565.7148,15494.9102,239.1602,0.002300,4,0.000200,0.007500,0.001700,0.020600,0.1759,0,0,0.079500,0.3817,2.6595,0.068700,0.000200,0.001400,0.000200,0.000400,0.007000,0.008600,0.044000,0.004800,0.032500,0.1497,0.010400,0.006100,0.6347,0.027100,0.008600,0.026000,0.011000,0.018900,0.1149,0.012900,0.087300,0.002200,0.1166,0.008500,0.073400,0.6357,0.005300,2.3732,0.000200,0.1890,0.000600,0.000400,0.030500,0.3061,0.6713,0.027300,0.9771,0.5497,0.003000,0.015600,0.000600,0.039100,0.2910,8.6188,8.7628,13.0955,634,16,0.2500,0,16,3.8438,1,0,0,629,1,0,115,102,13,0,-1,-1,0,-1,-1,13.9904,4.9185,0,1525.2227,1525.2227,1525.0977,95,875,561,321,0,0,0.001000,0,0,0.015700,0.084600,0.000600,0.011800,0.083100,0.044100,0.001000,0.001600,0.000200,0.001800,0.006600,0.001100,0.004100,0.028200,0.1510,0.062700,0.078900,0.1507,0.041300,0.1573,0.017700,0.2306,0.000200,0.001700,0.069200,0.009200,0.001400,0.000700,0.027000,0.006500,0.012600,0.001100,0.1551,0.015900,0.043700,0.2227,0.070400,0.001100,0.055500,0.002500,0.035100,0.023900,0.021000,7.9036,0.057700,0.006900,0.000100,0,11.3749,0,0,0,0,0,0,0,50,0,0,0,0,1,1,9,9,2,1,1,4,1,1,1,1,1,1,7,7,1,1,50,9,6,42,76,794,950,0,0,0,0,0,-100,-100,-100,-100,600,1440,107.7673,0,0,-0.000000,-1,0,0,0,1,0,13.7344,5,50,75.1289,13.7344,0,0,48.9844,0,100,0,0,0,0,0,0,0,0,0,0.4978,0.4978,1,0.4978,0.4978,48.6574,8.9635,20141,90,568,135,10872.5273,3604.2891,7254.3555,0,14476.8164,10.2542,2.3605,7.5001,10.2542,2.3605,3.1341,33.3333,5.4871,23.9430,0.000200,0.020400,0.000500,0.000600,0.001600,0.008700,0.000600,0.076400,0.001100,0.019400,0.020900,0.033100,0.3698,0.1966,0.018400,0.006200,0.061800,0,0.045800,0.025100,0.1969,0.005100,0.032400,0.1408,0.016100,0.093100,0.4304,0.7808,0.3305,0.056400,2.9369,0.097200,0.031800,0.045600,0.6926,0.087000,0.001800,0.002300,0.061400,0.2110,0.049100,0.000600,0.6068,978,396154,0,0,0,0,0,0.094200,0,0,0.007700,0,0,0,0,0,0,0,0,0,0,0,0,0,0,0,0,0,0,0,0,0,0,0
,0.016000,0.009100,2,73,0,71,0,0,14,233,27,0,454,3,0,0,13,2,0,0,0,0,0.038300,0.006800,0.3435,0.004700,0.007700,0.001000,0.8588,0.1966,0.051500,0.1363,0.001000,0.028500,0.001500,0,768,256,11229,3565.7148,15494.9102,239.1602,0.001300,2,0.000100,0.007800,0.001700,0.019100,0.1863,0,0,0.068100,0.3182,2.6869,0.070100,0.000300,0.001400,0.000300,0.000200,0.007000,0.007500,0.042300,0.004800,0.032600,0.1075,0.011900,0.005700,1.1209,0.027900,0.008900,0.037900,0.011500,0.031100,0.083900,0.010500,0.092000,0.002500,0.1196,0.008500,0.076000,0.6033,0.005200,2.3340,0.000200,0.1871,0.000500,0.000400,0.029500,0.3188,0.8839,0.036400,0.8884,1.0079,0.002400,0.012100,0.000600,0.038200,0,9.0974,8.7628,13.0955,634,16,0.2500,0,16,3.8438,1,0,0,629,1,0,115,102,13,0,-1,-1,0,-1,-1,13.9904,4.9185,0,1525.2227,1525.2227,1441.5039,95,875,561,321,0,0,0.000900,0,0,0.018000,0.088400,0.000800,0.014800,0.075800,0.043400,0.001100,0.002000,0.000400,0.001600,0.007200,0.000900,0.004200,0.024400,0.1384,0.059500,0.079500,0.1557,0.045900,0.2144,0.032700,0.062100,0.000200,0.001900,0.066800,0.008800,0.002300,0.000800,0.027000,0.006700,0.013000,0.001000,0.1481,0.016100,0.045300,0.1929,0.070900,0.001200,0.041300,0.002600,0.017900,0.022800,0.016700,8.6068,0.067100,0.006800,0.000200,0,10.2985,0,0,0,0,0,0,0,50,0,0,0,0,1,1,9,9,2,1,1,4,1,1,1,1,1,1,7,7,1,1,50,9,6,42,76,794,950,0,0,0,0,0,-100,-100,-100,-100,600,1440,107.7673,0,0,-0.000000,-1,0,0,0,1,0,13.7344,5,50,75.1289,13.7344,0,0,48.9844,0,100,0,0,0,0,0,0,0,0,0,0.4520,0.4520,1,0.4520,0.4520,59.4983,8.9635,20141,90,568,135,10872.5273,3604.2891,7254.3555,0,14476.8164,10.6990,2.2923,7.9281,10.6990,2.2931,2.8014,33.3333,5.8466,23.6508,0.000200,0.021300,0.000600,0.000600,0.001700,0.008000,0.000500,0.072800,0,0.020500,0.021300,0.043200,0.3420,0.1890,0.020500,0.005100,0.066200,0,0.044200,0.024300,0.1936,0.005200,0.032700,0.1361,0.015600,0.092000,0.4329,0.7809,0.3477,0.056400,2.4690,0.095300,0.030700,0.038900,0.6963,0.070700,0.001800,0.002400,0.060300,0.1936,0.050100,0.000500,0.6060,954,392058,0,0,0,0,0,0,0,0.001000,0.007900,0,0,0,0,0,0,0,0,0,0,0,0,0,0,0,0,0,0,0,0,0,0,0
,0.017600,0.005900,2,60,0,58,0,0,13,233,27,0,454,3,0,0,12,2,0,0,0,0,0.009200,0.003300,0.3233,0.005200,0.009400,0.001100,0.8685,0.1904,0.054500,0.1271,0.002800,0.033400,0,0,768,256,11229,3565.7148,15494.9102,239.1602,0.001200,3,0.000200,0.008400,0.002400,0.019500,0.2162,0,0,0.059700,0.2193,2.5654,0.067100,0.000200,0.001400,0.000200,0.000200,0.008000,0.1234,0.045600,0.004500,0.032600,0.1272,0.010400,0.006200,0.1869,0.027600,0.009300,0.036600,0.012800,0.019400,0.085600,0.009700,0.079100,0.002600,0.1062,0.009500,0.072300,0.5881,0.004500,2.4369,0.000200,0.2150,0.000600,0.000300,0.041800,0.3025,0.6922,0.028100,0.9442,0.5115,0.001900,0.011700,0.000600,0.038100,0,9.6814,8.7628,13.0955,634,16,0.2500,0,16,3.8438,1,0,0,629,1,0,115,102,13,0,-1,-1,0,-1,-1,13.9904,4.9185,0,1525.2227,1525.2227,1525.0977,95,875,561,321,0,0,0.000900,0,0,0.015000,0.081000,0.000600,0.011500,0.067500,0.041500,0.001000,0.001500,0.000200,0.001700,0.006400,0.001000,0.004300,0.022300,0.1452,0.060200,0.083400,0.1485,0.049600,0.2645,0.018300,0,0.000200,0.001500,0.062700,0.008700,0.001100,0.000500,0.023800,0.006200,0.012400,0.001100,0.1408,0.015700,0.042200,0.2149,0.069200,0.001400,0.042100,0.002200,0.035500,0.022600,0.023600,9.1245,0.060000,0.006100,0.000100,0,10.7606,0,0,0,0,0,0,0,50,0,0,0,0,1,1,9,9,2,1,1,4,1,1,1,1,1,1,7,7,1,1,50,9,6,42,76,794,950,0,0,0,0,0,-100,-100,-100,-100,600,1440,107.7673,0,0,-0.000000,-1,0,0,0,1,0,13.7344,5,50,75.1289,13.7344,0,0,48.9844,0,100,0,0,0,0,0,0,0,0,0,0.4303,0.4303,1,0.4303,0.4303,8.8071,8.9635,20141,90,568,135,10872.7812,3604.2891,7254.3555,0,14476.8164,11.3010,2.0952,7.4211,11.3010,2.0952,2.8588,33.3333,5.3691,24.2283,0.000600,0.022500,0.000600,0.000800,0.001400,0.008600,0.000600,0.074500,0.001000,0.019500,0.027600,0.038800,0.3611,0.2010,0.019500,0.005100,0.065900,0,0.046100,0.022200,0.1919,0.006200,0.035100,0.1387,0.015900,0.089500,0.4323,0.7645,0.3324,0.067500,2.4782,0.095300,0.030700,0.038100,0.6970,0.1068,0.002000,0.002600,0.063300,0.2088,0.062500,0.000700,0.6300,964,395142,0,2358,1333,0,1.0780,0,0,0,0.008100,0,0,0,0,0,0,0,0,0,0,0,0,0,0,0,0,0,0,0,0,0,0,0
,0.079900,0.017200,2,64,0,62,0,0,13,233,29,0,454,3,0,0,12,2,0,0,0,0,0,0.006100,0.3533,0.006100,0.009500,0.001200,0.9820,0.2115,0.067100,0.1365,0,0.045400,0,0,768,256,11229,3565.7148,15494.9102,239.1602,0,4,0.000400,0.013100,0.002000,0.017400,0.2071,0,0,0.065400,0.2579,2.6743,0.074100,0.000400,0.001200,0.000200,0.000500,0.007900,0.006200,0.047100,0.005900,0.033000,0.1374,0.011900,0.005900,1.1316,0.031400,0.010100,0.044700,0.012200,0.020000,0.090100,0.010600,0.080000,0.002400,0.1015,0.008100,0.071200,0.5867,0.005100,2.4474,0.000200,0.2016,0.000600,0.000400,0.029100,0.3693,0.6843,0.024700,0.9326,0.1935,0.002200,0.010000,0.000400,0.051600,0.1810,8.0470,8.7628,13.0955,634,16,0.2500,0,16,3.8438,1,0,0,629,1,0,115,102,13,0,-1,-1,0,-1,-1,13.9904,4.9185,0,1525.2227,1525.2227,1525.0977,95,874,561,321,0,0,0.001000,0,0,0.014500,0.083400,0.000600,0.012000,0.070900,0.042400,0.001100,0.002000,0.000200,0.001700,0.006800,0.001000,0.004000,0.023200,0.1398,0.058500,0.081100,0.1552,0.054200,0.2299,0.019900,0.074700,0.000200,0.005200,0.065000,0.009300,0.001500,0.000600,0.025100,0.006600,0.012400,0.001100,0.1418,0.017100,0.043200,0.2059,0.069500,0.001100,0.042300,0.002400,0.032000,0.022000,0.017700,7.4466,0.059500,0.006600,0.000100,0,11.2921,0,0,0,0,0,0,0,50,0,0,0,0,1,1,9,9,2,1,1,4,1,1,1,1,1,1,7,7,1,1,50,9,6,42,76,794,950,0,0,0,0,0,-100,-100,-100,-100,600,1440,107.7673,0,0,-0.000000,-1,0,0,0,1,0,13.7344,5,50,75.1289,13.7344,0,0,48.9844,0,100,0,0,0,0,0,0,0,0,0,0.4527,0.4527,1,0.4527,0.4527,18.4830,8.9635,20141,90,568,135,10872.7812,3604.2891,7254.3555,0,14477.0703,9.7672,2.2300,7.4701,9.7672,2.2309,2.9458,33.3333,5.8931,23.2592,0.000600,0.019800,0.000600,0.000700,0.001700,0.007400,0.000600,0.072300,0,0.020400,0.041800,0.037900,0.3440,0.1843,0.019400,0.005100,0.062000,0,0.046500,0.007800,0.1945,0.005100,0.033100,0.1415,0.015000,0.091000,0.4251,0.6991,0.3541,0.059500,2.4607,0.094200,0.031800,0.038900,1.1198,0.099900,0.001900,0.002500,0.064700,0.2130,0.047100,0.000600,0.6356,932,386866,0,0,0,0,0,0,0,0.001000,0.008100,0,0,0,0,0,0,0,0,0,0,0,0,0,0,0,0,0,0,0,0,0,0,0
,0.015000,0.083700,2,57,0,55,0,0,13,233,11,0,454,3,0,0,12,2,0,0,0,0,0.016100,0.007700,0.3312,0.005800,0.009200,0.001200,0.8918,0.1944,0.056700,0.1707,0.002100,0.030000,0,1,768,256,11229,3565.7148,15494.9102,239.1602,0.003300,3,0.000100,0.008500,0.002200,0.019400,0.1876,0,0,0.063800,0.2851,2.7802,0.068100,0.000200,0.001300,0.000200,0.000300,0.006500,0.006900,0.050900,0.005500,0.038300,0.6120,0.011200,0.005600,0.6642,0.028100,0.008500,0.031700,0.012300,0.019300,0.1068,0.012200,0.080000,0.002400,0.1149,0.008800,0.075800,0.6321,0.005600,2.4204,0.000200,0.1957,0.000500,0.000300,0.029800,0.3305,0.7125,0.025200,0.9717,0.9343,0.001900,0.013000,0.000600,0.050300,0.039300,7.5899,8.7628,13.0955,634,16,0.2500,0,16,3.8438,1,0,0,629,1,0,115,102,13,0,-1,-1,0,-1,-1,13.9904,4.9185,0,1525.2227,1525.2227,1441.5039,95,874,561,321,0,0,0.001100,0,0,0.014300,0.083300,0.000500,0.011100,0.082100,0.047500,0.001000,0.001700,0.000200,0.001800,0.006500,0.000900,0.004400,0.024700,0.1632,0.061800,0.1001,0.1678,0.048200,0.1891,0.020700,1.4271,0.000400,0.001900,0.073200,0.011100,0.002000,0.000400,0.032900,0.006900,0.015300,0.001200,0.1540,0.014200,0.059000,0.1983,0.070400,0.001400,0.025100,0.002900,0.017400,0.024100,0.023900,7.0371,0.060900,0.006800,0.000200,0,9.6485,0,0,0,0,0,0,0,50,0,0,0,0,1,1,9,9,2,1,1,4,1,1,1,1,1,1,7,7,1,1,50,9,6,42,76,794,950,0,0,0,0,0,-100,-100,-100,-100,600,1440,107.7673,0,0,-0.000000,-1,0,0,0,1,0,13.7344,5,50,75.1289,13.7344,0,0,48.9844,0,100,0,0,0,0,0,0,0,0,0,1.7831,1.7831,1,1.7831,1.7831,29.1186,8.9635,20141,90,568,135,10872.7812,3604.2891,7254.3555,0,14477.0703,10.6081,3.5969,7.8482,10.6081,3.5969,2.9464,33.3333,5.4797,23.1156,0.000300,0.021600,0.000500,0.000600,0.001700,0.010600,0.000600,0.085800,0,0.017400,0.030300,0.032600,0.3622,0.2973,0.019500,0.004100,0.062500,0,0.047300,0.009100,0.1805,0.005100,0.032800,0.1414,0.018100,0.098700,0.4241,0.7198,0.3866,0.056300,2.0534,0.093200,0.031700,0.038100,0.6929,0.087000,0.001900,0.002500,0.061900,0.1988,0.050200,0.000600,0.6259,920,384990,0,0,0,0,0,0,0.003500,0,0.009100,0,0,0,0,0,0,0,0,0,0,0,0,0,0,0,0,0,0,0,0,0,0,0
,0.015000,0.016200,2,54,0,52,0,0,13,233,10,0,454,3,0,0,12,2,0,0,0,0,0.008700,0.002300,0.3532,0.005800,0.009200,0.001100,0.9809,0.1626,0.053100,0.1392,0.001400,0.7047,0,1,768,256,11229,3565.7148,15494.9102,239.1602,0.001300,2,0.000200,0.008800,0.002400,0.018200,0.1790,0,0,0.063300,0.2332,2.5990,0.1109,0.000400,0.001500,0.000200,0.000200,0.007200,0.007700,0.050500,0.005200,0.033600,0.1123,0.011200,0.006200,0.9225,0.028700,0.025900,0.039300,0.012400,0.019800,0.1014,0.010600,0.082600,0.002600,0.088700,0.009200,0.074600,0.6010,0.004700,2.3369,0.000400,0.2243,0.000600,0.000300,0.034600,0.3364,0.7306,0.023800,0.9456,0.1190,0.002000,0.010500,0.000500,0.035800,0,9.7919,8.7628,13.0955,634,16,0.2500,0,16,3.8438,1,0,0,629,1,0,115,102,13,0,-1,-1,0,-1,-1,13.9904,4.9185,0,1525.2227,1525.2227,1525.0977,95,880,561,321,0,0,0.001200,0,0,0.015100,0.079100,0.000700,0.011500,0.068300,0.040200,0.000900,0.001600,0.000300,0.001500,0.006300,0.000800,0.004000,0.022900,0.1423,0.057100,0.083000,0.1610,0.045400,0.1473,0.018400,0.1594,0.000100,0.001700,0.061100,0.008800,0.001500,0.000500,0.025600,0.006400,0.011500,0.001100,0.1422,0.017700,0.041200,0.2075,0.067900,0.001500,0.030200,0.002900,0.032600,0.022500,0.017000,9.2425,0.062800,0.006900,0.000100,0,10.6471,0,0,0,0,0,0,0,50,0,0,0,0,1,1,9,9,2,1,1,4,1,1,1,1,1,1,7,7,1,1,50,9,6,42,76,794,950,0,0,0,0,0,-100,-100,-100,-100,600,1440,107.7673,0,0,-0.000000,-1,0,0,0,1,0,13.7344,5,50,75.1289,13.7344,0,0,48.9844,0,100,0,0,0,0,0,0,0,0,0,0.4297,0.4297,1,0.4297,0.4297,40.5384,8.9635,20141,90,568,135,10873.6094,3604.2891,7254.3555,0,14477.0703,11.4274,2.1923,7.3123,11.4274,2.1923,3.0076,33.3333,5.8231,23.2663,0.000200,0.022600,0.000700,0.000800,0.001700,0.007700,0.000700,0.072300,0.001100,0.020500,0.022800,0.035500,0.3553,0.1929,0.022500,0.006100,0.065400,0,0.047400,0.008700,0.1931,0.005200,0.032200,0.1377,0.016200,0.091200,0.4279,1.6070,0.3103,0.057400,2.1411,0.093200,0.035800,0.040500,0.6883,0.078600,0.002100,0.002500,0.062600,0.1996,0.049100,0.000700,0.6071,1001,403498,0.053600,0,0,0,0,0,0.004000,0,0.008800,0,0,0,0,0,0,0,0,0,0,0,0,0,0,0,0,0,0,0,0,0,0,0
,0.014500,0.016200,2,77,0,75,0,0,14,233,42,0,454,3,0,0,13,2,0,0,0,0,0.009400,0.008500,0.3294,0.006600,0.008200,0.001000,0.9027,0.1983,0.054200,0.1324,0.000900,0.030200,0,0,768,256,11229,3565.7148,15494.9102,239.1602,0.001900,2,0.000100,0.008500,0.002600,0.018900,0.1917,0,0,0.062700,0.2913,2.7166,0.065300,0.000200,0.001200,0.000200,0.000300,0.006300,0.007000,0.050500,0.005200,0.035500,0.1152,0.011500,0.006800,0.3369,0.028800,0.010000,0.033600,0.011700,0.018500,0.1249,0.009700,0.072100,0.002600,0.078600,0.008500,0.068100,0.6220,0.005500,2.4365,0.000200,0.2017,0.000700,0.000400,0.030300,0.3826,0.7451,0.029400,0.9918,0.1880,0.002200,0.011100,0.000500,0.038100,0.8089,7.7864,8.7628,13.0955,634,16,0.2500,0,16,3.8438,1,0,0,629,1,0,115,102,13,0,-1,-1,0,-1,-1,13.9904,4.9185,0,1525.2227,1525.2227,1525.0977,95,870,551,322,0,0,0.001000,0,0,0.015700,0.087200,0.000500,0.013100,0.076000,0.042500,0.001000,0.001600,0.000100,0.001400,0.006000,0.001000,0.003700,0.023700,0.1404,0.061800,0.085100,0.1541,0.038100,0.1982,0.053300,0.6033,0.000200,0.001800,0.069900,0.010500,0.001800,0.000600,0.029500,0.006500,0.012800,0.001300,0.1460,0.015300,0.043300,0.2161,0.075600,0.001200,0.045100,0.001700,0.036200,0.023700,0.020800,7.2372,0.059400,0.018500,0,0.004500,11.4649,0,0,0,0,0,0,0,50,0,0,0,0,1,1,9,9,2,1,1,4,1,1,1,1,1,1,7,7,1,1,50,9,6,42,76,794,950,0,0,0,0,0,-100,-100,-100,-100,600,1440,107.7673,0,0,-0.000000,-1,0,0,0,1,0,13.7344,5,50,75.1289,13.7344,0,0,48.9844,0,100,0,0,0,0,0,0,0,0,0,0.9497,0.9497,1,0.9497,0.9497,50.5961,8.9635,20141,90,568,135,10873.6094,3604.2891,7254.3555,0,14477.8984,10.0059,2.7834,8.1850,10.0059,2.7834,3.0953,33.3333,5.3376,23.5524,0.000200,0.021500,0.000600,0.000700,0.001900,0.009600,0.000600,0.075700,0,0.021500,0.020600,0.025800,0.3566,0.3027,0.019500,0.005100,0.062800,0,0.046000,0.018600,0.1948,0.005200,0.032100,0.1406,0.015100,0.090400,0.4354,0.7112,0.3855,0.055200,2.1032,0.093200,0.031800,0.039600,0.6967,0.090400,0.001800,0.003100,0.063400,0.2252,0.051200,0.000600,0.6178,931,386876,0,0,0,0,0,0.034900,0.001200,0,0.008800,0,0,0,0,0,0,0,0,0,0,0,0,0,0,0,0,0,0,0,0,0,0,0
,0.021600,0.008300,2,57,0,55,0,0,13,233,12,0,454,3,0,0,12,2,0,0,0,0,0.009100,0.012600,0.3691,0.006000,0.009200,0.000900,0.8902,0.1847,0.091000,0.1367,0.001100,0.027200,0,1,768,256,11229,3565.7148,15494.9102,239.1602,0.001200,3,0.000400,0.011800,0.002300,0.014700,0.1854,0,0,0.065900,0.2804,2.7381,0.070400,0.000200,0.001400,0.000200,0.000400,0.006900,0.008600,0.051500,0.005300,0.036300,0.1338,0.012000,0.006000,1.1904,0.028300,0.008600,0.031500,0.011900,0.020000,0.086200,0.011100,0.1197,0.002600,0.1108,0.009800,0.074300,0.6196,0.005600,2.3900,0.000400,0.1944,0.000500,0.000600,0.030400,0.3158,0.8406,0.022800,0.9169,0.1471,0.001900,0.010400,0.000500,0.035200,0.4489,8.9918,8.7628,13.0955,634,16,0.2500,0,16,3.8438,1,0,0,629,1,0,115,102,13,0,-1,-1,0,-1,-1,13.9904,4.9185,0,1525.2227,1525.2227,1441.5039,95,873,561,322,0,0,0.000900,0,0,0.014800,0.081300,0.000600,0.012100,0.070100,0.038300,0.000800,0.002000,0.000400,0.001700,0.006500,0.001100,0.003900,0.021900,0.1668,0.054900,0.078000,0.1516,0.045100,0.1797,0.026500,0.1205,0.000300,0.001800,0.069700,0.009100,0.001700,0.000600,0.028400,0.007100,0.012400,0.001300,0.1345,0.017100,0.050900,0.2211,0.069500,0.001200,0.040400,0.002100,0.018200,0.025700,0.018300,8.4387,0.065900,0.006700,0.000100,0,10.0191,0,0,0,0,0,0,0,50,0,0,0,0,1,1,9,9,2,1,1,4,1,1,1,1,1,1,7,7,1,1,50,9,6,42,76,794,950,0,0,0,0,0,-100,-100,-100,-100,600,1440,107.7673,0,0,-0.000000,-1,0,0,0,1,0,13.7344,5,50,75.1289,13.7344,0,0,48.9844,0,100,0,0,0,0,0,0,0,0,0,0.4879,0.4879,1,0.4879,0.4879,61.2755,8.9635,20141,90,568,135,10873.9023,3604.2891,7254.3555,0,14477.8984,10.6537,2.2402,8.1850,10.6537,2.2402,2.9474,33.3333,5.6267,22.7200,0.000300,0.021700,0.000600,0.001100,0.001700,0.009900,0.000600,0.075300,0,0.018400,0.020700,0.041700,0.3494,0.2968,0.019500,0.006100,0.060900,0,0.049400,0.011100,0.1854,0,0.032700,0.1540,0.014600,0.089100,0.4371,0.7055,0.3927,0.055200,2.0644,0.093200,0.030700,0.039400,0.6859,0.086200,0.002100,0.002300,0.064100,0.1976,0.050100,0.000600,0.6145,1015,407040,0,0,0,0,0,0,0.010700,0,0.008700,0,0,0,0,0,0,0,0,0,0,0,0,0,0,0,0,0,0,0,0,0,0,0
,0.016300,0.005800,2,80,0,78,0,0,14,233,57,0,454,3,0,0,13,2,0,0,0,0,0,0.009500,0.3467,0.005500,0.009700,0.001100,0.9547,0.2037,0.057400,0.1394,0,0.034400,0,0,768,256,11229,3565.7148,15494.9102,239.1602,0,3,0.000400,0.019200,0.002200,0.013100,0.2020,0,0,0.068900,0.2216,2.6703,0.067300,0.000300,0.001100,0.000200,0.000300,0.007300,0.008300,0.042600,0.004600,0.033700,0.3936,0.011000,0.006400,0.2836,0.026800,0.009100,0.028800,0.011400,0.019500,0.076400,0.009700,0.080700,0.002300,0.087200,0.008700,0.074200,0.6200,0.005900,2.3864,0.000200,0.1982,0.000700,0.000300,0.031200,0.3231,0.6453,0.024300,0.9378,0.1074,0.001800,0.010800,0.000500,0.035200,0.2588,9.3921,8.7628,13.0955,634,16,0.2500,0,16,3.8438,1,0,0,629,1,0,115,102,13,0,-1,-1,0,-1,-1,13.9904,4.9185,0,1525.2227,1525.2227,1525.0977,95,875,561,322,0,0,0.001200,0,0,0.015200,0.099300,0.000500,0.011900,0.068000,0.044000,0.000900,0.001700,0.000200,0.001700,0.006700,0.000900,0.003900,0.022000,0.1742,0.057300,0.075000,0.1559,0.041800,0.1881,0.032800,0.063800,0.000400,0.001800,0.062900,0.008600,0.001100,0.000500,0.024800,0.006500,0.011800,0.001300,0.1479,0.013600,0.039500,0.2281,0.074000,0.001300,0.040600,0.002500,0.036300,0.023300,0.030000,8.2093,0.062100,0.006500,0.000100,0,10.7004,0,0,0,0,0,0,0,50,0,0,0,0,1,1,9,9,2,1,1,4,1,1,1,1,1,1,7,7,1,1,50,9,6,42,76,794,950,0,0,0,0,0,-100,-100,-100,-100,600,1440,107.7673,0,0,-0.000000,-1,0,0,0,1,0,13.7344,5,50,75.1289,13.7344,0,0,48.9844,0,100,0,0,0,0,0,0,0,0,0,0.4255,0.4255,1,0.4255,0.4255,8.3694,8.9635,20141,90,568,135,10874.2227,3604.2891,7254.3555,0,14478.1914,11.0787,2.2196,7.3611,11.0787,2.2208,3.1293,33.3333,5.7117,22.4669,0.000600,0.020700,0.000500,0.000700,0.001600,0.008900,0.000600,0.076300,0,0.018500,0.019900,0.032600,0.3507,0.1830,0.019400,0.004100,0.062200,0,0.045600,0.010900,0.1937,0.005200,0.033000,0.1404,0.016200,0.095300,0.4208,0.7022,0.8169,0.056400,2.0938,0.095200,0.030800,0.038700,0.6937,0.064300,0.002200,0.002400,0.061600,0.1966,0.049200,0.000600,0.5990,921,385024,0,2378,1329,0,1.2684,0,0,0.001400,0.008100,0,0,0,0,0,0,0,0,0,0,0,0,0,0,0,0,0,0,0,0,0,0,0
,0.018000,0.006000,0,0,0,0,0,0,0,0,0,0,0,0,0,0,0,0,0,0,0,0,0.008700,0.040500,0.3261,0.007400,0.008900,0.000900,0.8510,0.1844,0.053100,0.1255,0.002800,0.026700,0.001500,1,768,256,11229,3565.7148,15494.9102,239.1602,0.002800,5,0,0.007800,0.001600,0.013400,0.1734,0,0,0.055700,0.2509,2.5654,0.065500,0.000300,0.001500,0.000200,0.000500,0.007600,0.007900,0.044000,0.006000,0.033600,0.1351,0.011000,0.006300,1.3060,0.027200,0.009100,0.035500,0.012200,0.019300,0.080300,0.009900,0.084800,0.002200,0.079200,0.008900,0.068600,0.5930,0.004600,2.2930,0.000200,0.1795,0.000500,0.000300,0.028700,0.3567,0.6861,0.025800,0.9213,0.1437,0.002100,0.010400,0.000800,0.034000,0.2042,7.5936,8.7628,13.0955,634,16,0.2500,0,16,3.8438,1,0,0,629,1,0,115,102,13,0,-1,-1,0,-1,-1,13.9904,4.9185,0,1525.2227,1525.2227,1525.0977,95,873,561,322,0,0,0.001700,0,0,0.014900,0.083100,0.000700,0.012600,0.074500,0.041800,0.000700,0.001900,0.000400,0.001700,0.007000,0.001700,0.004100,0.025100,0.1631,0.060200,0.084000,0.1592,0.047200,0.1824,0.025500,0.5811,0.000200,0.001600,0.066800,0.009700,0.001500,0.000700,0.028600,0.007100,0.012900,0.001400,0.1467,0.015200,0.041200,0.2134,0.071000,0.001300,0.040500,0.002300,0.034700,0.023600,0.024500,7.0297,0.056900,0.007200,0.000100,0,11.0346,0,0,0,0,0,0,0,50,0,0,0,0,1,1,9,9,2,1,1,4,1,1,1,1,1,1,7,7,1,1,50,9,6,42,76,794,950,0,0,0,0,0,-100,-100,-100,-100,600,1440,107.7673,0,0,-0.000000,-1,0,0,0,1,0,13.7344,5,50,75.1289,13.7344,0,0,48.9844,0,100,0,0,0,0,0,0,0,0,0,0.6275,0.6275,1,0.6275,0.6275,18.1253,8.9635,20141,90,568,135,10874.2734,3604.2891,7254.3555,0,14478.5117,9.8024,3.3601,7.3611,9.8024,3.3611,3.0102,33.3333,5.7490,23.4875,0.000600,0.022600,0.000500,0.000600,0.001700,0.008700,0.000600,0.073600,0,0.020500,0.031000,0.037700,0.3495,0.1871,0.019500,0.006100,0.064200,0,0.045600,0.011500,0.1886,0.005100,0.031800,0.1372,0.015300,0.090500,0.4255,0.7345,0.3460,0.056400,2.4671,0.094200,0.031700,0.040900,0.6883,0.1034,0.002000,0.002400,0.062600,0.1988,0.050100,0.000600,0.5970,1000,402816,0,0,0,0,0,0,0,0.001200,0.008000,0,0,0,0,0,0,0,0,0,0,0,0,0,0,0,0,0,0,0,0,0,0,0
,0.019300,0.006900,4,127,0,123,0,0,27,466,54,0,908,6,0,0,25,4,0,0,0,0,0.018900,0,0.3398,0.007400,0.009900,0.001400,0.8997,0.2146,0.053400,0.1323,0.001300,0.028000,0.008000,1,768,256,11229,3565.7148,15494.9102,239.1602,0.001800,4,0.000400,0.011900,0.002500,0.014300,0.1847,0,0,0.057600,0.2251,2.7059,0.072100,0.000200,0.001100,0.000200,0.000300,0.005900,0.007700,0.051200,0.005700,0.033900,0.1406,0.012500,0.006600,1.5902,0.029000,0.008800,0.046100,0.012500,0.019600,0.079100,0.008300,0.067300,0.002200,0.077700,0.010800,0.082400,0.6371,0.005600,2.4078,0.000400,0.2006,0.000500,0.000400,0.029900,0.3185,0.6117,0.024900,0.9845,0.1544,0.001700,0.011100,0.000500,0.034100,0.3769,8.8651,8.7628,13.0955,634,16,0.2500,0,16,3.8438,1,0,0,629,1,0,115,102,13,0,-1,-1,0,-1,-1,13.9904,4.9185,0,1525.2227,1525.2227,1525.0977,95,873,561,322,0,0,0.000900,0,0,0.015600,0.081500,0.000600,0.013600,0.074500,0.039500,0.000900,0.001700,0.000300,0.001700,0.006400,0.001300,0.003500,0.023400,0.1420,0.054200,0.075600,0.1638,0.051300,0.2081,0.019400,0.045300,0.000300,0.001700,0.064500,0.008500,0.001200,0.000500,0.029100,0.007100,0.012200,0.001200,0.1469,0.016900,0.045600,0.1922,0.070200,0.001200,0.041600,0.002700,0.017200,0.025000,0.018300,8.2989,0.061500,0.006600,0.000100,0,9.6871,0,0,0,0,0,0,0,50,0,0,0,0,1,1,9,9,2,1,1,4,1,1,1,1,1,1,7,7,1,1,50,9,6,42,76,794,950,0,0,0,0,0,-100,-100,-100,-100,600,1440,107.7673,0,0,-0.000000,-1,0,0,0,1,0,13.7344,5,50,75.1289,13.7344,0,0,48.9844,0,100,0,0,0,0,0,0,0,0,0,0.4300,0.4300,1,0.4300,0.4300,28.5080,8.9635,20141,90,568,135,10874.2734,3604.2891,7254.3555,0,14478.5625,10.3659,2.0965,7.3339,10.3659,2.0965,2.7762,33.3333,5.5861,24.0841,0.000200,0.022900,0.000600,0.000600,0.001800,0.012000,0.000600,0.075400,0,0.017400,0.027500,0.035100,0.3480,0.2197,0.021500,0.006100,0.066400,0,0.043700,0.011400,0.1885,0.005100,0.032300,0.1414,0.017300,0.1007,0.4276,0.7542,0.3431,0.058400,2.4504,0.095200,0.031800,0.038300,0.6901,0.067200,0.002000,0.002600,0.062000,0.1966,0.049100,0.000700,0.6617,956,393264,0,0,0,0,0,0,0,0,0.008700,0,0,0,0,0,0,0,0,0,0,0,0,0,0,0,0,0,0,0,0,0,0,0
,0.014400,0.016700,2,64,0,62,0,0,13,233,28,0,454,3,0,0,12,2,0,0,0,0,0,0.001600,0.3358,0.005800,0.009300,0.000900,0.8514,0.1848,0.054300,0.1318,0.000800,0.031500,0,0,768,256,11229,3565.7148,15494.9102,239.1602,0,5,0.000400,0.013200,0.002000,0.013900,0.1858,0,0,0.055600,0.3303,2.7000,0.076100,0.000300,0.001500,0.000300,0.000300,0.008200,0.007600,0.054000,0.006000,0.035300,0.1434,0.011600,0.006500,0.7194,0.032600,0.009200,0.029200,0.011600,0.020500,0.1090,0.010200,0.081500,0.002500,0.083300,0.008400,0.074500,0.6356,0.005100,2.5110,0.000300,0.2596,0.000500,0.000700,0.097300,0.3162,0.6618,0.025700,0.9228,0.7638,0.002400,0.010100,0.000600,0.093400,0.1727,9.5218,8.7628,13.0955,634,16,0.2500,0,16,3.8438,1,0,0,629,1,0,115,102,13,0,-1,-1,0,-1,-1,13.9904,4.9185,0,1525.2227,1525.2227,1441.6289,95,870,551,322,0,0,0.000900,0,0,0.015600,0.081700,0.000700,0.013500,0.074000,0.043100,0.001000,0.001700,0.000400,0.001500,0.006300,0.001200,0.004100,0.024000,0.1412,0.060800,0.079900,0.1549,0.046900,0.1962,0.029700,0.058400,0.000400,0.001600,0.064900,0.009100,0.001700,0.000800,0.027200,0.006500,0.012300,0.001200,0.1414,0.016300,0.041300,0.2090,0.068400,0.001200,0.021800,0.003200,0.035100,0.022700,0.018200,8.9702,0.065000,0.006400,0.000100,0,10.4433,0,0,0,0,0,0,0,50,0,0,0,0,1,1,9,9,2,1,1,4,1,1,1,1,1,1,7,7,1,1,50,9,6,42,76,794,950,0,0,0,0,0,-100,-100,-100,-100,600,1440,107.7673,0,0,-0.000000,-1,0,0,0,1,0,13.7344,5,50,75.1289,13.7344,0,0,48.9844,0,100,0,0,0,0,0,0,0,0,0,0.4300,0.4300,1,0.4300,0.4300,39.6354,8.9635,20141,90,568,135,10874.3594,3604.2891,7254.3555,0,14478.5625,11.1400,2.1591,7.3546,11.1400,2.1601,2.9893,33.3333,5.3412,23.8128,0.000200,0.022900,0.000600,0.000600,0.001600,0.007800,0.000600,0.073300,0,0.019500,0.027500,0.040400,0.3579,0.1976,0.019400,0.005100,0.067300,0,0.044500,0.015100,0.1667,0.006200,0.030900,0.1371,0.015500,0.089200,0.4293,0.7585,0.3423,0.057400,3.4184,0.095200,0.031800,0.039300,0.6879,0.079900,0.002000,0.002600,0.061200,0.1945,0.050200,0.000600,0.6056,927,385692,0,0,0,0,0,0.065000,0.003800,0.001200,0.009100,0,0,0,0,0,0,0,0,0,0,0,0,0,0,0,0,0,0,0,0,0,0,0
,0.014700,0.006300,2,57,0,55,0,0,13,233,13,0,454,3,0,0,12,2,0,0,0,0,0.018900,0.009800,0.3371,0.006500,0.010500,0.001000,0.8897,0.2097,0.054100,0.1309,0.001100,0.044700,0.002000,0,768,256,11229,3565.7148,15494.9102,239.1602,0.004600,3,0,0.008600,0.002100,0.013000,0.1877,0,0,0.069600,0.2146,2.7037,0.061400,0.000200,0.001100,0.000200,0.000200,0.007900,0.007900,0.041500,0.004900,0.035000,0.1085,0.011100,0.005700,0.1553,0.028100,0.009300,0.041100,0.011600,0.019500,0.1069,0.011200,0.079200,0.002400,0.083900,0.010100,0.074100,0.6873,0.006000,2.5805,0.000400,0.2079,0.000500,0.000500,0.030500,0.3233,0.6158,0.024300,0.9620,0.1587,0.002100,0.010100,0.000600,0.034900,0,9.5535,8.7628,13.0955,634,16,0.2500,0,16,3.8438,1,0,0,629,1,0,115,102,13,0,-1,-1,0,-1,-1,13.9904,4.9185,0,1525.2227,1525.2227,1525.0977,95,871,551,322,0,0,0.000900,0,0,0.017500,0.089200,0.000800,0.014900,0.075000,0.045700,0.001000,0.001600,0.000300,0.001800,0.006900,0.001400,0.003800,0.023700,0.1507,0.057700,0.082100,0.1686,0.045700,0.1894,0.033900,0.064300,0.000200,0.005800,0.065100,0.008800,0.001200,0.000500,0.025000,0.006300,0.012200,0.001200,0.1504,0.017700,0.046200,0.2247,0.072400,0.001400,0.036600,0.002500,0.034800,0.025800,0.018900,8.9295,0.071400,0.006900,0.000100,0,11.0460,0,0,0,0,0,0,0,50,0,0,0,0,1,1,9,9,2,1,1,4,1,1,1,1,1,1,7,7,1,1,50,9,6,42,76,794,950,0,0,0,0,0,-100,-100,-100,-100,600,1440,107.7673,0,0,-0.000000,-1,0,0,0,1,0,13.7344,5,50,75.1289,13.7344,0,0,48.9844,0,100,0,0,0,0,0,0,0,0,0,0.4393,0.4393,1,0.4393,0.4393,50.7558,8.9635,20141,90,568,135,10874.3555,3604.2891,7254.3555,0,14478.6484,11.1232,2.1246,8.3144,11.1232,2.1246,2.9545,33.3333,6.0039,20.9868,0.000200,0.022000,0.000500,0.001300,0.002100,0.008200,0.000600,0.072900,0.001100,0.022500,0.022000,0.043300,0.3497,0.1982,0.020500,0.006200,0.067400,0,0.044100,0.014300,0.1939,0,0.032000,0.1320,0.016400,0.090100,0.4263,0.7270,0.3085,0.060400,2.4707,0.095200,0.030700,0.038100,0.6904,0.087800,0.001900,0.002500,0.060000,0.1965,0.050200,0.000700,0.5984,991,399060,0.049800,0,0,0,0,0.2897,0.003500,0,0.008000,0,0,0,0,0,0,0,0,0,0,0,0,0,0,0,0,0,0,0,0,0,0,0
,0.020700,0.007000,2,75,0,73,0,0,14,233,43,0,454,3,0,0,13,2,0,0,0,0,0,0.014200,0.3400,0.006400,0.009500,0.001100,0.8730,0.1844,0.050700,0.1273,0.003000,0.039400,0.002600,1,768,256,11229,3565.7148,15494.9102,239.1602,0.001500,3,0.000100,0.009200,0.002200,0.015700,0.1846,0,0,0.058500,0.3106,2.6062,0.080000,0.000200,0.001400,0.000200,0.000300,0.007000,0.008600,0.047600,0.006700,0.037200,0.1087,0.013000,0.007300,1.5986,0.031700,0.008400,0.047000,0.011400,0.020700,0.081900,0.012200,0.080200,0.002800,0.082600,0.008800,0.070500,0.6226,0.004800,2.3426,0.000300,0.1873,0.000600,0.000300,0.030900,0.3011,0.8840,0.024600,0.9260,0.1190,0.001800,0.010100,0.000500,0.034300,0.3117,7.9858,8.7628,13.0955,634,16,0.2500,0,16,3.8438,1,0,0,629,1,0,115,102,13,0,-1,-1,0,-1,-1,13.9904,4.9185,0,1525.2227,1525.2227,1441.5039,95,871,551,322,0,0,0.001000,0,0,0.015100,0.088800,0.000600,0.011800,0.076100,0.040900,0.001000,0.002300,0.000200,0.001900,0.007200,0.001100,0.004200,0.022700,0.1265,0.062000,0.078500,0.1666,0.039600,0.5287,0.015200,0,0.000300,0.001700,0.067300,0.009600,0.001700,0.000600,0.029300,0.006900,0.013100,0.001200,0.1528,0.016400,0.042200,0.2290,0.075700,0.001200,0.047700,0.001900,0.020700,0.027100,0.024900,7.3312,0.057600,0.006500,0.000200,0,11.2266,0,0,0,0,0,0,0,50,0,0,0,0,1,1,9,9,2,1,1,4,1,1,1,1,1,1,7,7,1,1,50,9,6,42,76,794,950,0,0,0,0,0,-100,-100,-100,-100,600,1440,107.7673,0,0,-0.000000,-1,0,0,0,1,0,13.7344,5,50,75.1289,13.7344,0,0,48.9844,0,100,0,0,0,0,0,0,0,0,0,0.4411,0.4411,1,0.4411,0.4411,60.5827,8.9635,20141,90,568,135,10874.3555,3604.2891,7254.3555,0,14478.6445,9.8021,2.5019,7.4010,9.8021,2.5019,3.2192,33.3333,5.4452,22.6464,0.000200,0.021100,0.000600,0.000700,0.001700,0.008000,0.000700,0.072900,0,0.019500,0.029600,0.034000,0.9219,0.3127,0.021500,0.006100,0.066900,0,0.045600,0.013400,0.6222,0,0.042900,0.1817,0.017200,0.1030,0.4322,0.6983,0.3827,0.063500,2.0683,0.093200,0.031700,0.038300,0.6913,0.099200,0.001800,0.002600,0.059700,0.1946,0.049200,0.000600,0.6264,985,397472,0,0,0,0,0,0,0,0,0.008700,0,0,0,0,0,0,0,0,0,0,0,0,0,0,0,0,0,0,0,0,0,0,0
,0.013900,0.009500,2,73,0,71,0,0,13,233,44,0,454,3,0,0,12,2,0,0,0,0,0.008600,0.010300,0.3293,0.006100,0.007700,0.001100,0.8716,0.2431,0.052400,0.1216,0.001100,0.024800,0,0,768,256,11229,3565.7148,15494.9102,239.1602,0.001600,4,0,0.007700,0.001600,0.013700,0.2001,0,0,0.061100,0.2262,2.5896,0.064100,0.000300,0.001300,0.000200,0.000300,0.008000,0.007300,0.041400,0.004700,0.031800,0.1155,0.011000,0.005800,0.3605,0.030700,0.009800,0.029400,0.012500,0.019900,0.083100,0.009500,0.069700,0.002200,0.076300,0.008300,0.081700,0.6158,0.005200,2.4198,0.000300,0.2189,0.000900,0.000400,0.034700,0.3223,0.6830,0.026600,1.0220,0.1577,0.001900,0.010700,0.000600,0.042400,0.1693,9.4574,8.7628,13.0955,634,16,0.2500,0,16,3.8438,1,0,0,629,1,0,115,102,13,0,-1,-1,0,-1,-1,13.9904,4.9185,0,1525.2227,1525.2227,1525.0977,95,873,561,321,0,0,0.000900,0,0,0.017700,0.1054,0.000800,0.014400,0.076100,0.043800,0.000900,0.001800,0.000500,0.001400,0.006500,0.000900,0.004000,0.024000,0.1606,0.061300,0.083500,0.1577,0.053300,0.2239,0.019500,0.041000,0.000300,0.001200,0.066100,0.008700,0.001200,0.000300,0.026600,0.006400,0.012900,0.001200,0.1433,0.014900,0.038900,0.2103,0.068700,0.001100,0.045600,0.002900,0.033600,0.024700,0.017400,8.8672,0.060500,0.006800,0.000100,0,9.7776,0,0,0,0,0,0,0,50,0,0,0,0,1,1,9,9,2,1,1,4,1,1,1,1,1,1,7,7,1,1,50,9,6,42,76,794,950,0,0,0,0,0,-100,-100,-100,-100,600,1440,107.7673,0,0,-0.000000,-1,0,0,0,1,0,13.7344,5,50,75.1289,13.7344,0,0,48.9844,0,100,0,0,0,0,0,0,0,0,0,0.4620,0.4620,1,0.4620,0.4620,7.9606,8.9635,20141,90,568,135,10874.3555,3604.2891,7254.3555,0,14478.6445,11.1024,2.2430,8.1316,11.1024,2.2430,2.7803,33.3333,5.7465,22.2882,0.000200,0.021300,0.000600,0.000600,0.001700,0.008400,0.000500,0.073900,0,0.024500,0.020100,0.036100,0.3384,0.1862,0.019500,0.005100,0.062800,0,0.046200,0.012300,0.1797,0,0.032000,0.1376,0.015600,0.091300,0.4263,0.7309,0.3122,0.056400,2.3970,0.094200,0.031800,0.038900,1.4210,0.088700,0.004100,0.005100,0.062500,0.2018,0.047100,0.000600,0.5984,921,384732,0,2386,1335,0,1.4197,0,0,0,0.008300,0,0,0,0,0,0,0,0,0,0,0,0,0,0,0,0,0,0,0,0,0,0,0
,0.028000,0.006300,2,56,0,54,0,0,13,233,14,0,454,3,0,0,12,2,0,0,0,0,0.009200,0.018900,0.3298,0.006800,0.008300,0.001100,0.9161,0.1833,0.059600,0.1397,0,0.026500,0,0,768,256,11229,3565.7148,15494.9102,239.1602,0,6,0.000400,0.009400,0.002100,0.014200,0.1886,0,0,0.058800,0.2400,2.7218,0.069500,0.000300,0.001100,0.000200,0.000400,0.007600,0.007800,0.045600,0.005200,0.037200,0.1281,0.010400,0.005600,1.5346,0.030800,0.009200,0.033700,0.011900,0.019500,0.071800,0.009700,0.073500,0.002400,0.1210,0.009100,0.072400,0.6193,0.005500,2.3718,0.000300,0.1944,0.000500,0.000300,0.032100,0.3077,0.8550,0.023800,0.8851,0.1981,0.001800,0.009500,0.000700,0.038100,0.072600,7.1699,8.7628,13.0955,634,16,0.2500,0,16,3.8438,1,0,0,629,1,0,115,102,13,0,-1,-1,0,-1,-1,13.9904,4.9185,0,1525.2227,1525.2227,1525.0977,95,871,551,321,0,0,0.001000,0,0,0.016200,0.082600,0.000500,0.013400,0.078200,0.039800,0.000900,0.001400,0.000300,0.001700,0.006200,0.001100,0.003700,0.023200,0.1351,0.058700,0.085100,0.1703,0.039300,0.1733,0.021900,0.9297,0.000200,0.001700,0.069500,0.010000,0.001400,0.000500,0.029200,0.007100,0.014000,0.001200,0.1502,0.016000,0.047300,0.2161,0.070900,0.001300,0.042800,0.002600,0.035500,0.022100,0.021600,6.5938,0.060000,0.006400,0.000100,0,11.1139,0,0,0,0,0,0,0,50,0,0,0,0,1,1,9,9,2,1,1,4,1,1,1,1,1,1,7,7,1,1,50,9,6,42,76,794,950,0,0,0,0,0,-100,-100,-100,-100,600,1440,107.7673,0,0,-0.000000,-1,0,0,0,1,0,13.7344,5,50,75.1289,13.7344,0,0,48.9844,0,100,0,0,0,0,0,0,0,0,0,0.5747,0.5747,1,0.5747,0.5747,17.6316,8.9635,20141,90,568,135,10874.3867,3604.2891,7254.3555,0,14478.6445,9.6498,3.0404,8.0092,9.6498,3.0573,2.9233,33.3333,5.9131,21.7510,0.000200,0.022800,0.000600,0.000800,0.001700,0.006900,0.000600,0.072200,0,0.019500,0.028000,0.040400,0.3512,0.1914,0.020500,0.005100,0.062400,0,0.043900,0.017100,0.1948,0.005200,0.031900,0.1350,0.015400,0.091600,0.4361,0.7145,0.2908,0.056300,2.4022,0.094200,0.031700,0.047600,0.6799,0.085600,0.002100,0.002700,0.060000,0.1966,0.049100,0.000600,0.6213,976,396152,0,0,0,0,0,0,0,0.017100,0.008400,0,0,0,0,0,0,0,0,0,0,0,0,0,0,0,0,0,0,0,0,0,0,0
,0.017400,0.006400,2,73,0,71,0,0,14,233,27,0,454,3,0,0,13,2,0,0,0,0,0.017100,0.003200,0.3382,0.005400,0.009300,0.000900,0.8866,0.1974,0.055500,0.1299,0.001500,0.027200,0.001000,0,768,256,11229,3565.7148,15494.9102,239.1602,0.003000,3,0.000300,0.013200,0.002500,0.021200,0.2117,0,0,0.074400,0.2540,2.7763,0.071700,0.000200,0.001400,0.000300,0.000400,0.007000,0.007500,0.048300,0.005500,0.036100,0.1128,0.010800,0.006200,1.3972,0.027700,0.008900,0.037500,0.013000,0.020700,0.099200,0.010100,0.079100,0.002500,0.1248,0.009200,0.070300,0.6065,0.005000,2.3185,0.000400,0.1919,0.000600,0.000400,0.029400,0.3068,0.6222,0.024400,0.9030,0.1000,0.002500,0.010200,0.000700,0.034900,0.017400,9.4911,8.7628,13.0955,634,16,0.2500,0,16,3.8438,1,0,0,629,1,0,115,102,13,0,-1,-1,0,-1,-1,13.9904,4.9185,0,1525.2227,1525.2227,1525.0977,95,876,561,321,0,0,0.001200,0,0,0.015700,0.084200,0.000500,0.012500,0.068600,0.041800,0.001000,0.001800,0.000200,0.001600,0.007000,0.001400,0.004400,0.022700,0.1572,0.056800,0.080400,0.1616,0.038100,0.1855,0.034600,0.066700,0.000200,0.001700,0.063200,0.008300,0.001200,0.000400,0.025700,0.005700,0.012200,0.001000,0.1402,0.015200,0.041900,0.1982,0.069600,0.000900,0.045900,0.002200,0.018500,0.025800,0.018500,8.8688,0.066100,0.007800,0.000200,0,9.5214,0,0,0,0,0,0,0,50,0,0,0,0,1,1,9,9,2,1,1,4,1,1,1,1,1,1,7,7,1,1,50,9,6,42,76,794,950,0,0,0,0,0,-100,-100,-100,-100,600,1440,107.7673,0,0,-0.000000,-1,0,0,0,1,0,13.7344,5,50,75.1289,13.7344,0,0,48.9844,0,100,0,0,0,0,0,0,0,0,0,0.4345,0.4345,1,0.4345,0.4345,28.5341,8.9635,20141,90,568,135,10874.3867,3604.2891,7254.3555,0,14478.6758,10.9164,2.0512,7.3774,10.9164,2.0526,2.8411,33.3333,5.3972,22.4890,0.000200,0.020500,0.000600,0.000600,0.001600,0.008300,0.000700,0.072400,0,0.018400,0.030600,0.036900,0.3422,0.2197,0.019400,0.006200,0.067300,0,0.046600,0.027600,0.1916,0,0.032900,0.1359,0.017200,0.1008,0.4333,1.5568,0.3180,0.057400,2.4220,0.096300,0.030700,0.039900,0.6913,0.094600,0.004200,0.004500,0.059200,0.1978,0.050100,0.000700,0.6272,922,384714,0,0,0,0,0,0,0,0.001600,0.009400,0,0,0,0,0,0,0,0,0,0,0,0,0,0,0,0,0,0,0,0,0,0,0
,0.013500,0.010300,2,56,0,54,0,0,13,233,13,0,454,3,0,0,12,2,0,0,0,0,0.008200,0.006900,0.3419,0.005600,0.008200,0.000900,0.8852,0.2020,0.051700,0.1271,0.001100,0.025700,0,0,768,256,11229,3565.7148,15494.9102,239.1602,0.001000,3,0.000200,0.007200,0.001800,0.019200,0.1804,0,0,0.058700,0.2524,2.5950,0.063700,0.000200,0.001300,0.000300,0.000200,0.007100,0.007300,0.043400,0.005300,0.031700,0.1292,0.011600,0.006200,0.5139,0.029500,0.010000,0.031600,0.012400,0.019700,0.1018,0.008700,0.078500,0.002100,0.1092,0.008500,0.068400,0.6015,0.005300,2.4567,0.000300,0.1953,0.000600,0.000300,0.033900,0.3078,0.7246,0.025400,0.9176,0.1881,0.002200,0.011300,0.000400,0.041600,0.5757,8.7917,8.7628,13.0955,634,16,0.2500,0,16,3.8438,1,0,0,629,1,0,115,102,13,0,-1,-1,0,-1,-1,13.9904,4.9185,0,1525.2227,1525.2227,1525.0977,95,871,551,321,0,0,0.000700,0,0,0.015000,0.087400,0.000600,0.011700,0.072000,0.042200,0.000800,0.001800,0.000400,0.001900,0.006800,0.000700,0.004000,0.022600,0.1811,0.060700,0.089200,0.1499,0.044100,0.1881,0.025300,0.1295,0.000400,0.001500,0.065600,0.009000,0.001400,0.000800,0.029900,0.006700,0.012800,0.001400,0.1493,0.014500,0.041800,0.2236,0.067300,0.001400,0.044200,0.002800,0.036100,0.026900,0.019100,8.3352,0.076300,0.007100,0.000100,0.003800,10.9763,0,0,0,0,0,0,0,50,0,0,0,0,1,1,9,9,2,1,1,4,1,1,1,1,1,1,7,7,1,1,50,9,6,42,76,794,950,0,0,0,0,0,-100,-100,-100,-100,600,1440,107.7673,0,0,-0.000000,-1,0,0,0,1,0,13.7344,5,50,75.1289,13.7344,0,0,48.9844,0,100,0,0,0,0,0,0,0,0,0,0.5141,0.5141,1,0.5141,0.5141,39.1160,8.9635,20141,90,568,135,10874.3867,3604.2891,7254.3555,0,14478.6758,10.4395,2.2106,8.1496,10.4395,2.2116,2.9981,33.3333,5.5765,23.5925,0.000200,0.022000,0.000600,0.000700,0.001600,0.008800,0.000600,0.074200,0,0.018500,0.021000,0.026300,0.3608,0.1880,0.021500,0.005100,0.064300,0,0.046200,0.024400,0.1842,0.006200,0.032000,0.1389,0.015700,0.090000,0.4298,0.6941,0.3389,0.057300,2.4802,0.095200,0.030700,0.038400,0.6939,0.089600,0.001700,0.002800,0.061100,0.1966,0.049100,0.000700,0.6083,992,398594,0,0,0,0,0,0.066600,0,0.001100,0.008300,0,0,0,0,0,0,0,0,0,0,0,0,0,0,0,0,0,0,0,0,0,0,0
,0.027200,0.006000,2,73,0,71,0,0,14,233,31,0,454,3,0,0,13,2,0,0,0,0,0,0.007400,0.3373,0.005900,0.010600,0.001000,0.9146,0.1795,0.060900,0.1471,0,0.030900,0,0,768,256,11229,3565.7148,15494.9102,239.1602,0,4,0.000500,0.011600,0.002500,0.021500,0.1831,0,0,0.058200,0.2764,2.6624,0.066300,0.000300,0.001200,0.000200,0.000300,0.007100,0.007900,0.044600,0.006000,0.034200,0.1345,0.011400,0.007000,1.2426,0.028800,0.009700,0.028400,0.011200,0.019000,0.092400,0.007600,0.074400,0.002400,0.1049,0.009900,0.070100,0.6075,0.004900,2.3310,0.000400,0.1819,0.000500,0.000400,0.031800,0.3359,0.6894,0.023900,0.9380,0.1883,0.002100,0.011400,0.000600,0.039500,0.089800,8.5601,8.7628,13.0955,634,16,0.2500,0,16,3.8438,1,0,0,629,1,0,115,102,13,0,-1,-1,0,-1,-1,13.9904,4.9185,0,1525.2227,1525.2227,1525.0977,95,871,551,321,0,0,0.000800,0,0,0.015400,0.087700,0.000600,0.012600,0.069300,0.040300,0.001000,0.001600,0.000200,0.001600,0.006200,0.000900,0.004000,0.021000,0.1550,0.058900,0.075800,0.1498,0.040700,0.2052,0.034600,0.059000,0.000300,0.001500,0.060000,0.008400,0.001100,0.000600,0.026200,0.007200,0.011700,0.001000,0.1405,0.015000,0.040800,0.2182,0.074800,0.001300,0.040100,0.003100,0.036500,0.025500,0.018100,7.9283,0.065000,0.007100,0.000100,0,10.7091,0,0,0,0,0,0,0,50,0,0,0,0,1,1,9,9,2,1,1,4,1,1,1,1,1,1,7,7,1,1,50,9,6,42,76,794,950,0,0,0,0,0,-100,-100,-100,-100,600,1440,107.7673,0,0,-0.000000,-1,0,0,0,1,0,13.7344,5,50,75.1289,13.7344,0,0,48.9844,0,100,0,0,0,0,0,0,0,0,0,0.4358,0.4358,1,0.4358,0.4358,49.2897,8.9635,20141,90,568,135,10874.3906,3604.2891,7254.3555,0,14478.6758,10.3089,2.2583,7.3428,10.3089,2.2583,2.9772,33.3333,5.8788,23.1941,0.000300,0.019800,0.000500,0.000600,0.001600,0.008000,0.000600,0.073200,0,0.020500,0.030500,0.040600,0.3419,0.1874,0.018500,0.007100,0.066500,0,0.044100,0.021300,0.1839,0,0.033100,0.1352,0.016000,0.092300,0.4256,0.7487,0.3399,0.056300,2.4483,0.095200,0.031800,0.040600,0.6914,0.086000,0.002300,0.002300,0.062100,0.2006,0.050200,0.000600,0.6655,967,397238,0,0,0,0,0,0,0,0,0.009000,0,0,0,0,0,0,0,0,0,0,0,0,0,0,0,0,0,0,0,0,0,0,0
,0.081900,0.011400,2,64,0,62,0,0,13,233,42,0,454,3,0,0,12,2,0,0,0,0,0.018200,0.012300,0.3642,0.005500,0.008400,0.000800,0.9137,0.1773,0.057500,0.1361,0.001900,0.030600,0.006500,1,768,256,11229,3565.7148,15494.9102,239.1602,0.002900,3,0.000200,0.008600,0.002100,0.019700,0.2287,0,0,0.058100,0.2401,2.6793,0.071500,0.000200,0.001400,0.000300,0.000200,0.006700,0.008200,0.045200,0.006200,0.034800,0.1400,0.010700,0.006300,1.3329,0.032100,0.009900,0.030500,0.011200,0.019700,0.090100,0.015500,0.080300,0.002600,0.1049,0.008600,0.070800,0.6291,0.005500,2.3957,0.000400,0.1942,0.000600,0.000400,0.033200,0.2972,0.7916,0.027900,0.9526,0.1422,0.002300,0.010500,0.000500,0.037400,0.2626,8.9246,8.7628,13.0955,634,16,0.2500,0,16,3.8438,1,0,0,629,1,0,115,102,13,0,-1,-1,0,-1,-1,13.9904,4.9185,0,1525.2227,1525.2227,1525.0977,95,876,561,321,0,0,0.000800,0,0,0.015300,0.080700,0.000500,0.012000,0.072100,0.038700,0.000800,0.001600,0.000300,0.001700,0.006100,0.001000,0.003800,0.023500,0.1341,0.055700,0.080500,0.1634,0.047200,0.1618,0.019200,0.2237,0.000200,0.001600,0.064200,0.008100,0.001300,0.000400,0.025700,0.006100,0.012400,0.001200,0.1473,0.016200,0.041900,0.1916,0.068300,0.001100,0.029300,0.003100,0.016800,0.023700,0.017200,8.3540,0.059500,0.006800,0.000100,0,9.9590,0,0,0,0,0,0,0,50,0,0,0,0,1,1,9,9,2,1,1,4,1,1,1,1,1,1,7,7,1,1,50,9,6,42,76,794,950,0,0,0,0,0,-100,-100,-100,-100,600,1440,107.7673,0,0,-0.000000,-1,0,0,0,1,0,13.7344,5,50,75.1289,13.7344,0,0,48.9844,0,100,0,0,0,0,0,0,0,0,0,0.5455,0.5455,1,0.5455,0.5455,59.7305,8.9635,20141,90,568,135,10874.1953,3604.2891,7254.3555,0,14478.6797,10.4450,2.1426,7.3626,10.4450,2.1426,3.0158,33.3333,6.2308,23.8975,0.000200,0.021600,0.000600,0.000700,0.001700,0.007300,0.000600,0.072300,0.001100,0.021500,0.028700,0.038200,0.3453,0.1848,0.018500,0.005100,0.063100,0,0.046500,0.008600,0.1928,0,0.032500,0.1322,0.016300,0.092400,0.4285,0.6957,0.3544,0.056300,3.3431,0.096300,0.036800,0.039000,0.6924,0.093600,0.001900,0.002500,0.061300,0.1997,0.049200,0.000600,0.6051,923,385154,0.053200,0,0,0,0,0,0,0,0.009100,0,0,0,0,0,0,0,0,0,0,0,0,0,0,0,0,0,0,0,0,0,0,0
,0.016500,0.006700,2,57,0,55,0,0,13,233,12,0,454,3,0,0,12,2,0,0,0,0,0.008500,0.018800,0.3509,0.006000,0.008700,0.001000,0.9113,0.1988,0.056000,0.1394,0.000900,0.029100,0,0,768,256,11229,3565.7148,15494.9102,239.1602,0.001100,2,0.000400,0.008900,0.002500,0.019500,0.2063,0,0,0.058900,0.2442,2.8233,0.063500,0.000300,0.001600,0.000300,0.000300,0.007900,0.008800,0.042800,0.005800,0.034500,0.1389,0.010800,0.006400,0.6481,0.029300,0.009600,0.028100,0.011100,0.019400,0.094700,0.010800,0.074000,0.002300,0.1003,0.008500,0.072400,0.6193,0.005100,2.4548,0.000400,0.2096,0.000600,0.000300,0.032200,0.3040,0.6578,0.027400,1.0160,0.1665,0.002000,0.010800,0.000700,0.036900,0.1276,9.1951,8.7628,13.0955,634,16,0.2500,0,16,3.8438,1,0,0,629,1,0,115,102,13,0,-1,-1,0,-1,-1,13.9904,4.9185,0,1525.2227,1525.2227,1525.0977,95,871,551,321,0,0,0.000800,0,0,0.014400,0.083200,0.000700,0.012100,0.072800,0.043700,0.001000,0.001700,0.000300,0.001500,0.006400,0.001000,0.003700,0.022200,0.1554,0.057500,0.080400,0.1708,0.046900,0.2009,0.019400,0.032400,0.000100,0.001800,0.064000,0.008600,0.001800,0.000600,0.027300,0.006800,0.012100,0.001200,0.1509,0.017000,0.043800,0.2107,0.069600,0.001300,0.046800,0.002700,0.032400,0.023800,0.017100,8.6183,0.061700,0.006700,0.000100,0,10.6697,0,0,0,0,0,0,0,50,0,0,0,0,1,1,9,9,2,1,1,4,1,1,1,1,1,1,7,7,1,1,50,9,6,42,76,794,950,0,0,0,0,0,-100,-100,-100,-100,600,1440,107.7673,0,0,-0.000000,-1,0,0,0,1,0,13.7344,5,50,75.1289,13.7344,0,0,48.9844,0,100,0,0,0,0,0,0,0,0,0,0.4158,0.4158,1,0.4158,0.4158,8.1820,8.9635,20141,90,568,135,10874.1914,3604.2891,7254.3555,0,14478.4844,10.8861,2.1991,8.1887,10.8861,2.1991,2.9086,33.3333,6.1794,23.1137,0.000200,0.021700,0.000600,0.000600,0.001600,0.008600,0.000700,0.076300,0,0.018400,0.019300,0.035400,0.3507,0.2822,0.019500,0.005100,0.072900,0,0.044100,0.008900,0.1849,0.005200,0.032300,0.1397,0.015900,0.087800,0.4330,0.6906,0.3862,0.061400,2.0552,0.094300,0.031700,0.045100,0.6898,0.1064,0.002100,0.002400,0.061700,0.1977,0.050100,0.000600,0.6230,958,393242,0,2388,1330,0,1.7952,0.093800,0,0,0.009200,0,0,0,0,0,0,0,0,0,0,0,0,0,0,0,0,0,0,0,0,0,0,0
,0.018400,0.006400,2,60,0,58,0,0,13,233,26,0,454,3,0,0,12,2,0,0,0,0,0.009200,0.006200,0.3540,0.005700,0.008600,0.001300,0.9051,0.1880,0.053400,0.1318,0.001300,0.037100,0.001100,0,768,256,11229,3565.7148,15494.9102,239.1602,0.002000,4,0.000400,0.009400,0.002200,0.020700,0.1947,0,0,0.1155,0.2932,2.5640,0.073200,0.000200,0.001300,0.000200,0.000200,0.007000,0.008800,0.045000,0.006600,0.034600,0.1517,0.010700,0.006400,1.4899,0.029600,0.008000,0.045100,0.011700,0.019100,0.086200,0.010300,0.078900,0.002400,0.082300,0.008600,0.066100,0.5944,0.005100,2.3750,0.000300,0.1817,0.000600,0.000500,0.029000,0.3618,0.6485,0.025600,1.0148,0.1496,0.002300,0.010600,0.000700,0.035500,0.045600,8.7344,8.7628,13.0955,634,16,0.2500,0,16,3.8438,1,0,0,629,1,0,115,102,13,0,-1,-1,0,-1,-1,13.9904,4.9185,0,1525.2227,1525.2227,1525.0977,95,876,551,321,0,0,0.000800,0,0,0.018900,0.083400,0.000500,0.011800,0.075200,0.055800,0.000900,0.001100,0.000200,0.001500,0.005800,0.001100,0.003800,0.022800,0.1377,0.058500,0.081200,0.1637,0.040600,0.2299,0.019500,0.042800,0.000200,0.001700,0.068200,0.008200,0.001300,0.000600,0.025200,0.006900,0.013000,0.001100,0.1524,0.018700,0.045900,0.2103,0.070600,0.001400,0.041800,0.003100,0.034000,0.022600,0.017300,8.0564,0.063800,0.007100,0.000100,0,10.7953,0,0,0,0,0,0,0,50,0,0,0,0,1,1,9,9,2,1,1,4,1,1,1,1,1,1,7,7,1,1,50,9,6,42,76,794,950,0,0,0,0,0,-100,-100,-100,-100,600,1440,107.7673,0,0,-0.000000,-1,0,0,0,1,0,13.7344,5,50,75.1289,13.7344,0,0,48.9844,0,100,0,0,0,0,0,0,0,0,0,0.4283,0.4283,1,0.4283,0.4283,18.4555,8.9635,20141,90,568,135,10874.1172,3604.2891,7254.3555,0,14478.4805,10.2612,2.2051,7.3326,10.2612,2.2051,3.0150,33.3333,6.4791,23.0321,0.000300,0.021000,0.000700,0.000600,0.001700,0.012700,0.000600,0.073300,0.001000,0.018400,0.027600,0.035400,0.7770,0.2961,0.022500,0.006200,0.067700,0.001000,0.048100,0.009300,0.1968,0,0.038500,0.1908,0.028600,0.1040,0.4307,0.6968,0.3905,0.064500,2.0552,0.093200,0.031700,0.039300,0.6917,0.098100,0.001900,0.002500,0.061900,0.1977,0.049100,0.000800,0.6235,953,392738,0,0,0,0,0,0,0,0,0.008600,0,0,0,0,0,0,0,0,0,0,0,0,0,0,0,0,0,0,0,0,0,0,0
,0.015200,0.018900,2,64,0,62,0,0,13,233,28,0,454,3,0,0,12,2,0,0,0,0,0.009300,0.001900,0.3505,0.006700,0.010100,0.001000,1.0815,0.1999,0.054000,0.1352,0.001100,0.027000,0,0,768,256,11229,3565.7148,15494.9102,239.1602,0.001900,2,0.000100,0.008600,0.002100,0.017700,0.2040,0,0,0.062900,0.2329,2.6968,0.078100,0.000200,0.001100,0.000200,0.000300,0.008500,0.007600,0.046800,0.005700,0.031100,0.1114,0.010400,0.006200,1.8595,0.031400,0.009100,0.041100,0.012500,0.020400,0.084900,0.009900,0.070600,0.002500,0.081400,0.008300,0.071900,0.6130,0.004800,2.3705,0.000300,0.1960,0.000600,0.000300,0.032400,0.3073,0.6470,0.027800,0.9800,0.1691,0.001900,0.010600,0.000300,0.038900,0.1888,8.9784,8.7628,13.0955,634,16,0.2500,0,16,3.8438,1,0,0,629,1,0,115,102,13,0,-1,-1,0,-1,-1,13.9904,4.9185,0,1525.2227,1525.2227,1525.0977,95,875,561,322,0,0,0.000800,0,0,0.015400,0.084700,0.000500,0.012600,0.073900,0.044500,0.001000,0.001500,0.000200,0.001600,0.006600,0.001000,0.004200,0.025400,0.1597,0.065000,0.079800,0.1567,0.038800,0.2043,0.018300,0.075400,0.000300,0.005500,0.070600,0.009900,0.001100,0.000600,0.032000,0.007500,0.013100,0.001100,0.1501,0.016200,0.041800,0.1944,0.068600,0.001200,0.040300,0.002900,0.017900,0.023000,0.019200,8.4122,0.059300,0.006800,0.000200,0,10.2988,0,0,0,0,0,0,0,50,0,0,0,0,1,1,9,9,2,1,1,4,1,1,1,1,1,1,7,7,1,1,50,9,6,42,76,794,950,0,0,0,0,0,-100,-100,-100,-100,600,1440,107.7673,0,0,-0.000000,-1,0,0,0,1,0,13.7344,5,50,75.1289,13.7344,0,0,48.9844,0,100,0,0,0,0,0,0,0,0,0,0.4240,0.4240,1,0.4240,0.4240,29.1007,8.9635,20141,90,568,135,10874.1094,3604.2891,7254.3555,0,14478.4062,10.6523,2.2695,7.5789,10.6523,2.2695,3.0205,33.3333,6.1921,23.3891,0.000600,0.023400,0.000700,0.000500,0.001800,0.007200,0.001600,0.071600,0,0.021500,0.026900,0.039700,0.3733,0.1923,0.019400,0.005100,0.067300,0,0.045700,0.019800,0.1921,0,0.032500,0.1472,0.016600,0.092000,1.1073,0.7655,0.3098,0.058300,2.4697,0.094200,0.031700,0.039300,0.6890,0.083500,0.002000,0.002700,0.065500,0.1966,0.049100,0.000700,0.6068,918,385116,0,0,0,0,0,0,0.007800,0,0.008400,0,0,0,0,0,0,0,0,0,0,0,0,0,0,0,0,0,0,0,0,0,0,0
,0.039100,0.006700,2,57,0,55,0,0,13,233,9,0,454,3,0,0,12,2,0,0,0,0,0.008500,0.010100,0.3530,0.006000,0.008500,0.001400,0.8822,0.1739,0.058400,0.1349,0.001400,0.025800,0.004700,0,768,256,11229,3565.7148,15494.9102,239.1602,0.001400,4,0,0.008800,0.002000,0.014300,0.1963,0,0,0.062600,0.2933,2.6366,0.068700,0.000300,0.001400,0.000200,0.000200,0.006700,0.008000,0.045000,0.005700,0.032400,0.1059,0.011400,0.006200,1.4137,0.029500,0.009400,0.044400,0.012200,0.019700,0.098500,0.010100,0.071200,0.002200,0.085200,0.008400,0.073000,0.5945,0.005000,2.3698,0.000300,0.1960,0.000600,0.000500,0.031300,0.3123,0.7348,0.026400,1.0052,0.1838,0.002200,0.010400,0.000400,0.035700,0.077900,9.5954,8.7628,13.0955,634,16,0.2500,0,16,3.8438,1,0,0,629,1,0,115,102,13,0,-1,-1,0,-1,-1,13.9904,4.9185,0,1525.2227,1525.2227,1525.0977,95,875,561,322,0,0,0.000900,0,0,0.018500,0.081500,0.000800,0.011600,0.068000,0.044000,0.000800,0.001500,0.000500,0.001400,0.006200,0.001100,0.004200,0.022200,0.1600,0.058400,0.082600,0.1649,0.058900,0.1652,0.020600,0.068200,0.000500,0.001500,0.064000,0.008700,0.001000,0.000400,0.025300,0.006000,0.012300,0.001100,0.1428,0.015300,0.054900,0.2365,0.072000,0.001400,0.047800,0.002500,0.041900,0.023000,0.020700,8.9071,0.062100,0.006900,0.000100,0,10.6457,0,0,0,0,0,0,0,50,0,0,0,0,1,1,9,9,2,1,1,4,1,1,1,1,1,1,7,7,1,1,50,9,6,42,76,794,950,0,0,0,0,0,-100,-100,-100,-100,600,1440,107.7673,0,0,-0.000000,-1,0,0,0,1,0,13.7344,5,50,75.1289,13.7344,0,0,48.9844,0,100,0,0,0,0,0,0,0,0,0,0.4195,0.4195,1,0.4195,0.4195,40.2529,8.9635,20141,90,568,135,10874.0859,3604.2891,7254.3555,0,14478.3984,11.1580,2.1825,8.3106,11.1580,2.1825,2.9764,33.3333,6.1469,22.8277,0.000200,0.021700,0.000600,0.000600,0.001700,0.008500,0.000600,0.073500,0,0.019500,0.019600,0.031400,0.3395,0.1869,0.019400,0.005200,0.062400,0,0.046000,0.010600,0.1921,0.005100,0.032300,0.1356,0.015200,0.090700,0.4316,0.7335,0.3618,0.057400,2.4719,0.095200,0.030700,0.039200,0.6955,0.060000,0.001900,0.002300,0.061200,0.1996,0.049200,0.000600,0.6060,957,393252,0,0,0,0,0,0,0.007300,0,0.008000,0,0,0,0,0,0,0,0,0,0,0,0,0,0,0,0,0,0,0,0,0,0,0
,0.024500,0.006500,2,60,0,58,0,0,13,233,27,0,454,3,0,0,12,2,0,0,0,0,0,0.011500,0.3384,0.006500,0.010100,0.001300,0.8948,0.2039,0.051700,0.1288,0.001400,0.029000,0.003200,0,768,256,11229,3565.7148,15494.9102,239.1602,0.001200,2,0.000200,0.010100,0.002500,0.013800,0.1890,0,0,0.060200,0.2911,2.6982,0.1659,0.000200,0.001400,0.000300,0.000300,0.007900,0.008100,0.054000,0.005500,0.034100,0.1016,0.011600,0.006900,1.5848,0.029400,0.008700,0.044600,0.012400,0.019000,0.089400,0.009200,0.075800,0.002600,0.085900,0.008000,0.071400,0.6119,0.005300,2.3216,0.000400,0.1842,0.000600,0.000400,0.029300,0.3116,0.6697,0.025200,0.9556,0.1427,0.002300,0.010100,0.000500,0.034500,0.1319,9.1255,8.7628,13.0955,634,16,0.2500,0,16,3.8438,1,0,0,629,1,0,115,102,13,0,-1,-1,0,-1,-1,13.9904,4.9185,0,1525.2227,1525.2227,1525.0977,95,877,561,322,0,0,0.001000,0,0,0.015100,0.1012,0.000800,0.012000,0.072700,0.045400,0.000900,0.001700,0.000900,0.001600,0.007000,0.001000,0.004000,0.024400,0.1745,0.060800,0.081700,0.1557,0.044100,0.1935,0.033900,0.053700,0.000200,0.001700,0.068800,0.009200,0.001300,0.000700,0.026900,0.007200,0.012400,0.001200,0.1475,0.016400,0.043100,0.2109,0.066900,0.001100,0.042200,0.002800,0.034800,0.023600,0.017100,8.4742,0.058200,0.006200,0.000200,0,11.1332,0,0,0,0,0,0,0,50,0,0,0,0,1,1,9,9,2,1,1,4,1,1,1,1,1,1,7,7,1,1,50,9,6,42,76,794,950,0,0,0,0,0,-100,-100,-100,-100,600,1440,107.7673,0,0,-0.000000,-1,0,0,0,1,0,13.7344,5,50,75.1289,13.7344,0,0,48.9844,0,100,0,0,0,0,0,0,0,0,0,0.4241,0.4241,1,0.4241,0.4241,50.9635,8.9635,20141,90,568,135,10874.0703,3604.2891,7254.3555,0,14478.3750,10.7050,2.2758,7.3162,10.7050,2.2768,2.9644,33.3333,6.2585,23.3647,0.000200,0.022400,0.000500,0.000600,0.001600,0.007900,0.000600,0.072500,0.001000,0.019500,0.025300,0.041700,0.3585,0.2891,0.020500,0.005100,0.066500,0,0.044400,0.011800,0.1938,0.005200,0.032700,0.6189,0.017500,0.1040,0.4294,0.6826,0.3930,0.057300,2.0726,0.093100,0.031800,0.038900,0.6903,0.095500,0.001900,0.002300,0.062100,0.1975,0.049200,0.000600,0.6311,964,396300,0,0,0,0,0,0,0,0.001200,0.008900,0,0,0,0,0,0,0,0,0,0,0,0,0,0,0,0,0,0,0,0,0,0,0
,0.017500,0.006400,2,64,0,62,0,0,13,233,26,0,454,3,0,0,12,2,0,0,0,0,0.017800,0.004700,0.3314,0.005900,0.010600,0.000900,0.8958,0.2294,0.054200,0.1370,0.001200,0.040800,0,1,768,256,11229,3565.7148,15494.9102,239.1602,0.001500,5,0.000200,0.008500,0.002200,0.014700,0.1884,0,0,0.058300,0.2875,2.5843,0.065200,0.000200,0.001200,0.000300,0.000400,0.007100,0.006900,0.048800,0.005600,0.034400,0.1008,0.011400,0.006200,0.7341,0.028000,0.009400,0.027100,0.010900,0.019600,0.085500,0.009100,0.086900,0.002000,0.079500,0.009600,0.070400,0.6437,0.005600,2.5324,0.000300,0.2427,0.000800,0.000400,0.034000,0.3244,0.9317,0.028200,1.0427,0.5146,0.002300,0.012200,0.000500,0.037800,0.6573,9.3844,8.7628,13.0955,634,16,0.2500,0,16,3.8438,1,0,0,629,1,0,115,102,13,0,-1,-1,0,-1,-1,13.9904,4.9185,0,1525.2227,1525.2227,1525.0977,95,870,551,322,0,0,0.001200,0,0,0.016500,0.082600,0.000600,0.012200,0.068900,0.042200,0.001000,0.001900,0.000400,0.001800,0.007200,0.001000,0.003900,0.023500,0.1412,0.062500,0.097400,0.1569,0.042600,0.2470,0.021700,0,0.000300,0.001600,0.064700,0.009100,0.001500,0.000500,0.027900,0.006900,0.012300,0.001000,0.1478,0.014900,0.041400,0.1971,0.075500,0.001400,0.022600,0.003700,0.019100,0.023700,0.019200,8.8075,0.061500,0.006100,0.000100,0,10.6328,0,0,0,0,0,0,0,50,0,0,0,0,1,1,9,9,2,1,1,4,1,1,1,1,1,1,7,7,1,1,50,9,6,42,76,794,950,0,0,0,0,0,-100,-100,-100,-100,600,1440,107.7673,0,0,-0.000000,-1,0,0,0,1,0,13.7344,5,50,75.1289,13.7344,0,0,48.9844,0,100,0,0,0,0,0,0,0,0,0,0.4237,0.4237,1,0.4237,0.4237,61.8519,8.9635,20141,90,568,135,10874.0586,3604.2891,7254.3555,0,14478.3594,10.8777,2.1029,7.5592,10.8777,2.1041,2.9810,33.3333,6.0855,23.2577,0.000200,0.021900,0.000600,0.000600,0.001800,0.008900,0.000600,0.075100,0.001100,0.018300,0.019400,0.032000,0.3449,0.1833,0.019400,0.005100,0.062200,0,0.046200,0.011300,0.1889,0.005100,0.031900,0.1412,0.015100,0.097300,0.4167,0.6974,0.3934,0.057400,2.0980,0.094200,0.037900,0.039700,1.2627,0.4958,0.002100,0.002400,0.063200,0.1966,0.048100,0.000600,0.5937,950,391180,0,0,0,0,0,0,0,0.001400,0.008800,0,0,0,0,0,0,0,0,0,0,0,0,0,0,0,0,0,0,0,0,0,0,0
,0.016700,0.009600,2,57,0,55,0,0,13,233,16,0,454,3,0,0,12,2,0,0,0,0,0.007200,0.005400,0.3452,0.006600,0.008200,0.001000,0.9033,0.1906,0.053000,0.1360,0.000600,0.051200,0,0,768,256,11229,3565.7148,15494.9102,239.1602,0.001600,6,0.000100,0.008900,0.002000,0.014300,0.1799,0,0,0.077400,0.2091,2.8626,0.065700,0.000200,0.002500,0.000200,0.000700,0.007400,0.007200,0.044400,0.005100,0.033200,0.1062,0.011000,0.006100,1.1642,0.029500,0.008100,0.036800,0.012600,0.021500,0.1018,0.009200,0.073200,0.002500,0.080200,0.010200,0.073700,0.6496,0.005500,2.3846,0.000300,0.1893,0.000700,0.000400,0.030700,0.3139,0.7264,0.024400,0.9170,0.1923,0.002100,0.010100,0.000400,0.036200,0,9.7225,8.7628,13.0955,634,16,0.2500,0,16,3.8438,1,0,0,629,1,0,115,102,13,0,-1,-1,0,-1,-1,13.9904,4.9185,0,1525.2227,1525.2227,1525.0977,95,870,551,322,0,0,0.000900,0,0,0.018300,0.080800,0.001000,0.013500,0.072800,0.042400,0.000900,0.001900,0.000400,0.001800,0.007200,0.001200,0.004300,0.025200,0.1544,0.060200,0.082200,0.1541,0.046300,0.2184,0.019700,0.032700,0.000200,0.001800,0.065200,0.008500,0.001200,0.000600,0.028300,0.006700,0.011600,0.001000,0.1399,0.016000,0.040600,0.2134,0.064700,0.001200,0.033000,0.002300,0.035600,0.023500,0.017600,9.1586,0.060300,0.006300,0.000200,0,10.9935,0,0,0,0,0,0,0,50,0,0,0,0,1,1,9,9,2,1,1,4,1,1,1,1,1,1,7,7,1,1,50,9,6,42,76,794,950,0,0,0,0,0,-100,-100,-100,-100,600,1440,107.7673,0,0,-0.000000,-1,0,0,0,1,0,13.7344,5,50,75.1289,13.7344,0,0,48.9844,0,100,0,0,0,0,0,0,0,0,0,0.4199,0.4199,1,0.4199,0.4199,11.9633,8.9635,20141,90,568,135,10874.0547,3604.2891,7254.3555,0,14478.3477,11.3380,2.1910,7.9217,11.3380,2.1910,3.2077,33.3333,6.2148,22.5312,0.000200,0.035300,0.000600,0.000700,0.001400,0.008700,0.000600,0.074200,0,0.019500,0.027600,0.038700,0.3441,0.1843,0.019500,0.005100,0.064900,0,0.046500,0.012400,0.1869,0,0.032800,0.1370,0.016200,0.089900,0.4284,0.7234,0.3745,0.056200,2.4680,0.094300,0.036800,0.039900,0.6926,0.085400,0.001700,0.002400,0.061600,0.1965,0.049100,0.000700,0.6125,924,385188,0.052500,2177,1242,0,3.6911,0,0,0,0.008600,0,0,0,0,0,0,0,0,0,0,0,0,0,0,0,0,0,0,0,0,0,0,0
,0.078900,0.019000,2,57,0,55,0,0,13,233,15,0,454,3,0,0,12,2,0,0,0,0,0,0.009500,0.3506,0.005900,0.008600,0.001000,0.8611,0.1918,0.055100,0.1287,0.001000,0.022700,0.002500,0,768,256,11229,3565.7148,15494.9102,239.1602,0.001200,5,0.000300,0.009800,0.002100,0.014000,0.1840,0,0,0.060700,0.2881,2.6337,0.084900,0.000200,0.001400,0.000300,0.000200,0.006700,0.007900,0.044800,0.004800,0.033400,0.1040,0.010200,0.006200,1.4269,0.027700,0.008000,0.032200,0.012100,0.019700,0.1009,0.010000,0.077900,0.002200,0.088600,0.008900,0.079700,0.6030,0.004900,2.3710,0.000400,0.1892,0.000700,0.000300,0.031400,0.4074,0.7097,0.025200,0.9503,0.092100,0.001900,0.011200,0.000600,0.036000,0.054900,8.2686,8.7628,13.0955,634,16,0.2500,0,16,3.8438,1,0,0,629,1,0,115,102,13,0,-1,-1,0,-1,-1,13.9904,4.9185,0,1525.2227,1525.2227,1525.0977,95,870,551,322,0,0,0.000900,0,0,0.014700,0.082300,0.000500,0.011400,0.074500,0.040500,0.000900,0.001600,0.000200,0.001700,0.006300,0.001000,0.004600,0.024000,0.1309,0.058400,0.081200,0.1639,0.055800,0.1746,0.024100,0.7393,0.000100,0.001900,0.068200,0.009400,0.001700,0.000700,0.026200,0.006000,0.013200,0.001400,0.1584,0.017900,0.045700,0.2120,0.069600,0.001400,0.051000,0.002200,0.033900,0.021800,0.022800,7.6060,0.058900,0.006200,0.000100,0,11.3399,0,0,0,0,0,0,0,50,0,0,0,0,1,1,9,9,2,1,1,4,1,1,1,1,1,1,7,7,1,1,50,9,6,42,76,794,950,0,0,0,0,0,-100,-100,-100,-100,600,1440,107.7673,0,0,-0.000000,-1,0,0,0,1,0,13.7344,5,50,75.1289,13.7344,0,0,48.9844,0,100,0,0,0,0,0,0,0,0,0,1.0676,1.0676,1,1.0676,1.0676,22.4528,8.9635,20141,90,568,135,10874.0430,3604.2891,7254.3555,0,14478.3438,10.5080,2.8326,7.3531,10.5080,2.8326,2.9713,33.3333,5.9489,23.2863,0.000200,0.021900,0.000700,0.000600,0.001700,0.007500,0.000600,0.072400,0,0.022400,0.029400,0.040100,0.3614,0.2139,0.019400,0.006200,0.067900,0,0.047200,0.015100,0.2333,0,0.033200,0.1339,0.015700,0.090700,0.4291,0.7164,0.2992,0.057400,2.5425,0.094200,0.030800,0.038300,0.6883,0.089800,0.003700,0.004700,0.059800,0.1987,0.050100,0.000700,0.6107,922,385164,0,0,0,0,0,0,0,0,0.008200,0,0,0,0,0,0,0,0,0,0,0,0,0,0,0,0,0,0,0,0,0,0,0
,0.014800,0.006700,2,57,0,55,0,0,13,233,13,0,454,3,0,0,12,2,0,0,0,0,0.017400,0.013000,0.3351,0.006300,0.009400,0.001200,0.8845,0.1946,0.054800,0.1322,0.000700,0.021400,0,0,768,256,11229,3565.7148,15494.9102,239.1602,0.001300,6,0.000200,0.008900,0.002400,0.013200,0.2038,0,0,0.059600,0.2438,2.8092,0.063300,0.000200,0.001300,0.000200,0.000300,0.008200,0.006900,0.044000,0.005300,0.032600,0.6158,0.011400,0.007500,0.6920,0.027200,0.008700,0.027900,0.012500,0.020300,0.1047,0.009800,0.067400,0.002600,0.096800,0.008700,0.070800,0.6224,0.005400,2.4116,0.000500,0.1971,0.000600,0.000300,0.030700,0.3120,0.7089,0.027100,0.9390,0.1571,0.001900,0.010500,0.000400,0.035700,0.1880,8.9870,8.7628,13.0955,634,16,0.2500,0,16,3.8438,1,0,0,629,1,0,115,102,13,0,-1,-1,0,-1,-1,13.9904,4.9185,0,1525.2227,1525.2227,1525.0977,95,874,561,322,0,0,0.000800,0,0,0.014900,0.083000,0.000700,0.012300,0.070100,0.037500,0.000900,0.001800,0.000200,0.001600,0.006700,0.000900,0.004000,0.022700,0.1809,0.056500,0.086900,0.1640,0.039200,0.1756,0.033700,0.085300,0.000300,0.001700,0.072000,0.009800,0.001300,0.000400,0.026100,0.006300,0.013800,0.001100,0.1598,0.020300,0.042200,0.1960,0.069200,0.001200,0.041200,0.002900,0.018100,0.023900,0.018300,8.5108,0.060300,0.007000,0.000100,0.003300,10.4391,0,0,0,0,0,0,0,50,0,0,0,0,1,1,9,9,2,1,1,4,1,1,1,1,1,1,7,7,1,1,50,9,6,42,76,794,950,0,0,0,0,0,-100,-100,-100,-100,600,1440,107.7673,0,0,-0.000000,-1,0,0,0,1,0,13.7344,5,50,75.1289,13.7344,0,0,48.9844,0,100,0,0,0,0,0,0,0,0,0,0.4639,0.4639,1,0.4639,0.4639,33.1663,8.9635,20141,90,568,135,10874.0312,3604.2891,7254.3555,0,14478.3320,10.6272,2.2236,8.2334,10.6272,2.2236,3.3054,33.3333,6.0562,23.3065,0.000300,0.022900,0.000600,0.000600,0.001700,0.007900,0.000700,0.073300,0.001000,0.019400,0.027900,0.037900,0.3577,0.1981,0.019500,0.005100,0.062600,0,0.045900,0.013600,0.2066,0,0.031900,0.1422,0.015900,0.099100,0.4410,0.6933,0.2880,0.057400,2.5468,0.094200,0.031700,0.042400,0.6938,0.076100,0.002100,0.002400,0.063700,0.6348,0.049200,0.000600,0.5951,920,384690,0,0,0,0,0,0,0.007200,0,0.4374,0,0,0,0,0,0,0,0,0,0,0,0,0,0,0,0,0,0,0,0,0,0,0
,0.016100,0.009100,2,57,0,55,0,0,13,233,11,0,454,3,0,0,12,2,0,0,0,0,0,0.017700,0.3152,0.006200,0.009700,0.001100,0.8781,0.1767,0.055400,0.1380,0,0.038200,0,0,768,256,11229,3565.7148,15494.9102,239.1602,0,4,0.000200,0.007300,0.002000,0.015100,0.1751,0,0,0.059500,0.3025,2.4328,0.066000,0.000300,0.001300,0.000200,0.000200,0.006600,0.007700,0.042700,0.005200,0.034000,0.1271,0.010500,0.005900,0.5148,0.025300,0.009100,0.027900,0.011700,0.019000,0.1059,0.013500,0.080700,0.002200,0.091800,0.008800,0.074000,0.6543,0.005400,2.3917,0.000300,0.2033,0.000500,0.000400,0.030700,0.3117,0.6904,0.024400,0.8993,0.3929,0.002300,0.011000,0.000600,0.033700,0.2678,9.1497,8.7628,13.0955,634,16,0.2500,0,16,3.8438,1,0,0,629,1,0,115,102,13,0,-1,-1,0,-1,-1,13.9904,4.9185,0,1525.2227,1525.2227,1441.6289,95,845,535,318,0,0,0.001200,0,0,0.013400,0.079100,0.000600,0.011400,0.068800,0.041100,0.000700,0.001300,0.000100,0.001400,0.005400,0.000900,0.003600,0.021500,0.1415,0.058000,0.080100,0.1574,0.037600,0.1928,0.019300,0.060300,0.000200,0.001600,0.063500,0.008800,0.001400,0.001000,0.026800,0.006900,0.012000,0.001200,0.1435,0.013800,0.042300,0.2072,0.074600,0.001300,0.042400,0.002800,0.034000,0.023000,0.017200,8.5077,0.061200,0.006500,0.000200,0.003300,10.6702,0,0,0,0,0,0,0,50,0,0,0,0,1,1,9,9,2,1,1,4,1,1,1,1,1,1,7,7,1,1,50,9,6,42,76,794,950,0,0,0,0,0,-100,-100,-100,-100,600,1440,107.7673,0,0,-0.000000,-1,0,0,0,1,0,13.7344,5,50,75.1289,13.7344,0,0,48.9844,0,100,0,0,0,0,0,0,0,0,0,0.4079,0.4079,1,0.4079,0.4079,43.7361,8.9635,20141,90,568,135,10874.0195,3604.2891,7254.3555,0,14478.3203,10.6552,2.0722,8.2393,10.6552,2.0734,3.1754,33.3333,6.0321,23.4297,0.000600,0.021300,0.000600,0.000600,0.001700,0.008700,0.000600,0.076000,0.001000,0.019500,0.022600,0.026800,0.3483,0.1911,0.019400,0.006200,0.062000,0,0.047100,0.012500,0.2076,0.005100,0.032100,0.1422,0.015000,0.1035,0.4273,0.7582,0.3288,0.058500,2.4680,0.095200,0.030700,0.037500,0.6892,0.098800,0.002000,0.002500,0.061300,0.1987,0.050200,0.000600,0.5991,968,396632,0,0,0,0,0,0.3034,0,0.001400,0.008000,0,0,0,0,0,0,0,0,0,0,0,0,0,0,0,0,0,0,0,0,0,0,0
,0.015900,0.014500,2,64,0,62,0,0,13,233,44,0,454,3,0,0,12,2,0,0,0,0,0.020400,0.005900,0.3378,0.005600,0.008900,0.000900,0.8756,0.3051,0.055800,0.1316,0.002300,0.021900,0,1,768,256,11229,3565.7148,15494.9102,239.1602,0.003800,6,0,0.008600,0.001900,0.016100,0.2070,0,0,0.063000,0.2284,2.4936,0.064100,0.000300,0.001300,0.000300,0.000200,0.007200,0.008700,0.040400,0.005100,0.031800,0.1444,0.009800,0.006400,0.5054,0.027800,0.009100,0.027900,0.011500,0.018900,0.1005,0.014100,0.080100,0.002300,0.079900,0.009500,0.075300,0.7157,0.006000,2.4318,0.000300,0.2002,0.000800,0.000300,0.031200,0.3174,0.7239,0.025000,1.0302,0.1095,0.002200,0.011200,0.000500,0.037700,0,8.7381,8.7628,13.0955,634,16,0.2500,0,16,3.8438,1,0,0,629,1,0,115,102,13,0,-1,-1,0,-1,-1,13.9904,4.9185,0,1525.2227,1525.2227,1525.0977,95,844,535,317,0,0,0.000800,0,0,0.014700,0.086200,0.000700,0.012300,0.081400,0.040200,0.001200,0.001700,0.000400,0.002000,0.007100,0.001200,0.003900,0.023500,0.1283,0.054800,0.077900,0.1532,0.044700,0.3084,0.018500,0,0.000300,0.001800,0.066500,0.009300,0.001600,0.000600,0.027500,0.006500,0.012300,0.001000,0.1459,0.017400,0.043600,0.2153,0.087300,0.001500,0.043900,0.002400,0.039000,0.022200,0.017800,8.0933,0.065500,0.006600,0.000100,0,10.5758,0,0,0,0,0,0,0,50,0,0,0,0,1,1,9,9,2,1,1,4,1,1,1,1,1,1,7,7,1,1,50,9,6,42,76,794,950,0,0,0,0,0,-100,-100,-100,-100,600,1440,107.7673,0,0,-0.000000,-1,0,0,0,1,0,13.7344,5,50,75.1289,13.7344,0,0,48.9844,0,100,0,0,0,0,0,0,0,0,0,0.4197,0.4197,1,0.4197,0.4197,54.0257,8.9635,20141,90,568,135,10874.0078,3604.2891,7254.3555,0,14478.3086,10.2779,2.1250,7.3591,10.2779,2.1250,3.0514,33.3333,6.7712,22.9052,0.000200,0.034000,0.000600,0.000600,0.001600,0.006900,0.000600,0.073700,0,0.016400,0.019100,0.026800,0.3563,0.1859,0.022500,0.005100,0.062300,0,0.046700,0.012300,0.065700,0.005100,0.031200,0.1357,0.016000,0.085800,0.4185,0.6814,0.2951,0.055200,3.3291,0.1014,0.031700,0.039700,0.7051,0.093600,0.002200,0.002500,0.063100,0.1977,0.050200,0.000600,0.6243,912,384514,0,0,0,0,0,0.3813,0,0,0.008400,0,0,0,0,0,0,0,0,0,0,0,0,0,0,0,0,0,0,0,0,0,0,0
,0.022600,0.006500,0,0,0,0,0,0,0,0,0,0,0,0,0,0,0,0,0,0,0,0,0.008500,0.004400,0.3541,0.006600,0.008900,0.001000,1.0073,0.1680,0.058900,0.1447,0.001200,0.042700,0,17,768,256,11229,3565.7148,15494.9102,239.1602,0.001300,3,0.000200,0.009400,0.002200,0.015400,0.2030,0,0,0.060600,0.3086,2.5106,0.064600,0.000200,0.001200,0.000200,0.000300,0.007600,0.009000,0.049200,0.005700,0.042400,0.1349,0.010500,0.006300,0.8355,0.031700,0.010100,0.026700,0.012400,0.019200,0.086200,0.008700,0.068200,0.002200,0.1108,0.007800,0.075200,0.6655,0.004800,2.3853,0.000400,0.1880,0.000700,0.000400,0.032300,0.3082,0.9443,0.026300,0.9256,0.1293,0.002400,0.010700,0.000600,0.096200,0.1201,8.5454,8.7628,13.0955,634,16,0.2500,0,16,3.8438,1,0,0,629,1,0,115,102,13,0,-1,-1,0,-1,-1,13.9904,4.9185,0,1525.2227,1525.2227,1441.5039,95,845,535,317,0,0,0.001000,0,0,0.018700,0.083600,0.000600,0.011700,0.069700,0.037700,0.000900,0.001500,0.000300,0.001400,0.006100,0.000700,0.003700,0.022300,0.1567,0.059700,0.090800,0.1485,0.036100,0.1541,0.021300,0.1143,0.000100,0.006100,0.065800,0.008700,0.001300,0.000500,0.028300,0.006500,0.011900,0.001300,0.1576,0.017500,0.041700,0.2046,0.068400,0.001200,0.047400,0.002900,0.019600,0.024500,0.019200,7.9475,0.063000,0.007700,0.000100,0,10.2727,0,0,0,0,0,0,0,50,0,0,0,0,1,1,9,9,2,1,1,4,1,1,1,1,1,1,7,7,1,1,50,9,6,42,76,794,950,0,0,0,0,0,-100,-100,-100,-100,600,1440,107.7673,0,0,-0.000000,-1,0,0,0,1,0,13.7344,5,50,75.1289,13.7344,0,0,48.9844,0,100,0,0,0,0,0,0,0,0,0,0.4482,0.4482,1,0.4482,0.4482,64.0987,8.9635,20141,90,568,135,10874.0039,3604.2891,7254.3555,0,14478.2969,10.0552,2.1601,7.3591,10.0552,2.1616,3.0806,33.3333,6.3533,22.7720,0.000200,0.022300,0.000600,0.000700,0.001800,0.008200,0.000600,0.074000,0,0.023600,0.031000,0.037000,0.3534,0.1957,0.019400,0.006200,0.060600,0,0.047500,0.016300,0.061000,0.005200,0.031200,0.1346,0.017200,0.098600,0.4179,0.6974,0.3307,0.056300,2.1372,0.093100,0.032800,0.038800,0.6924,0.095000,0.002100,0.004000,0.060900,0.1954,0.050200,0.000600,0.5892,935,388382,0,0,0,0,0,0,0.007400,0.001600,0.008800,0,0,0,0,0,0,0,0,0,0,0,0,0,0,0,0,0,0,0,0,0,0,0
,0.023200,0.006700,2,60,0,58,0,0,13,233,29,0,454,3,0,0,12,2,0,0,0,0,0.009900,0.016900,0.3407,0.006000,0.008600,0.001400,0.8900,0.1986,0.057400,0.1306,0.001100,0.022700,0.002100,1,768,256,11229,3565.7148,15494.9102,239.1602,0.001400,7,0,0.021800,0.002000,0.023000,0.1876,0,0,0.069000,0.2598,2.9337,0.073700,0.000200,0.001300,0.000200,0.000200,0.007100,0.007600,0.042700,0.005500,0.035600,0.1568,0.014200,0.006500,1.6214,0.031800,0.009600,0.038600,0.011900,0.019600,0.1039,0.025500,0.071500,0.002900,0.1197,0.009600,0.069800,0.6275,0.004600,2.3511,0.000500,0.1888,0.000500,0.000400,0.029600,0.3042,0.9521,0.023100,0.9333,0.1487,0.002200,0.010300,0.000500,0.088700,0,8.6861,8.7628,13.0955,634,16,0.2500,0,16,3.8438,1,0,0,629,1,0,115,102,13,0,-1,-1,0,-1,-1,13.9904,4.9185,0,1525.2227,1525.2227,1441.5039,95,880,535,317,0,0,0.001100,0,0,0.019100,0.085000,0.000700,0.011400,0.073500,0.041300,0.000900,0.001600,0.000200,0.001400,0.005900,0.001000,0.004300,0.024300,0.1571,0.059700,0.087100,0.1486,0.040100,0.1884,0.018300,0.052900,0.000100,0.001900,0.062300,0.008300,0.001300,0.000500,0.025400,0.019700,0.011300,0.001200,0.1462,0.015200,0.042800,0.2204,0.080800,0.001100,0.025300,0.003400,0.036100,0.023300,0.019300,8.3407,0.060400,0.007000,0.000200,0.002000,10.1670,0,0,0,0,0,0,0,50,0,0,0,0,1,1,9,9,2,1,1,4,1,1,1,1,1,1,7,7,1,1,50,9,6,42,76,794,950,0,0,0,0,0,-100,-100,-100,-100,600,1440,107.7673,0,0,-0.000000,-1,0,0,0,1,0,13.7344,5,50,75.1289,13.7344,0,0,48.9844,0,100,0,0,0,0,0,0,0,0,0,0.4197,0.4197,1,0.4197,0.4197,11.9754,8.9635,20141,90,568,135,10873.9766,3604.2891,7254.3555,0,14478.2930,10.2865,2.1991,7.2095,10.2865,2.1999,2.9206,33.3333,6.6620,22.8712,0.000300,0.021800,0.000500,0.000600,0.001700,0.012500,0.000600,0.076400,0.001000,0.022500,0.028600,0.033600,0.7897,0.2168,0.020500,0.007100,0.065600,0,0.046700,0.028900,0.064600,0.005100,0.034300,0.1539,0.018100,0.1012,0.4139,0.7113,0.3205,0.057300,2.1319,0.093200,0.031700,0.039100,0.6944,0.063200,0.001900,0.002500,0.062500,0.1957,0.049100,0.000600,0.6272,997,401940,0,2242,1216,0,2.3620,0,0,0.001000,0.007500,0,0,0,0,0,0,0,0,0,0,0,0,0,0,0,0,0,0,0,0,0,0,0
,0.015600,0.006300,2,80,0,78,0,0,14,233,46,0,454,3,0,0,13,2,0,0,0,0,0,0.003000,0.3506,0.005500,0.009400,0.001100,0.8572,0.2184,0.051900,0.1253,0,0.042100,0,1,768,256,11229,3565.7148,15494.9102,239.1602,0,1,0.000300,0.008900,0.002400,0.020100,0.1915,0,0,0.068500,0.2569,3.0113,0.063200,0.000300,0.001200,0.000200,0.000200,0.007600,0.007400,0.042600,0.005500,0.034300,0.1298,0.012200,0.006300,0.3694,0.028500,0.009600,0.037900,0.011300,0.019100,0.1054,0.026800,0.077300,0.002600,0.1160,0.010000,0.074400,0.6785,0.006100,2.4080,0.000200,0.2018,0.000600,0.000500,0.032800,0.3067,0.8566,0.025800,0.9490,0.1991,0.002300,0.009600,0.000500,0.039900,0.4038,8.3376,8.7628,13.0955,634,16,0.2500,0,16,3.8438,1,0,0,629,1,0,115,102,13,0,-1,-1,0,-1,-1,13.9904,4.9185,0,1525.2227,1525.2227,1525.0977,95,880,535,317,0,0,0.000900,0,0,0.017300,0.089700,0.000600,0.015500,0.079500,0.040700,0.001200,0.001500,0.000300,0.001800,0.006100,0.000800,0.004100,0.024000,0.1400,0.055400,0.079300,0.1685,0.060100,0.5624,0.021000,0.8113,0.000300,0.002100,0.074800,0.010400,0.001800,0.000700,0.032600,0.007200,0.015000,0.001300,0.1614,0.014800,0.044800,0.2224,0.071100,0.001400,0.040300,0.002000,0.036200,0.022700,0.024500,7.7569,0.061400,0.006700,0.000100,0,10.5370,0,0,0,0,0,0,0,50,0,0,0,0,1,1,9,9,2,1,1,4,1,1,1,1,1,1,7,7,1,1,50,9,6,42,76,794,950,0,0,0,0,0,-100,-100,-100,-100,600,1440,107.7673,0,0,-0.000000,-1,0,0,0,1,0,13.7344,5,50,75.1289,13.7344,0,0,48.9844,0,100,0,0,0,0,0,0,0,0,0,1.5373,1.5373,1,1.5373,1.5373,23.1260,8.9635,20141,90,568,135,10873.9727,3604.2891,7254.3555,0,14478.2656,11.3648,3.3660,7.4462,11.3648,3.3660,3.0909,33.3333,5.8052,23.4477,0.000200,0.022600,0.000600,0.000700,0.001700,0.009800,0.000600,0.076800,0,0.019400,0.019900,0.026100,0.3621,0.1878,0.021500,0.005100,0.063400,0,0.046800,0.022600,0.077800,0.005100,0.031600,0.1353,0.015800,0.089200,0.4359,0.7674,0.3454,0.056300,3.0947,0.096200,0.031800,0.039700,0.6981,0.071000,0.002000,0.002400,0.062400,0.2110,0.050200,0.000600,0.6016,1030,393502,0.1903,0,0,0,0,0.3267,0,0,0.007500,0,0,0,0,0,0,0,0,0,0,0,0,0,0,0,0,0,0,0,0,0,0,0
,0.025100,0.005900,2,57,0,55,0,0,13,233,15,0,454,3,0,0,12,2,0,0,0,0,0.008600,0.010300,0.3769,0.005500,0.008800,0.001200,1.0445,0.2000,0.057300,0.1512,0.002800,0.032000,0,1,768,256,11229,3565.7148,15494.9102,239.1602,0.003100,6,0.000400,0.008400,0.001900,0.022400,0.1937,0,0,0.072200,0.2604,3.2616,0.070900,0.000200,0.001300,0.000200,0.000300,0.007600,0.008700,0.048900,0.005600,0.037200,0.1318,0.012200,0.006200,1.3468,0.031900,0.010700,0.030400,0.011400,0.020900,0.1016,0.012700,0.076700,0.002400,0.1116,0.008900,0.080600,0.7000,0.005600,2.6496,0.000400,0.2261,0.000700,0.000800,0.036100,0.3368,0.9225,0.028100,1.0555,0.2037,0.002100,0.011100,0.000500,0.039500,0.3119,7.7877,8.7628,13.0955,634,16,0.2500,0,16,3.8438,1,0,0,629,1,0,115,102,13,0,-1,-1,0,-1,-1,13.9904,4.9185,0,1525.2227,1525.2227,1525.0977,95,880,535,317,0,0,0.001000,0,0,0.019500,0.084300,0.000700,0.013400,0.080900,0.040400,0.000900,0.001500,0.000200,0.001700,0.005900,0.001500,0.004200,0.023600,0.1351,0.056400,0.078500,0.1718,0.046100,0.1881,0.017700,1.5598,0.000300,0.001500,0.068400,0.009700,0.001500,0.000400,0.029900,0.005900,0.014300,0.001100,0.1603,0.014600,0.044900,0.1912,0.070400,0.001200,0.049900,0.002100,0.016700,0.022600,0.020100,7.1823,0.063600,0.007600,0.000100,0,11.1553,0,0,0,0,0,0,0,50,0,0,0,0,1,1,9,9,2,1,1,4,1,1,1,1,1,1,7,7,1,1,50,9,6,42,76,794,950,0,0,0,0,0,-100,-100,-100,-100,600,1440,107.7673,0,0,-0.000000,-1,0,0,0,1,0,13.7344,5,50,75.1289,13.7344,0,0,48.9844,0,100,0,0,0,0,0,0,0,0,0,1.9076,1.9076,1,1.9076,1.9076,34.0199,8.9635,20141,90,568,135,10873.9883,3604.2891,7254.3555,0,14478.2617,10.9349,3.7421,7.9442,10.9349,3.7421,2.9983,33.3333,6.2590,22.5976,0.000600,0.022400,0.000600,0.000600,0.001700,0.007300,0.000600,0.071800,0,0.019400,0.028800,0.038500,0.3435,0.2375,0.019400,0.005200,0.067000,0,0.050000,0.025700,0.086700,0.006100,0.032500,0.1481,0.016700,0.097500,0.4282,0.7376,0.3478,0.057200,2.4423,0.095200,0.031700,0.039000,0.6905,0.086600,0.001900,0.002400,0.061700,0.1966,0.050200,0.000600,0.5993,1056,394858,0,0,0,0,0,0,0,0,0.008400,0,0,0,0,0,0,0,0,0,0,0,0,0,0,0,0,0,0,0,0,0,0,0
,0.028000,0.1077,2,60,0,58,0,0,13,233,27,0,454,3,0,0,12,2,0,0,0,0,0.017400,0.009500,0.3550,0.006200,0.008600,0.001200,0.9537,0.2002,0.059400,0.1503,0.000800,0.028300,0.002500,2,768,256,11229,3565.7148,15494.9102,239.1602,0.001700,8,0.000400,0.017000,0.002900,0.022800,0.3566,0,0,0.060700,0.2935,2.9548,0.070800,0.000300,0.001400,0.000200,0.000200,0.006600,0.007600,0.042400,0.005500,0.034100,0.1076,0.010500,0.005500,1.5493,0.030700,0.009400,0.037100,0.012500,0.022300,0.091700,0.008800,0.080500,0.002500,0.1159,0.008900,0.068200,0.6343,0.004600,2.4251,0.000300,0.2030,0.000500,0.000300,0.031100,0.3065,0.8160,0.027000,0.9678,0.1742,0.001800,0.011100,0.000300,0.036200,0,10.5495,8.7628,13.0955,634,16,0.2500,0,16,3.8438,1,0,0,629,1,0,115,102,13,0,-1,-1,0,-1,-1,13.9904,4.9185,0,1525.2227,1525.2227,1525.0977,95,880,535,317,0,0,0.001000,0,0,0.015100,0.083400,0.000700,0.013100,0.073500,0.041000,0.000900,0.001800,0.000300,0.001400,0.006300,0.000900,0.003900,0.022500,0.1371,0.055900,0.080800,0.1732,0.050300,0.1733,0.022900,0.2524,0.000300,0.001500,0.067000,0.008100,0.001100,0.000600,0.027900,0.006500,0.011500,0.001300,0.1707,0.015000,0.045400,0.2158,0.085300,0.001400,0.064100,0.002800,0.033500,0.023200,0.018900,10.1837,0.086500,0.006200,0.000100,0,10.8606,0,0,0,0,0,0,0,50,0,0,0,0,1,1,9,9,2,1,1,4,1,1,1,1,1,1,7,7,1,1,50,9,6,42,76,794,950,0,0,0,0,0,-100,-100,-100,-100,600,1440,107.7673,0,0,-0.000000,-1,0,0,0,1,0,13.7344,5,50,75.1289,13.7344,0,0,48.9844,0,100,0,0,0,0,0,0,0,0,0,0.5941,0.5941,1,0.5941,0.5941,46.6575,8.9635,20141,90,568,135,10874.2188,3604.2891,7254.3555,0,14478.2773,12.2589,2.3507,7.2986,12.2589,2.3507,3.1256,33.3333,5.8882,22.1630,0.000200,0.022100,0.000600,0.000600,0.001700,0.007300,0.000800,0.072700,0.001000,0.020400,0.027600,0.036900,0.3569,0.1824,0.019400,0.006200,0.067500,0,0.048400,0.008500,0.086100,0.005100,0.032600,0.1347,0.015400,0.088900,0.4270,0.7594,0.3078,0.056300,2.4700,0.095200,0.030700,0.039600,0.6916,0.093200,0.001900,0.002700,0.063400,0.1957,0.049100,0.000600,0.6493,1052,399036,0,0,0,0,0,0,0,0,0.007900,0,0,0,0,0,0,0,0,0,0,0,0,0,0,0,0,0,0,0,0,0,0,0
,0.015200,0.015900,2,63,0,61,0,0,13,233,29,0,454,3,0,0,12,2,0,0,0,0,0.008500,0.006700,0.3374,0.005200,0.008100,0.000800,0.8864,0.1942,0.054000,0.1351,0.001500,0.026100,0,0,768,256,11229,3565.7148,15494.9102,239.1602,0.001500,1,0.000200,0.007900,0.002200,0.017600,0.1889,0,0,0.055600,0.3335,2.9057,0.1192,0.000200,0.001400,0.000300,0.000300,0.006500,0.010200,0.054700,0.005400,0.032200,0.1381,0.011400,0.006000,1.1758,0.028500,0.009500,0.029200,0.010900,0.019200,0.079800,0.014800,0.083400,0.002100,0.1010,0.008800,0.071100,0.6745,0.005800,2.5459,0.000500,0.2145,0.000600,0.000500,0.031900,0.2931,0.9847,0.025800,0.9727,0.5169,0.002000,0.011000,0.000500,0.085900,0.099000,9.0631,8.7628,13.0955,634,16,0.2500,0,16,3.8438,1,0,0,629,1,0,115,102,13,0,-1,-1,0,-1,-1,13.9904,4.9185,0,1525.2227,1525.2227,1441.5039,95,880,535,317,0,0,0.001100,0,0,0.014800,0.081100,0.000500,0.011400,0.069600,0.040200,0.001000,0.001500,0.000200,0.001700,0.006300,0.000800,0.003900,0.022100,0.1303,0.067900,0.079100,0.1628,0.043200,0.5068,0.015200,0,0.000400,0.001800,0.064700,0.009400,0.001200,0.000500,0.026500,0.006400,0.011900,0.001100,0.1465,0.017200,0.044600,0.5094,0.074900,0.001100,0.039400,0.002500,0.036100,0.3065,0.021800,8.1074,0.060100,0.006400,0.000100,0,12.6965,0,0,0,0,0,0,0,50,0,0,0,0,1,1,9,9,2,1,1,4,1,1,1,1,1,1,7,7,1,1,50,9,6,42,76,794,950,0,0,0,0,0,-100,-100,-100,-100,600,1440,107.7673,0,0,-0.000000,-1,0,0,0,1,0,13.7344,5,50,75.1289,13.7344,0,0,48.9844,0,100,0,0,0,0,0,0,0,0,0,0.4582,0.4582,1,0.4582,0.4582,57.5264,8.9635,20141,90,568,135,10874.5352,3604.2891,7254.3555,0,14478.5078,11.2470,2.5522,7.2865,11.2470,2.5522,3.0779,33.3333,5.7952,23.4272,0.000300,0.021900,0.000700,0.000600,0.001700,0.008100,0.001600,0.072200,0,0.019500,0.027900,0.039900,0.3417,0.1851,0.018400,0.006100,0.062100,0,0.045800,0.008700,0.080700,0.005200,0.030600,0.1275,0.016000,0.092200,0.4291,0.7495,0.3310,0.058400,3.2767,0.096300,0.036900,0.039800,0.6924,0.087700,0.002100,0.002300,0.060800,0.1976,0.050200,0.000600,0.5831,1074,403524,0,0,0,0,0,0,0,0,0.009300,0,0,0,0,0,0,0,0,0,0,0,0,0,0,0,0,0,0,0,0,0,0,0
,0.016500,0.006400,2,73,0,71,0,0,14,233,28,0,454,3,0,0,13,2,0,0,0,0,0.010900,0.002600,0.3301,0.005400,0.009300,0.001200,0.8621,0.1583,0.050700,0.1241,0.003600,0.033600,0,0,768,256,11229,3565.7148,15494.9102,239.1602,0.001800,5,0.000400,0.012400,0.002300,0.018500,0.1839,0,0,0.064700,0.2201,3.2315,0.062100,0.000200,0.001200,0.000200,0.000300,0.007000,0.007800,0.041000,0.005100,0.032400,0.1307,0.010800,0.006300,0.9893,0.027800,0.008500,0.029800,0.011500,0.020100,0.080100,0.012900,0.077700,0.002400,0.082000,0.021400,0.075200,0.5947,0.005200,2.3450,0.000300,0.1895,0.000500,0.000300,0.029700,0.3299,0.9105,0.025200,0.9729,0.099000,0.002200,0.010200,0.000500,0.035800,0,10.0941,8.7628,13.0955,634,16,0.2500,0,16,3.8438,1,0,0,629,1,0,115,102,13,0,-1,-1,0,-1,-1,13.9904,4.9185,0,1525.2227,1525.2227,1525.0977,95,914,561,321,0,0,0.000900,0,0,0.014400,0.079100,0.000700,0.011900,0.071700,0.041300,0.001100,0.001500,0.000300,0.001700,0.006400,0.001000,0.003900,0.022700,0.1690,0.055700,0.084800,0.1661,0.042100,0.1429,0.027600,0.1382,0.000200,0.001500,0.068000,0.009100,0.001700,0.000600,0.030400,0.006700,0.012900,0.001100,0.1457,0.015000,0.040900,0.1969,0.068100,0.001200,0.041800,0.003200,0.017800,0.023700,0.018400,9.5337,0.060500,0.007100,0.000100,0,10.8030,0,0,0,0,0,0,0,50,0,0,0,0,1,1,9,9,2,1,1,4,1,1,1,1,1,1,7,7,1,1,50,9,6,42,76,794,950,0,0,0,0,0,-100,-100,-100,-100,600,1440,107.7673,0,0,-0.000000,-1,0,0,0,1,0,13.7344,5,50,75.1289,13.7344,0,0,48.9844,0,100,0,0,0,0,0,0,0,0,0,0.4769,0.4769,1,0.4769,0.4769,5.3329,8.9635,20141,90,568,135,10874.5547,3604.2891,7254.3555,0,14478.8242,11.7297,2.5285,8.0651,11.7297,2.5294,3.0675,33.3333,6.0790,23.4095,0.000200,0.020700,0.000600,0.000600,0.001600,0.007100,0.000700,0.085300,0,0.020400,0.020500,0.032500,0.3590,0.1977,0.019500,0.005100,0.064400,0,0.044300,0.008800,0.086900,0.005100,0.032400,0.1361,0.016400,0.089800,0.4340,0.7102,0.3282,0.057200,2.1197,0.094200,0.031700,0.039200,0.6897,0.085900,0.002000,0.002400,0.059700,0.1945,0.049200,0.000600,0.6014,1022,393046,0,2354,1342,0,0.8250,0,0.004300,0.001100,0.008100,0,0,0,0,0,0,0,0,0,0,0,0,0,0,0,0,0,0,0,0,0,0,0
,0.017300,0.007400,2,57,0,55,0,0,13,233,11,0,454,3,0,0,12,2,0,0,0,0,0.009200,0.015600,0.3411,0.005500,0.009100,0.000800,0.9125,0.2551,0.063800,0.1380,0.001000,0.026100,0,1,768,256,11229,3565.7148,15494.9102,239.1602,0.003100,5,0.000100,0.008300,0.001800,0.019600,0.1846,0,0,0.058600,0.2322,3.0144,0.072800,0.000200,0.001700,0.000200,0.000200,0.007200,0.008700,0.044700,0.008300,0.032800,0.1356,0.012100,0.006300,1.3011,0.027300,0.008600,0.035300,0.012000,0.021000,0.080900,0.009800,0.078100,0.002100,0.076400,0.011100,0.075900,0.6522,0.005800,2.6116,0.000400,0.2252,0.000600,0.000400,0.032800,0.3205,0.6180,0.026700,0.9737,0.1385,0.002200,0.010100,0.000400,0.033100,0.7794,9.0160,8.7628,13.0955,634,16,0.2500,0,16,3.8438,1,0,0,629,1,0,115,102,13,0,-1,-1,0,-1,-1,13.9904,4.9185,0,1525.2227,1525.2227,1525.0977,95,873,561,322,0,0,0.001000,0,0,0.019000,0.081500,0.000600,0.016900,0.071200,0.041800,0.001200,0.001600,0.000300,0.001700,0.006200,0.001300,0.004100,0.023000,0.1301,0.062000,0.081900,0.1571,0.047400,0.3494,0.014900,0,0.000400,0.001300,0.063700,0.009400,0.001300,0.000600,0.025900,0.006700,0.011400,0.001100,0.1475,0.015700,0.041300,0.2200,0.068800,0.001100,0.044300,0.002300,0.034700,0.023700,0.021100,8.5324,0.059300,0.006200,0.000100,0.005800,11.8179,0,0,0,0,0,0,0,50,0,0,0,0,1,1,9,9,2,1,1,4,1,1,1,1,1,1,7,7,1,1,50,9,6,42,76,794,950,0,0,0,0,0,-100,-100,-100,-100,600,1440,107.7673,0,0,-0.000000,-1,0,0,0,1,0,13.7344,5,50,75.1289,13.7344,0,0,48.9844,0,100,0,0,0,0,0,0,0,0,0,0.4242,0.4242,1,0.4242,0.4242,16.1965,8.9635,20141,90,568,135,10874.4805,3604.2891,7254.3555,0,14478.8438,10.7704,2.3021,7.1482,10.7704,2.3021,3.0735,33.3333,5.6687,23.2886,0.000200,0.022200,0.000500,0.000600,0.001500,0.008000,0.000600,0.072900,0,0.029700,0.024300,0.041700,0.3432,0.2081,0.019400,0.005100,0.067400,0,0.043900,0.020400,0.1868,0.006100,0.032800,0.1345,0.016400,0.1008,0.4349,0.6616,0.3929,0.055300,2.0565,0.093100,0.031800,0.039100,0.6892,0.095900,0.002000,0.002500,0.061400,0.1966,0.050200,0.000700,0.6123,1018,390596,0,0,0,0,0,0,0.003100,0,0.007700,0,0,0,0,0,0,0,0,0,0,0,0,0,0,0,0,0,0,0,0,0,0,0
,0.012100,0.005200,2,57,0,55,0,0,13,233,9,0,454,3,0,0,12,2,0,0,0,0,0.011900,0.005000,0.3330,0.007200,0.009200,0.001200,0.8518,0.1741,0.051700,0.1353,0.001100,0.039000,0.001700,1,768,256,11229,3565.7148,15494.9102,239.1602,0.002200,3,0.000200,0.008900,0.001900,0.014400,0.2125,0,0,0.062300,0.2293,2.7759,0.071700,0.000300,0.001200,0.000300,0.000300,0.008000,0.011200,0.050500,0.005100,0.032800,0.1353,0.011100,0.005900,1.5872,0.030400,0.008600,0.040700,0.012200,0.020200,0.091200,0.010700,0.083700,0.002400,0.085400,0.009500,0.070400,0.6215,0.005400,2.3629,0.000300,0.1874,0.000600,0.000500,0.031700,0.3064,0.6690,0.024400,0.9138,0.1811,0.001700,0.009900,0.000400,0.035300,0.1858,9.5136,8.7628,13.0955,634,16,0.2500,0,16,3.8438,1,0,0,629,1,0,115,102,13,0,-1,-1,0,-1,-1,13.9904,4.9185,0,1525.2227,1525.2227,1525.0977,95,870,551,322,0,0,0.000800,0,0,0.015500,0.083300,0.000500,0.011500,0.070200,0.041700,0.000900,0.001700,0.000300,0.001700,0.006400,0.001000,0.004000,0.021200,0.1580,0.057000,0.075700,0.1576,0.039500,0.2454,0.021700,0.5387,0.000400,0.002000,0.064500,0.008000,0.001500,0.000500,0.028000,0.006500,0.012600,0.001100,0.1464,0.014800,0.056400,0.2038,0.067700,0.001400,0.022700,0.003300,0.033000,0.021000,0.017500,9.0830,0.058200,0.006500,0.000100,0,10.8146,0,0,0,0,0,0,0,50,0,0,0,0,1,1,9,9,2,1,1,4,1,1,1,1,1,1,7,7,1,1,50,9,6,42,76,794,950,0,0,0,0,0,-100,-100,-100,-100,600,1440,107.7673,0,0,-0.000000,-1,0,0,0,1,0,13.7344,5,50,75.1289,13.7344,0,0,48.9844,0,100,0,0,0,0,0,0,0,0,0,0.8935,0.8935,1,0.8935,0.8935,27.9775,8.9635,20141,90,568,135,10874.4766,3604.2891,7254.3555,0,14478.7695,11.7693,2.7277,7.3179,11.7693,2.7277,3.0630,33.3333,5.5221,24.3216,0.000600,0.020700,0.000600,0.000600,0.001600,0.008800,0.000600,0.074500,0,0.019500,0.030100,0.038500,0.3742,0.2045,0.019500,0.006100,0.068000,0,0.047200,0.012000,0.2248,0.005100,0.031600,0.1424,0.016000,0.088400,0.4341,1.1660,0.3696,0.057400,3.1326,0.095200,0.030700,0.040500,0.6947,0.084500,0.001900,0.002600,0.063700,0.1954,0.050200,0.000600,0.6120,922,385314,0,0,0,0,0,0,0,0,0.008900,0,0,0,0,0,0,0,0,0,0,0,0,0,0,0,0,0,0,0,0,0,0,0
,0.022600,0.005900,2,57,0,55,0,0,13,233,10,0,454,3,0,0,12,2,0,0,0,0,0,0,0.3300,0.005300,0.009100,0.001100,0.8663,0.1923,0.054100,0.1284,0,0.028800,0,0,768,256,11229,3565.7148,15494.9102,239.1602,0,2,0.000500,0.010500,0.002000,0.013900,0.1897,0,0,0.070200,0.3190,2.5610,0.065100,0.000200,0.001500,0.000200,0.000200,0.007600,0.007700,0.044700,0.005000,0.032800,0.1079,0.011800,0.005800,0.5188,0.031600,0.010000,0.028800,0.011700,0.019100,0.076800,0.008100,0.075200,0.002200,0.082300,0.007900,0.073100,0.6297,0.005800,2.3400,0.000400,0.1838,0.000600,0.000400,0.032900,0.3052,0.7791,0.026400,1.0016,0.1244,0.002500,0.010100,0.000500,0.054400,0.3508,9.1302,8.7628,13.0955,634,16,0.2500,0,16,3.8438,1,0,0,629,1,0,115,102,13,0,-1,-1,0,-1,-1,13.9904,4.9185,0,1525.2227,1525.2227,1525.0977,95,870,551,322,0,0,0.001100,0,0,0.014500,0.083600,0.000600,0.012000,0.074600,0.042400,0.001000,0.001500,0.000300,0.001500,0.006000,0.001000,0.003600,0.022500,0.1881,0.062500,0.082500,0.1672,0.040400,0.1773,0.034000,0.080000,0.000200,0.005800,0.071600,0.010100,0.001600,0.000700,0.030100,0.020300,0.012200,0.001000,0.1498,0.014300,0.043400,0.1914,0.070700,0.001200,0.033200,0.002400,0.017600,0.022900,0.018100,8.5010,0.057900,0.006800,0.000200,0,11.8361,0,0,0,0,0,0,0,50,0,0,0,0,1,1,9,9,2,1,1,4,1,1,1,1,1,1,7,7,1,1,50,9,6,42,76,794,950,0,0,0,0,0,-100,-100,-100,-100,600,1440,107.7673,0,0,-0.000000,-1,0,0,0,1,0,13.7344,5,50,75.1289,13.7344,0,0,48.9844,0,100,0,0,0,0,0,0,0,0,0,0.4769,0.4769,1,0.4769,0.4769,38.8035,8.9635,20141,90,568,135,10874.4609,3604.2891,7254.3555,0,14478.7656,10.9452,2.3270,8.5745,10.9452,2.3282,3.1286,33.3333,6.1928,23.0066,0.000200,0.021600,0.000600,0.000700,0.001700,0.011700,0.000600,0.075400,0,0.020500,0.022100,0.032000,0.3443,0.1942,0.021500,0.007200,0.062500,0,0.045100,0.011400,0.2217,0,0.032400,0.1397,0.016100,0.091300,0.4249,0.7509,0.3369,0.057400,2.4770,0.095200,0.030700,0.038100,0.7027,0.086500,0.001900,0.002500,0.061300,0.2049,0.051200,0.000800,0.6032,972,397320,0.5035,0,0,0,0,0,0.002100,0.001400,0.008700,0,0,0,0,0,0,0,0,0,0,0,0,0,0,0,0,0,0,0,0,0,0,0
,0.017700,0.008700,2,64,0,62,0,0,13,233,49,0,454,3,0,0,12,2,0,0,0,0,0.018100,0.011400,0.3615,0.005500,0.010100,0.001100,1.0608,0.1908,0.058200,0.1653,0.002100,0.034900,0,0,768,256,11229,3565.7148,15494.9102,239.1602,0.006200,4,0.000100,0.009000,0.002500,0.016500,0.2005,0,0,0.061600,0.3322,2.9684,0.065200,0.000300,0.001300,0.000200,0.000300,0.008600,0.009700,0.051700,0.005400,0.049100,0.1468,0.023300,0.007400,0.6651,0.027900,0.009000,0.038900,0.012400,0.019200,0.080700,0.008100,0.075200,0.002200,0.081900,0.010900,0.070800,0.6086,0.004300,2.3433,0.000500,0.1843,0.000700,0.000400,0.028600,0.3082,0.8784,0.030100,0.8727,0.4009,0.002000,0.013600,0.000700,0.036600,0.3891,8.3037,8.7628,13.0955,634,16,0.2500,0,16,3.8438,1,0,0,629,1,0,115,102,13,0,-1,-1,0,-1,-1,13.9904,4.9185,0,1525.2227,1525.2227,1441.6289,95,879,535,318,0,0,0.000800,0,0,0.015600,0.084800,0.000800,0.013100,0.069300,0.041200,0.000800,0.001600,0.000200,0.001500,0.006300,0.000800,0.004000,0.021100,0.1597,0.056600,0.092000,0.1502,0.041300,0.1781,0.024600,0.1435,0.000200,0.001400,0.063100,0.008500,0.001300,0.000600,0.024300,0.006200,0.011700,0.001400,0.1451,0.014500,0.043000,0.2189,0.077600,0.001300,0.045800,0.002900,0.031800,0.023000,0.016900,7.6644,0.088300,0.006800,0.000100,0,10.8106,0,0,0,0,0,0,0,50,0,0,0,0,1,1,9,9,2,1,1,4,1,1,1,1,1,1,7,7,1,1,50,9,6,42,76,794,950,0,0,0,0,0,-100,-100,-100,-100,600,1440,107.7673,0,0,-0.000000,-1,0,0,0,1,0,13.7344,5,50,75.1289,13.7344,0,0,48.9844,0,100,0,0,0,0,0,0,0,0,0,0.4989,0.4989,1,0.4989,0.4989,48.8208,8.9635,20141,90,568,135,10874.3828,3604.2891,7254.3555,0,14478.7500,9.9767,2.2732,7.3934,9.9767,2.2732,3.1591,33.3333,6.5136,22.2657,0.000300,0.022800,0.000700,0.000600,0.001700,0.014700,0.000600,0.083200,0.001000,0.019500,0.019700,0.025900,0.3531,0.2079,0.019400,0.005200,0.061500,0,0.045500,0.011900,0.2189,0,0.031800,0.1341,0.015400,0.089300,0.4368,0.6779,0.2968,0.056400,2.3142,0.093200,0.031800,0.039500,0.6928,0.096500,0.001900,0.002600,0.061900,0.1986,0.049200,0.000700,0.6715,921,385152,0,0,0,0,0,0,0,0,0.008000,0,0,0,0,0,0,0,0,0,0,0,0,0,0,0,0,0,0,0,0,0,0,0
,0.026100,0.005800,2,57,0,55,0,0,13,233,12,0,454,3,0,0,12,2,0,0,0,0,0.007900,0.028500,0.3595,0.005400,0.009900,0.001000,0.8595,0.2163,0.049000,0.1303,0.000900,0.043600,0,1,768,256,11229,3565.7148,15494.9102,239.1602,0.001300,6,0.000200,0.008500,0.001900,0.013800,0.1830,0,0,0.073500,0.2088,2.9694,0.057500,0.000300,0.001200,0.000200,0.000300,0.006900,0.007100,0.041300,0.005600,0.044500,0.1358,0.010700,0.005900,0.4118,0.026200,0.008600,0.027200,0.011200,0.018800,0.1561,0.013600,0.095700,0.002300,0.082200,0.010100,0.073500,0.7167,0.006000,2.4082,0.000300,0.1963,0.000500,0.000400,0.032000,0.3093,0.7793,0.025900,0.9607,0.1702,0.001900,0.010400,0.000400,0.035300,0.092500,9.1754,8.7628,13.0955,634,16,0.2500,0,16,3.8438,1,0,0,629,1,0,115,102,13,0,-1,-1,0,-1,-1,13.9904,4.9185,0,1525.2227,1525.2227,1525.0977,95,879,535,318,0,0,0.000900,0,0,0.018600,0.084500,0.000700,0.015200,0.070100,0.044200,0.001100,0.001800,0.000400,0.001800,0.007200,0.001200,0.004300,0.023100,0.1704,0.060000,0.081400,0.1456,0.043300,0.2038,0.031500,0.079900,0.000300,0.001500,0.063600,0.008600,0.001400,0.000400,0.025300,0.006100,0.012400,0.001200,0.1508,0.014800,0.039700,0.2120,0.067900,0.001100,0.039600,0.002000,0.033900,0.023300,0.022500,9.0469,0.060500,0.006800,0.000100,0,10.0006,0,0,0,0,0,0,0,50,0,0,0,0,1,1,9,9,2,1,1,4,1,1,1,1,1,1,7,7,1,1,50,9,6,42,76,794,950,0,0,0,0,0,-100,-100,-100,-100,600,1440,107.7673,0,0,-0.000000,-1,0,0,0,1,0,13.7344,5,50,75.1289,13.7344,0,0,48.9844,0,100,0,0,0,0,0,0,0,0,0,0.4748,0.4748,1,0.4748,0.4748,60.1380,8.9635,20141,90,568,135,10874.3750,3604.2891,7254.3555,0,14478.6719,10.8786,2.3254,7.4368,10.8786,2.3268,3.0462,33.3333,6.4901,22.9806,0.000200,0.025100,0.000500,0.000600,0.001600,0.009600,0.000700,0.079000,0.001000,0.019400,0.020000,0.029000,0.3746,0.1939,0.019400,0.006200,0.065700,0,0.046300,0.012500,0.086100,0.005200,0.032100,0.1370,0.015800,0.090100,0.4303,0.7460,0.2864,0.059300,3.2911,0.095200,0.030800,0.039400,0.6919,0.089800,0.002000,0.002500,0.061500,0.1978,0.050200,0.000800,0.5975,1026,398462,0,0,0,0,0,0.2700,0.004400,0.001600,0.009000,0,0,0,0,0,0,0,0,0,0,0,0,0,0,0,0,0,0,0,0,0,0,0
,0.026700,0.006200,2,60,0,58,0,0,13,233,27,0,454,3,0,0,12,2,0,0,0,0,0,0,0.3489,0.005700,0.009000,0.001000,0.8813,0.1644,0.048900,0.1362,0,0.025500,0,0,768,256,11229,3565.7148,15494.9102,239.1602,0,0,0.000200,0.009000,0.002400,0.014400,0.1800,0,0,0.062800,0.2485,2.9664,0.092700,0.000200,0.001300,0.000300,0.000300,0.007700,0.007900,0.046000,0.005100,0.029800,0.1028,0.011100,0.006000,1.1728,0.026500,0.008800,0.034100,0.012300,0.019200,0.076300,0.014300,0.068100,0.002500,0.081600,0.008800,0.069100,0.6043,0.005400,2.3654,0.000400,0.2012,0.000600,0.000300,0.032800,0.3331,0.8813,0.025300,0.9946,0.1538,0.002100,0.011900,0.000500,0.040500,0.1459,7.9652,8.7628,13.0955,634,16,0.2500,0,16,3.8438,1,0,0,629,1,0,115,102,13,0,-1,-1,0,-1,-1,13.9904,4.9185,0,1525.2227,1525.2227,1525.0977,95,879,535,318,0,0,0.000800,0,0,0.015200,0.081000,0.000800,0.011800,0.082100,0.038800,0.001000,0.001500,0.000400,0.001600,0.006300,0.001000,0.003800,0.022100,0.1240,0.054500,0.078400,0.1576,0.039600,0.6757,0.017200,0,0.000400,0.001200,0.066800,0.008400,0.001400,0.000500,0.026300,0.006800,0.012900,0.001200,0.1808,0.018800,0.048800,0.2028,0.074000,0.001200,0.052400,0.002100,0.017200,0.021600,0.022800,7.3750,0.057200,0.006800,0.000200,0,11.3092,0,0,0,0,0,0,0,50,0,0,0,0,1,1,9,9,2,1,1,4,1,1,1,1,1,1,7,7,1,1,50,9,6,42,76,794,950,0,0,0,0,0,-100,-100,-100,-100,600,1440,107.7673,0,0,-0.000000,-1,0,0,0,1,0,13.7344,5,50,75.1289,13.7344,0,0,48.9844,0,100,0,0,0,0,0,0,0,0,0,0.4009,0.4009,1,0.4009,0.4009,7.9741,8.9635,20141,90,568,135,10874.3633,3604.2891,7254.3555,0,14478.6641,10.4925,2.6047,8.2091,10.4925,2.6047,2.9959,33.3333,6.0704,22.7427,0.000600,0.021900,0.000600,0.000600,0.001600,0.008700,0.000600,0.074200,0.001100,0.019300,0.021100,0.039000,0.3428,0.1873,0.020400,0.006200,0.062500,0,0.046900,0.014800,0.081300,0.005100,0.034200,0.1332,0.016200,0.094500,0.4252,0.6944,0.2971,0.057300,2.5508,0.094300,0.035800,0.040000,0.6910,0.079700,0.001700,0.002600,0.063600,0.2050,0.049100,0.000600,0.6274,1051,398076,0,2356,1324,0,1.0346,0,0,0,0.007700,0,0,0,0,0,0,0,0,0,0,0,0,0,0,0,0,0,0,0,0,0,0,0
,0.027000,0.006800,2,64,0,62,0,0,13,233,28,0,454,3,0,0,12,2,0,0,0,0,0.021700,0.002400,0.3531,0.005300,0.010300,0.000900,0.9133,0.2091,0.057400,0.1401,0.002500,0.030500,0.004300,0,768,256,11229,3565.7148,15494.9102,239.1602,0.003400,2,0.000100,0.008700,0.002000,0.2388,0.1778,0,0,0.076600,0.2871,3.0092,0.073700,0.000300,0.001600,0.000200,0.000400,0.008900,0.008900,0.058700,0.005600,0.037200,0.1463,0.011800,0.007000,1.4166,0.027600,0.008000,0.041200,0.012600,0.018900,0.089800,0.009300,0.091300,0.002200,0.1023,0.008300,0.1296,0.6025,0.004800,2.3925,0.000500,0.2069,0.000700,0.000400,0.028600,0.3084,0.7522,0.024000,0.9406,0.1692,0.002000,0.010300,0.000500,0.034300,0.1540,9.4200,8.7628,13.0955,634,16,0.2500,0,16,3.8438,1,0,0,629,1,0,115,102,13,0,-1,-1,0,-1,-1,13.9904,4.9185,0,1525.2227,1525.2227,1525.0977,95,880,535,318,0,0,0.001000,0,0,0.015200,0.085400,0.000400,0.011500,0.068400,0.039100,0.000900,0.001700,0.000300,0.001500,0.006100,0.001000,0.003700,0.022500,0.1670,0.057600,0.078700,0.1473,0.041100,0.1953,0.021900,0.1002,0.000200,0.001500,0.062000,0.008100,0.001200,0.000400,0.024700,0.005600,0.012100,0.001100,0.1520,0.014000,0.039700,0.2037,0.068300,0.000900,0.053500,0.002700,0.035100,0.022300,0.016200,8.7895,0.076000,0.006800,0.000100,0,9.9347,0,0,0,0,0,0,0,50,0,0,0,0,1,1,9,9,2,1,1,4,1,1,1,1,1,1,7,7,1,1,50,9,6,42,76,794,950,0,0,0,0,0,-100,-100,-100,-100,600,1440,107.7673,0,0,-0.000000,-1,0,0,0,1,0,13.7344,5,50,75.1289,13.7344,0,0,48.9844,0,100,0,0,0,0,0,0,0,0,0,0.4854,0.4854,1,0.4854,0.4854,18.9443,8.9635,20141,90,568,135,10870.3984,3604.2891,7254.3555,0,14478.6523,10.9357,2.1780,7.2447,10.9357,2.1789,2.9323,33.3333,6.0907,22.9793,0.000300,0.019500,0.000600,0.000600,0.001700,0.010800,0.001200,0.073300,0.001100,0.017400,0.026600,0.035700,0.3579,0.2103,0.019500,0.005100,0.065400,0,0.044700,0.014400,0.078300,0.006200,0.033000,0.1875,0.019000,0.1015,0.4214,0.7471,0.3890,0.058400,2.0805,0.094200,0.031800,0.038600,0.6904,0.089600,0.001900,0.002400,0.061700,0.1975,0.050200,0.000700,0.7223,1021,390132,0,0,0,0,0,0,0,0.001100,0.008100,0,0,0,0,0,0,0,0,0,0,0,0,0,0,0,0,0,0,0,0,0,0,0
,0.018500,0.008900,2,57,0,55,0,0,13,233,12,0,454,3,0,0,12,2,0,0,0,0,0,0.005600,0.3327,0.006500,0.009900,0.001100,0.8625,0.1745,0.050700,0.1285,0,0.034400,0,0,768,256,11229,3565.7148,15494.9102,239.1602,0,2,0.000300,0.010600,0.002200,0.014300,0.2249,0,0,0.058700,0.2423,3.1146,0.052600,0.000300,0.001200,0.000300,0.000200,0.008000,0.006400,0.038400,0.005400,0.034500,0.1104,0.013200,0.008100,0,0.024100,0.008200,0.026200,0.011600,0.019700,0.1164,0.013900,0.071300,0.002500,0.093000,0.008800,0.086000,0.6055,0.006000,2.4221,0.000500,0.1923,0.000600,0.000300,0.030000,0.3045,0.7384,0.026400,1.2474,0.4136,0.002000,0.011900,0.000500,0.035500,1.1452,9.4888,8.7628,13.0955,634,16,0.2500,0,16,3.8438,1,0,0,629,1,0,115,102,13,0,-1,-1,0,-1,-1,13.9904,4.9185,0,1525.2227,1525.2227,1525.0977,95,908,561,322,0,0,0.001100,0,0,0.015800,0.085300,0.000500,0.011700,0.081000,0.044500,0.000900,0.001800,0.000400,0.001700,0.006400,0.001100,0.003600,0.022800,0.1624,0.079800,0.088200,0.1621,0.039900,0.1590,0.026500,0.1195,0.000300,0.001700,0.072300,0.009400,0.001300,0.000500,0.027200,0.007100,0.013700,0.001100,0.1494,0.016600,0.043700,0.2166,0.071300,0.001200,0.043200,0.003100,0.034200,0.024500,0.018000,8.9941,0.059000,0.007500,0.000100,0,11.0605,0,0,0,0,0,0,0,50,0,0,0,0,1,1,9,9,2,1,1,4,1,1,1,1,1,1,7,7,1,1,50,9,6,42,76,794,950,0,0,0,0,0,-100,-100,-100,-100,600,1440,107.7673,0,0,-0.000000,-1,0,0,0,1,0,13.7344,5,50,75.1289,13.7344,0,0,48.9844,0,100,0,0,0,0,0,0,0,0,0,0.4615,0.4615,1,0.4615,0.4615,30.2625,8.9635,20141,90,568,135,10871.5312,3604.2891,7254.3555,0,14474.6875,11.2446,2.3370,7.1701,11.2446,2.3381,3.2437,33.3333,5.9844,23.0587,0.000300,0.021800,0.000700,0.000900,0.001600,0.008500,0.001600,0.074300,0,0.020500,0.019300,0.033500,0.3482,0.1930,0.021500,0.005200,0.062000,0,0.046400,0.013300,0.097200,0.005100,0.032100,0.1338,0.016600,0.091700,0.4301,0.6906,0.3150,0.056400,3.1007,0.095300,0.030700,0.038400,0.6924,0.096500,0.002300,0.002500,0.062300,0.1966,0.050200,0.000700,0.6041,1042,395352,0,0,0,0,0,0.2920,0,0.001300,0.008200,0,0,0,0,0,0,0,0,0,0,0,0,0,0,0,0,0,0,0,0,0,0,0
,0.090700,0.017400,2,60,0,58,0,0,13,233,27,0,454,3,0,0,12,2,0,0,0,0,0.020900,0.008700,0.3353,0.006300,0.009500,0.001200,0.8533,0.1924,0.050100,0.1280,0.002600,0.025600,0,1,768,256,11229,3565.7148,15494.9102,239.1602,0.004000,4,0.000300,0.012900,0.002300,0.015100,0.2049,0,0,0.062700,0.2970,2.7751,0.064300,0.000300,0.001100,0.000200,0.000300,0.007200,0.007100,0.043000,0.005000,0.030900,0.1248,0.009400,0.005700,1.0172,0.031000,0.009700,0.027900,0.012000,0.019300,0.079500,0.008300,0.066700,0.002100,0.075900,0.009800,0.073600,0.6674,0.005400,2.5191,0.000300,0.2165,0.000900,0.000400,0.032600,0.3221,0.7555,0.027200,1.0053,0.2053,0.002400,0.010600,0.000500,0.039700,0.1114,9.9389,8.7628,13.0955,634,16,0.2500,0,16,3.8438,1,0,0,629,1,0,115,102,13,0,-1,-1,0,-1,-1,13.9904,4.9185,0,1525.2227,1525.2227,1525.0977,95,879,561,321,0,0,0.001000,0,0,0.015300,0.077000,0.000800,0.011700,0.066600,0.039700,0.000700,0.001600,0.000500,0.001600,0.006600,0.001100,0.003900,0.022400,0.1791,0.057200,0.081900,0.1700,0.042800,0.1751,0.032300,0.049800,0.000200,0.001700,0.064800,0.008700,0.001500,0.000500,0.026400,0.006400,0.012100,0.001400,0.1487,0.015100,0.042700,0.1977,0.086300,0.001100,0.024300,0.003100,0.019000,0.025000,0.017400,9.6206,0.1067,0.006400,0.000100,0,11.2745,0,0,0,0,0,0,0,50,0,0,0,0,1,1,9,9,2,1,1,4,1,1,1,1,1,1,7,7,1,1,50,9,6,42,76,794,950,0,0,0,0,0,-100,-100,-100,-100,600,1440,107.7673,0,0,-0.000000,-1,0,0,0,1,0,13.7344,5,50,75.1289,13.7344,0,0,48.9844,0,100,0,0,0,0,0,0,0,0,0,0.4347,0.4347,1,0.4347,0.4347,42.1012,8.9635,20141,90,568,135,10871.3594,3604.2891,7254.3555,0,14475.8203,11.6292,2.1877,8.1341,11.6292,2.1877,2.9797,33.3333,5.9817,23.1150,0.000700,0.021500,0.000700,0.000600,0.001800,0.011100,0.000600,0.075500,0.001000,0.019400,0.020600,0.036200,0.3671,0.1979,0.019500,0.005100,0.062800,0,0.045000,0.014100,0.2145,0.005100,0.032900,0.1366,0.016500,0.089600,0.4284,0.7454,0.3424,0.057400,2.5047,0.096300,0.030700,0.038100,0.6918,0.079800,0.002000,0.002500,0.062600,0.1977,0.049200,0.000600,0.6320,1051,397394,0,0,0,0,0,0,0,0,0.008100,0,300000,0,0,0,0,0.8000,50000,1,0,0,0,0,0,0,0,0,0,0,0,0,0,0
,0.019300,0.014600,2,63,0,61,0,0,13,233,25,0,454,3,0,0,12,2,0,0,0,0,0.007600,0.047000,0.4023,0.006000,0.008100,0.001100,1.0201,0.1785,0.058100,0.1389,0.001300,0.041100,0.001100,1,768,256,11229,3565.7148,15494.9102,239.1602,0.001800,4,0.000400,0.010900,0.002400,0.015700,0.1840,0,0,0.079500,0.2525,2.9973,0.072800,0.000300,0.001200,0.000300,0.000300,0.009200,0.009100,0.044300,0.005700,0.033600,0.1134,0.013200,0.006800,1.6124,0.026600,0.008200,0.034400,0.012400,0.019300,0.1018,0.010300,0.077000,0.002200,0.1183,0.009600,0.068900,0.5866,0.004200,2.3134,0.000200,0.1981,0.000600,0.000200,0.028400,0.3021,0.6946,0.023700,0.9541,0.1669,0.001800,0.009300,0.000600,0.036200,0.091200,8.1159,8.7628,13.0955,634,16,0.2500,0,16,3.8438,1,0,0,629,1,0,115,102,13,0,-1,-1,0,-1,-1,13.9904,4.9185,0,1525.2227,1525.2227,1525.0977,95,905,561,321,0,0,0.000900,0,0,0.016400,0.083800,0.000600,0.012400,0.074900,0.041500,0.001000,0.001700,0.000200,0.001700,0.006300,0.000900,0.003900,0.021300,0.1362,0.055900,0.084000,0.1654,0.045000,0.1649,0.023400,0.9184,0.000300,0.002200,0.066700,0.008900,0.001200,0.000600,0.027800,0.006100,0.013100,0.001300,0.1613,0.017100,0.042400,0.2208,0.070800,0.001400,0.035100,0.002400,0.035400,0.022500,0.024600,7.4688,0.068600,0.006400,0.000200,0,11.7621,0,0,0,0,0,0,0,50,0,0,0,0,1,1,9,9,2,1,1,4,1,1,1,1,1,1,7,7,1,1,50,9,6,42,76,794,950,0,0,0,0,0,-100,-100,-100,-100,600,1440,107.7673,0,0,-0.000000,-1,0,0,0,1,0,13.7344,5,50,75.1289,13.7344,0,0,48.9844,0,100,0,0,0,0,0,0,0,0,0,1.2396,1.2396,1,1.2396,1.2396,52.5450,8.9635,20141,90,568,135,10871.3438,3604.2891,7254.3555,0,14475.6484,10.7355,2.9707,7.4435,10.7355,2.9707,2.9686,33.3333,6.1660,22.9478,0.000300,0.020500,0.000700,0.000600,0.001600,0.008600,0.000600,0.074500,0,0.019500,0.026500,0.035900,0.7658,0.1863,0.019500,0.006100,0.061800,0,0.042300,0.022400,0.2097,0.005100,0.033800,0.1415,0.017900,0.1028,0.4354,0.7924,0.2980,0.055200,2.3449,0.094200,0.030800,0.048800,0.6930,0.071000,0.001800,0.002400,0.063200,0.1977,0.049100,0.000700,0.7128,992,396412,0.061500,0,0,0,0,0,0,0,0.008600,0,0,0,0,0,0,0,0,0,0,0,0,0,0,0,0,0,0,0,0,0,0,0
,0.023300,0.005300,2,73,0,71,0,0,14,233,27,0,454,3,0,0,13,2,0,0,0,0,0.010000,0.004100,0.3263,0.005800,0.009100,0.001200,0.8461,0.2026,0.074300,0.1217,0.001000,0.032800,0,2,768,256,11229,3565.7148,15494.9102,239.1602,0.001300,2,0.000200,0.008300,0.001900,0.019200,0.1870,0,0,0.056300,0.2833,2.8305,0.058500,0.000300,0.001300,0.000300,0.000300,0.007000,0.006500,0.040700,0.005100,0.031300,0.2239,0.009700,0.006100,0.4315,0.026000,0.008500,0.031700,0.011900,0.018400,0.080900,0.009400,0.073300,0.002100,0.1120,0.009800,0.068700,0.6588,0.005300,2.3547,0.000400,0.1927,0.000600,0.000500,0.029400,0.3015,0.8046,0.024400,0.9304,0.1362,0.001900,0.009200,0.000600,0.034500,0.3273,9.4539,8.7628,13.0955,634,16,0.2500,0,16,3.8438,1,0,0,629,1,0,115,102,13,0,-1,-1,0,-1,-1,13.9904,4.9185,0,1525.2227,1525.2227,1525.0977,95,880,535,317,0,0,0.001000,0,0,0.015500,0.081500,0.000500,0.012100,0.072100,0.042800,0.000800,0.001500,0.000200,0.001600,0.006300,0.000900,0.004600,0.022500,0.1414,0.059300,0.091700,0.1600,0.041000,0.1895,0.018200,0.1118,0.000300,0.001600,0.066900,0.008500,0.001800,0.000500,0.026400,0.006500,0.012200,0.001100,0.1530,0.015100,0.043500,0.2095,0.067000,0.001300,0.044600,0.003100,0.033300,0.024300,0.016900,9.1046,0.063100,0.006300,0.000100,0,10.5757,0,0,0,0,0,0,0,50,0,0,0,0,1,1,9,9,2,1,1,4,1,1,1,1,1,1,7,7,1,1,50,9,6,42,76,794,950,0,0,0,0,0,-100,-100,-100,-100,600,1440,107.7673,0,0,-0.000000,-1,0,0,0,1,0,13.7344,5,50,75.1289,13.7344,0,0,48.9844,0,100,0,0,0,0,0,0,0,0,0,0.4082,0.4082,1,0.4082,0.4082,63.9279,8.9635,20141,90,568,135,10871.3359,3604.2891,7254.3555,0,14475.6328,11.0928,2.3135,7.7070,11.0928,2.3144,3.1664,33.3333,5.8394,23.6573,0.000600,0.023300,0.000500,0.000600,0.001700,0.008800,0.000700,0.085200,0,0.017500,0.019700,0.026200,0.3509,0.1915,0.019500,0.005100,0.063100,0,0.046900,0.023000,0.2147,0.016400,0.036500,0.1365,0.016000,0.090700,0.4275,0.6973,0.3211,0.057300,2.8996,0.095300,0.030700,0.039700,0.7204,0.092900,0.001900,0.002500,0.062900,0.2027,0.050200,0.000600,0.6184,1023,391106,0,0,0,0,0,0,0.002900,0.001200,0.008100,0,0,0,0,0,0,0,0,0,0,0,0,0,0,0,0,0,0,0,0,0,0,0
,0.015500,0.007300,2,57,0,55,0,0,13,233,16,0,454,3,0,0,12,2,0,0,0,0,0,0.005200,0.3357,0.005900,0.008000,0.001100,0.8630,0.1744,0.053000,0.1279,0.000700,0.023700,0.005400,1,768,256,11229,3565.7148,15494.9102,239.1602,0.001500,4,0.000100,0.007800,0.001800,0.019500,0.1845,0,0,0.059400,0.3107,2.9172,0.064500,0.000200,0.001200,0.000200,0.000200,0.006600,0.007000,0.043000,0.005000,0.032000,0.1299,0.011400,0.006300,1.3315,0.027500,0.009000,0.031200,0.012200,0.018800,0.1075,0.009700,0.1146,0.002600,0.1303,0.008500,0.069400,0.6422,0.005000,2.3320,0.000200,0.1920,0.001400,0.000300,0.031000,0.3287,0.7111,0.024200,0.9498,0.1440,0.001900,0.010300,0.000500,0.042500,0.2522,8.3829,8.7628,13.0955,634,16,0.2500,0,16,3.8438,1,0,0,629,1,0,115,102,13,0,-1,-1,0,-1,-1,13.9904,4.9185,0,1525.2227,1525.2227,1525.0977,95,880,535,317,0,0,0.000800,0,0,0.014500,0.078300,0.000500,0.011500,0.072800,0.040800,0.000800,0.001800,0.000200,0.001900,0.006800,0.000900,0.004000,0.022100,0.1645,0.056400,0.077300,0.1652,0.042800,0.1664,0.023200,0.1218,0.000400,0.005800,0.065900,0.009400,0.001500,0.000600,0.026700,0.006200,0.011600,0.001100,0.1572,0.016000,0.041900,0.1943,0.069700,0.001100,0.042500,0.002400,0.018300,0.023400,0.018100,7.8218,0.057300,0.006000,0.000200,0,11.2836,0,0,0,0,0,0,0,50,0,0,0,0,1,1,9,9,2,1,1,4,1,1,1,1,1,1,7,7,1,1,50,9,6,42,76,794,950,0,0,0,0,0,-100,-100,-100,-100,600,1440,107.7673,0,0,-0.000000,-1,0,0,0,1,0,13.7344,5,50,75.1289,13.7344,0,0,48.9844,0,100,0,0,0,0,0,0,0,0,0,0.4793,0.4793,1,0.4793,0.4793,10.4247,8.9635,20141,90,568,135,10871.3359,3604.2891,7254.3555,0,14475.6250,10.2200,2.1825,8.0727,10.2200,2.1825,2.8442,33.3333,5.6948,23.7352,0.000200,0.021500,0.000600,0.000600,0.001600,0.008500,0.000600,0.073700,0,0.019500,0.029700,0.040900,0.3407,0.1881,0.019500,0.005100,0.066000,0.001000,0.044400,0.025100,0.080400,0.005100,0.030700,0.1296,0.016400,0.091000,0.4301,0.8250,0.3037,0.058300,2.3151,0.094200,0.030700,0.039100,0.6995,0.071800,0.001900,0.002600,0.062100,0.1967,0.049100,0.000500,0.5984,1022,388880,0,2181,1255,0,3.1888,0,0,0,0.007800,0,0,0,0,0,0,0,0,0,0,0,0,0,0,0,0,0,0,0,0,0,0,0
,0.023900,0.006300,2,56,0,54,0,0,13,233,13,0,454,3,0,0,12,2,0,0,0,0,0.017500,0.003100,0.3430,0.005900,0.007900,0.000900,0.9429,0.2048,0.077000,0.1290,0.001100,0.033500,0.002600,1,768,256,11229,3565.7148,15494.9102,239.1602,0.001600,3,0.000100,0.007400,0.001900,0.019600,0.1767,0,0,0.060700,0.2888,2.8835,0.071500,0.000200,0.001200,0.000300,0.000200,0.007000,0.006800,0.048500,0.005800,0.035200,0.1738,0.013000,0.006000,1.6348,0.028700,0.008400,0.035700,0.012100,0.018300,0.079400,0.008200,0.065800,0.002200,0.1010,0.008300,0.067800,0.5878,0.004600,2.3071,0.000300,0.1835,0.000700,0.000300,0.037000,0.3075,0.7001,0.024200,0.9760,0.1783,0.001700,0.009900,0.000400,0.036300,0.3578,9.5821,8.7628,13.0955,634,16,0.2500,0,16,3.8438,1,0,0,629,1,0,115,102,13,0,-1,-1,0,-1,-1,13.9904,4.9185,0,1525.2227,1525.2227,1525.0977,95,880,535,317,0,0,0.000900,0,0,0.015300,0.079000,0.000600,0.011600,0.071100,0.041000,0.000900,0.001700,0.000300,0.001600,0.006300,0.001000,0.004200,0.022700,0.1518,0.056100,0.075400,0.1513,0.048300,0.1930,0.018400,0.046400,0.000100,0.001400,0.061800,0.008100,0.001400,0.000500,0.024300,0.005900,0.013000,0.001300,0.1385,0.013700,0.041000,0.2117,0.085700,0.001200,0.039900,0.001900,0.032400,0.024300,0.016800,8.9083,0.064100,0.006500,0.000100,0.006000,10.0060,0,0,0,0,0,0,0,50,0,0,0,0,1,1,9,9,2,1,1,4,1,1,1,1,1,1,7,7,1,1,50,9,6,42,76,794,950,0,0,0,0,0,-100,-100,-100,-100,600,1440,107.7673,0,0,-0.000000,-1,0,0,0,1,0,13.7344,5,50,75.1289,13.7344,0,0,48.9844,0,100,0,0,0,0,0,0,0,0,0,0.4238,0.4238,1,0.4238,0.4238,21.4440,8.9635,20141,90,568,135,10871.3359,3604.2891,7254.3555,0,14475.6250,11.0892,2.0927,7.2887,11.0892,2.0927,3.0073,33.3333,5.2616,24.0992,0.000200,0.024100,0.000500,0.000600,0.001700,0.011300,0.000600,0.078100,0,0.020500,0.038600,0.037500,0.8225,0.2980,0.038900,0.006100,0.079000,0,0.046400,0.021000,0.095500,0.006100,0.038300,0.1897,0.016300,0.1045,0.4327,0.7015,0.3812,0.057400,2.0645,0.095200,0.030700,0.039100,0.6914,0.094800,0.002200,0.002400,0.060500,0.1954,0.050200,0.000600,0.6212,1069,400160,0,0,0,0,0,0,0,0,0.007800,0,0,0,0,0,0,0,0,0,0,0,0,0,0,0,0,0,0,0,0,0,0,0
,0.081600,0.010800,2,70,0,68,0,0,14,233,29,0,454,3,0,0,13,2,0,0,0,0,0,0.008300,0.3286,0.006400,0.009600,0.001200,0.9112,0.2016,0.053300,0.1256,0.001200,0.023500,0.000900,0,768,256,11229,3565.7148,15494.9102,239.1602,0.001500,6,0.000400,0.009500,0.001700,0.017700,0.1871,0,0,0.074500,0.2526,2.8182,0.065300,0.000200,0.001300,0.000200,0.000300,0.006600,0.007200,0.050800,0.005500,0.034300,0.099900,0.011000,0.006200,1.2708,0.026200,0.013300,0.032800,0.011700,0.018600,0.081800,0.019700,0.073700,0.002200,0.1038,0.008400,0.067900,0.6245,0.004500,2.3359,0.000300,0.1834,0.000500,0.000300,0.030400,0.4241,1.1256,0.026100,0.9327,0.1323,0.002700,0.011100,0.000500,0.033400,0.3214,9.5905,8.7628,13.0955,634,16,0.2500,0,16,3.8438,1,0,0,629,1,0,115,102,13,0,-1,-1,0,-1,-1,13.9904,4.9185,0,1525.2227,1525.2227,1525.0977,95,880,535,317,0,0,0.000900,0,0,0.016800,0.092400,0.000700,0.014000,0.072500,0.040500,0.001200,0.001600,0.000300,0.001600,0.006500,0.001000,0.003700,0.024900,0.1694,0.059300,0.082100,0.1841,0.043400,0.1860,0.022600,0.1649,0.000300,0.002000,0.065500,0.009200,0.001500,0.000500,0.027600,0.006300,0.012700,0.001100,0.1750,0.014800,0.041300,0.2171,0.073600,0.001500,0.058500,0.003000,0.034400,0.024200,0.018600,8.9236,0.058800,0.007000,0.000100,0,11.0667,0,0,0,0,0,0,0,50,0,0,0,0,1,1,9,9,2,1,1,4,1,1,1,1,1,1,7,7,1,1,50,9,6,42,76,794,950,0,0,0,0,0,-100,-100,-100,-100,600,1440,107.7673,0,0,-0.000000,-1,0,0,0,1,0,13.7344,5,50,75.1289,13.7344,0,0,48.9844,0,100,0,0,0,0,0,0,0,0,0,0.5346,0.5346,1,0.5346,0.5346,32.7772,8.9635,20141,90,568,135,10871.3555,3604.2891,7254.3555,0,14475.6250,11.3466,2.3510,7.5714,11.3466,2.3510,3.0315,33.3333,5.4436,23.8944,0.000700,0.021900,0.000600,0.000600,0.001600,0.007200,0.000600,0.073200,0.001000,0.029700,0.021300,0.036300,0.3367,0.1913,0.019500,0.006100,0.066600,0,0.047700,0.008300,0.085300,0.006100,0.032700,0.1352,0.015800,0.090900,1.2703,0.7154,0.3267,0.057300,2.4555,0.094200,0.030700,0.039200,0.6891,0.097600,0.001900,0.002500,0.062700,0.1989,0.050100,0.000700,0.6134,1067,402372,0,0,0,0,0,0,0,0,0.007600,0,0,0,0,0,0,0,0,0,0,0,0,0,0,0,0,0,0,0,0,0,0,0
,0.013700,0.009800,2,64,0,62,0,0,13,233,42,0,454,3,0,0,12,2,0,0,0,0,0.019500,0.006800,0.3747,0.005700,0.008400,0.000700,0.8924,0.2003,0.061800,0.1308,0.000900,0.033800,0,1,768,256,11229,3565.7148,15494.9102,239.1602,0.002500,4,0.000200,0.007700,0.001900,0.018700,0.1738,0,0,0.061100,0.2295,2.9711,0.070700,0.000300,0.001300,0.000400,0.000300,0.006500,0.007900,0.040400,0.004900,0.029900,0.2512,0.010100,0.005700,1.2212,0.030300,0.009600,0.037600,0.011300,0.019900,0.1165,0.018200,0.071500,0.002100,0.1084,0.009200,0.075500,0.6210,0.005800,2.3789,0.000300,0.1957,0.000600,0.000500,0.031000,0.3117,0.7361,0.026000,0.9835,0.1790,0.002400,0.010500,0.000500,0.035600,0,9.7216,8.7628,13.0955,634,16,0.2500,0,16,3.8438,1,0,0,629,1,0,115,102,13,0,-1,-1,0,-1,-1,13.9904,4.9185,0,1525.2227,1525.2227,1525.0977,95,880,535,317,0,0,0.000900,0,0,0.016700,0.079800,0.000600,0.024900,0.069100,0.040900,0.000700,0.002100,0.000300,0.001600,0.007000,0.001200,0.004000,0.026500,0.1548,0.060100,0.097100,0.1592,0.039500,0.1822,0.030400,0.066000,0.000100,0.001500,0.064200,0.007800,0.001300,0.000500,0.024800,0.006200,0.012000,0.001100,0.1396,0.014700,0.040000,0.1900,0.070100,0.000900,0.042800,0.002400,0.018400,0.022800,0.016900,8.6851,0.060800,0.006200,0.000200,0,11.3084,0,0,0,0,0,0,0,50,0,0,0,0,1,1,9,9,2,1,1,4,1,1,1,1,1,1,7,7,1,1,50,9,6,42,76,794,950,0,0,0,0,0,-100,-100,-100,-100,600,1440,107.7673,0,0,-0.000000,-1,0,0,0,1,0,13.7344,5,50,75.1289,13.7344,0,0,48.9844,0,100,0,0,0,0,0,0,0,0,0,0.4359,0.4359,1,0.4359,0.4359,44.1341,8.9635,20141,90,568,135,10871.3555,3604.2891,7254.3555,0,14475.6445,11.2951,2.2545,8.0954,11.2951,2.2557,2.9090,33.3333,5.4728,23.9044,0.000200,0.021800,0.000600,0.000600,0.001500,0.007500,0.000600,0.072300,0.001000,0.020500,0.027200,0.037700,0.3451,0.1909,0.018400,0.006200,0.064400,0,0.045100,0.010100,0.084800,0.005100,0.031500,0.1337,0.015900,0.089900,0.4257,0.7347,0.3622,0.055200,2.7782,0.096300,0.030700,0.039100,0.6892,0.084800,0.001900,0.002400,0.061600,0.1965,0.050200,0.000800,0.6204,1025,390815,0,0,0,0,0,0,0,0.001400,0.008200,0,0,0,0,0,0,0,0,0,0,0,0,0,0,0,0,0,0,0,0,0,0,0
,0.015100,0.007000,2,57,0,55,0,0,13,233,16,0,454,3,0,0,12,2,0,0,0,0,0.009100,0,0.3596,0.005900,0.008700,0.001500,0.8947,0.1638,0.054000,0.1305,0.001000,0.043800,0.002000,1,768,256,11229,3565.7148,15494.9102,239.1602,0.001400,4,0.000300,0.011500,0.002200,0.018500,0.2027,0,0,0.058800,0.2873,3.0878,0.068400,0.000400,0.001200,0.000200,0.000200,0.006900,0.007600,0.054700,0.006100,0.033800,0.1762,0.014400,0.006400,1.6745,0.028500,0.009100,0.039400,0.011800,0.018600,0.079900,0.011000,0.076400,0.001900,0.081200,0.007700,0.074800,0.6029,0.005100,2.4585,0.000300,0.2047,0.000500,0.000300,0.030600,0.3014,0.8023,0.024400,0.9428,0.1764,0.001800,0.009500,0.000400,0.034600,0.095200,8.3262,8.7628,13.0955,634,16,0.2500,0,16,3.8438,1,0,0,629,1,0,115,102,13,0,-1,-1,0,-1,-1,13.9904,4.9185,0,1525.2227,1525.2227,1525.0977,95,913,561,321,0,0,0.000900,0,0,0.014300,0.095100,0.000500,0.011300,0.088600,0.042900,0.001000,0.001800,0.000100,0.001600,0.006300,0.001200,0.003700,0.022600,0.1678,0.058700,0.083700,0.1705,0.043400,0.1662,0.024800,1.0190,0.000200,0.001900,0.079500,0.009400,0.001700,0.000700,0.030800,0.006700,0.014900,0.001200,0.1564,0.015500,0.043100,0.2374,0.074300,0.001300,0.029900,0.003000,0.035100,0.024100,0.038000,7.6935,0.058600,0.007300,0.000200,0,11.3704,0,0,0,0,0,0,0,50,0,0,0,0,1,1,9,9,2,1,1,4,1,1,1,1,1,1,7,7,1,1,50,9,6,42,76,794,950,0,0,0,0,0,-100,-100,-100,-100,600,1440,107.7673,0,0,-0.000000,-1,0,0,0,1,0,13.7344,5,50,75.1289,13.7344,0,0,48.9844,0,100,0,0,0,0,0,0,0,0,0,1.3119,1.3119,1,1.3119,1.3119,55.0500,8.9635,20141,90,568,135,10871.3555,3604.2891,7254.3555,0,14475.6445,10.9059,3.6535,7.5595,10.9059,3.6535,2.9522,33.3333,5.1627,24.0513,0.000200,0.021500,0.000700,0.000700,0.001700,0.025500,0.000600,0.073300,0,0.019500,0.029000,0.037800,0.7932,0.2896,0.022500,0.006200,0.069300,0,0.044500,0.008600,0.086500,0.007200,0.038400,0.1823,0.026600,0.1030,0.4390,0.6900,0.3834,0.056300,2.0604,0.093200,0.031700,0.039100,0.6920,0.050300,0.001900,0.002900,0.074500,0.2089,0.049100,0.000600,0.6253,1031,394955,0,0,0,0,0,0,0,0,0.007600,0,0,0,0,0,0,0,0,0,0,0,0,0,0,0,0,0,0,0,0,0,0,0
,0.015000,0.007500,2,60,0,58,0,0,13,233,28,0,454,3,0,0,12,2,0,0,0,0,0.008700,0.007700,0.3343,0.006800,0.010000,0.014300,0.8741,0.2067,0.049600,0.1160,0.002500,0.030300,0,0,768,256,11229,3565.7148,15494.9102,239.1602,0.001900,5,0.000100,0.008300,0.002100,0.018100,0.1855,0,0,0.057600,0.3110,2.7385,0.062700,0.000200,0.001200,0.000300,0.000200,0.007100,0.006200,0.042900,0.005100,0.032800,0.1268,0.010600,0.005800,1.3144,0.028200,0.008600,0.030900,0.010900,0.018500,0.069500,0.009100,0.1271,0.002800,0.082100,0.009100,0.071900,0.6490,0.005200,2.4935,0.000400,0.1966,0.000600,0.000500,0.030900,0.3197,1.2764,0.024800,0.9778,0.1388,0.002200,0.014500,0.000500,0.036700,0.1243,9.7370,8.7628,13.0955,634,16,0.2500,0,16,3.8438,1,0,0,629,1,0,115,102,13,0,-1,-1,0,-1,-1,13.9904,4.9185,0,1525.2227,1525.2227,1525.0977,95,884,561,322,0,0,0.000900,0,0,0.014900,0.080100,0.000700,0.010700,0.070300,0.042600,0.000900,0.001700,0.000200,0.001600,0.006100,0.001200,0.003900,0.024400,0.1965,0.061100,0.093700,0.1578,0.039000,0.2132,0.022600,0.1918,0.000300,0.001900,0.064400,0.009000,0.001600,0.000700,0.025800,0.006300,0.011300,0.001000,0.1608,0.013600,0.040300,0.2100,0.070100,0.001300,0.032200,0.002200,0.033800,0.023300,0.016600,9.0740,0.059400,0.006200,0.000100,0,10.9696,0,0,0,0,0,0,0,50,0,0,0,0,1,1,9,9,2,1,1,4,1,1,1,1,1,1,7,7,1,1,50,9,6,42,76,794,950,0,0,0,0,0,-100,-100,-100,-100,600,1440,107.7673,0,0,-0.000000,-1,0,0,0,1,0,13.7344,5,50,75.1289,13.7344,0,0,48.9844,0,100,0,0,0,0,0,0,0,0,0,0.5490,0.5490,1,0.5490,0.5490,4.8182,8.9635,20141,90,568,135,10871.3555,3604.2891,7254.3555,0,14475.6445,11.5749,2.4776,7.4997,11.5749,2.4792,3.0084,33.3333,5.2512,23.9046,0.000200,0.021700,0.000600,0.000600,0.001700,0.007600,0.001600,0.072300,0,0.020500,0.027600,0.041500,0.3421,0.1960,0.019500,0.006100,0.065900,0,0.044700,0.019900,0.1982,0.006100,0.032600,0.1373,0.015300,0.088900,0.9180,0.6790,0.3701,0.057400,2.9573,0.097300,0.031700,0.039900,0.6919,0.076700,0.001900,0.002400,0.063300,0.1966,0.050200,0.000600,0.5956,1054,398084,0.049400,2183,1214,0,0.9169,0,0,0.001800,0.008400,0,0,0,0,0,0,0,0,0,0,0,0,0,0,0,0,0,0,0,0,0,0,0
,0.015300,0.021100,2,63,0,61,0,0,13,233,28,0,454,3,0,0,12,2,0,0,0,0,0,0.007300,0.7617,0.005400,0.008900,0.000900,1.3428,0.1742,0.060800,0.1433,0.001400,0.041100,0,1,768,256,11229,3565.7148,15494.9102,239.1602,0.003000,3,0.000300,0.019500,0.002000,0.012800,0.1712,0,0,0.058000,0.2585,2.9686,0.061500,0.000300,0.001800,0.000300,0.000300,0.008700,0.007400,0.041000,0.004600,0.033600,0.1233,0.010500,0.006600,0.3859,0.025100,0.008300,0.031200,0.011900,0.018300,0.080700,0.009200,0.071600,0.001900,0.080400,0.009200,0.073200,0.6163,0.005400,2.3737,0.000200,0.1878,0.000800,0.000300,0.029200,0.3655,0.6941,0.025200,0.9652,0.1525,0.002000,0.008900,0.000500,0.032000,0.057500,9.7647,8.7628,13.0955,634,16,0.2500,0,16,3.8438,1,0,0,629,1,0,115,102,13,0,-1,-1,0,-1,-1,13.9904,4.9185,0,1525.2227,1525.2227,1525.0977,95,895,561,322,0,0,0.001000,0,0,0.015300,0.079900,0.000500,0.011200,0.070900,0.040400,0.000900,0.001600,0.000100,0.001800,0.006300,0.000800,0.004300,0.022800,0.1716,0.054200,0.084500,0.1605,0.055500,0.1622,0.026900,0.1069,0.000300,0.001500,0.068400,0.008300,0.001500,0.000800,0.027200,0.006500,0.013500,0.001200,0.1406,0.015900,0.040900,0.1919,0.068700,0.001100,0.043700,0.002800,0.016400,0.024100,0.016800,9.2019,0.061500,0.006800,0.000200,0.003400,11.4778,0,0,0,0,0,0,0,50,0,0,0,0,1,1,9,9,2,1,1,4,1,1,1,1,1,1,7,7,1,1,50,9,6,42,76,794,950,0,0,0,0,0,-100,-100,-100,-100,600,1440,107.7673,0,0,-0.000000,-1,0,0,0,1,0,13.7344,5,50,75.1289,13.7344,0,0,48.9844,0,100,0,0,0,0,0,0,0,0,0,0.4798,0.4798,1,0.4798,0.4798,16.2490,8.9635,20141,90,568,135,10871.3633,3604.2891,7254.3555,0,14475.6445,11.4316,2.2534,8.3025,11.4316,2.2534,2.9202,33.3333,5.5242,23.6620,0.000300,0.024700,0.000600,0.000700,0.001800,0.013800,0.000600,0.082500,0.001000,0.018500,0.020500,0.033900,0.3595,0.1959,0.018400,0.007200,0.062200,0,0.045700,0.011300,0.1919,0.006100,0.033000,0.1403,0.016700,0.090600,0.4271,0.7217,0.3057,0.057300,2.5547,0.094200,0.030700,0.038000,0.6899,0.085200,0.002200,0.002800,0.061800,0.1957,0.050100,0.000700,0.6084,1009,396722,0,0,0,0,0,0,0,0,0.007900,0,0,0,0,0,0,0,0,0,0,0,0,0,0,0,0,0,0,0,0,0,0,0
,0.015900,0.008500,2,73,0,71,0,0,14,233,29,0,454,3,0,0,13,2,0,0,0,0,0.012600,0.005000,0.3180,0.005200,0.008900,0.001100,0.8381,0.2056,0.051900,0.1290,0,0.030000,0.000900,2,768,256,11229,3565.7148,15494.9102,239.1602,0.002200,3,0,0.013400,0.001900,0.013700,0.1800,0,0,0.057900,0.2715,3.0121,0.073400,0.000200,0.001500,0.000300,0.000200,0.007200,0.007900,0.052200,0.006800,0.036900,0.1413,0.012200,0.006900,1.5622,0.026000,0.008100,0.043300,0.011600,0.019200,0.075500,0.009600,0.078000,0.002100,0.079000,0.009000,0.080200,0.6278,0.004900,2.3478,0.000200,0.1830,0.000600,0.000400,0.028500,0.3224,0.7451,0.024300,0.8988,0.1075,0.001900,0.009600,0.000400,0.035900,0.3123,6.7710,8.7628,13.0955,634,16,0.2500,0,16,3.8438,1,0,0,629,1,0,115,102,13,0,-1,-1,0,-1,-1,13.9904,4.9185,0,1525.2227,1525.2227,1525.0977,95,879,535,318,0,0,0.000800,0,0,0.016000,0.082700,0.000600,0.011100,0.077600,0.042900,0.000900,0.001600,0.000300,0.001600,0.006800,0.000900,0.003700,0.022400,0.1541,0.059900,0.081600,0.1795,0.035400,0.1937,0.018400,1.6025,0.000400,0.001700,0.070800,0.010100,0.001600,0.000500,0.030300,0.007000,0.013800,0.001200,0.1514,0.014400,0.046400,0.2097,0.072700,0.001200,0.045100,0.002400,0.033600,0.022800,0.020300,6.1161,0.059200,0.007000,0.000100,0,11.3976,0,0,0,0,0,0,0,50,0,0,0,0,1,1,9,9,2,1,1,4,1,1,1,1,1,1,7,7,1,1,50,9,6,42,76,794,950,0,0,0,0,0,-100,-100,-100,-100,600,1440,107.7673,0,0,-0.000000,-1,0,0,0,1,0,13.7344,5,50,75.1289,13.7344,0,0,48.9844,0,100,0,0,0,0,0,0,0,0,0,1.9604,1.9604,1,1.9604,1.9604,26.1302,8.9635,20141,90,568,135,10872.5742,3604.2891,7254.3555,0,14475.6523,9.8548,3.7219,7.3545,9.8548,3.7231,2.9994,33.3333,5.8114,22.8895,0.000200,0.022100,0.000600,0.000600,0.001700,0.014200,0.000500,0.075200,0,0.017500,0.032000,0.035100,1.2530,0.3068,0.024700,0.006100,0.067200,0,0.045500,0.011700,0.2092,0.007200,0.037700,0.1831,0.021000,0.1003,0.4380,0.6931,0.3873,0.062400,2.0577,0.094200,0.030800,0.039800,0.6906,0.096700,0.002000,0.002500,0.061400,0.1956,0.050200,0.000700,0.6481,1013,394468,0,0,0,0,0,0,0,0.001400,0.007700,0,0,0,0,0,0,0,0,0,0,0,0,0,0,0,0,0,0,0,0,0,0,0
,0.019600,0.008700,2,58,0,56,0,0,13,233,33,0,454,3,0,0,12,2,0,0,0,0,0.025600,0.031800,0.4024,0.005600,0.009300,0.001000,0.8778,0.1998,0.049400,0.1511,0.001100,0.026800,0,1,768,256,11229,3565.7148,15494.9102,239.1602,0.001500,5,0.000300,0.008100,0.002200,0.012900,0.2226,0,0,0.056000,0.3144,2.8856,0.063800,0.000200,0.001100,0.000200,0.000200,0.006800,0.006300,0.049300,0.004700,0.031800,0.1287,0.009800,0.005800,1.1267,0.043500,0.008100,0.041200,0.014900,0.019900,0.072800,0.008500,0.069700,0.002200,0.074600,0.008500,0.072000,0.6198,0.004800,2.3357,0.000300,0.1907,0.000600,0.000300,0.028600,0.3652,0.8013,0.027400,0.9537,0.4513,0.001800,0.010900,0.000500,0.036300,0.1963,9.5391,8.7628,13.0955,634,16,0.2500,0,16,3.8438,1,0,0,629,1,0,115,102,13,0,-1,-1,0,-1,-1,13.9904,4.9185,0,1525.2227,1525.2227,1441.6289,95,879,535,318,0,0,0.001100,0,0,0.016100,0.081100,0.000700,0.011900,0.072900,0.041700,0.001000,0.001800,0.000300,0.001600,0.006800,0.001200,0.003800,0.024100,0.1688,0.058600,0.097600,0.1866,0.044100,0.1846,0.025800,0.1771,0.000200,0.001800,0.067500,0.009500,0.001300,0.000400,0.028600,0.006400,0.012000,0.001300,0.1518,0.015900,0.045200,0.2071,0.069300,0.001100,0.039800,0.002500,0.034300,0.021800,0.018500,8.9644,0.061400,0.006700,0.000100,0,9.8848,0,0,0,0,0,0,0,50,0,0,0,0,1,1,9,9,2,1,1,4,1,1,1,1,1,1,7,7,1,1,50,9,6,42,76,794,950,0,0,0,0,0,-100,-100,-100,-100,600,1440,107.7673,0,0,-0.000000,-1,0,0,0,1,0,13.7344,5,50,75.1289,13.7344,0,0,48.9844,0,100,0,0,0,0,0,0,0,0,0,0.5481,0.5481,1,0.5481,0.5481,37.4517,8.9635,20141,90,568,135,10872.6211,3604.2891,7254.3555,0,14476.8633,11.3255,2.3685,8.0891,11.3255,2.3697,2.9853,33.3333,5.3260,24.1219,0.000200,0.021600,0.000600,0.000600,0.001400,0.007600,0.000600,0.072400,0,0.017400,0.029100,0.038400,0.3543,0.1935,0.019400,0.006200,0.066600,0,0.046600,0.012200,0.082400,0.005200,0.032000,0.1328,0.015600,0.1009,0.8971,0.6949,0.3973,0.056400,2.0755,0.093100,0.032800,0.039100,0.6908,0.093400,0.004400,0.004500,0.061800,0.1947,0.049100,0.000600,0.6023,1092,407356,0,0,0,0,0,0,0,0.001400,0.007900,0,0,0,0,0,0,0,0,0,0,0,0,0,0,0,0,0,0,0,0,0,0,0
,0.013300,0.006200,2,77,0,75,0,0,14,233,40,0,454,3,0,0,13,2,0,0,0,0,0.008800,0.005000,0.3234,0.005700,0.009200,0.001000,0.8226,0.2166,0.056000,0.1292,0.002500,0.3824,0,1,768,256,11229,3565.7148,15494.9102,239.1602,0.001500,4,0.000200,0.012300,0.002400,0.013200,0.1916,0,0,0.069900,0.3242,3.0559,0.058600,0.000200,0.001500,0.000200,0.000200,0.007200,0.007400,0.038500,0.005500,0.031200,0.1379,0.010800,0.006300,0.4708,0.024800,0.007700,0.025700,0.010900,0.018000,0.074700,0.009100,0.068100,0.002300,0.076100,0.008700,0.077300,0.5981,0.005900,2.3916,0.000200,0.1847,0.000500,0.000300,0.026900,0.3054,0.7019,0.024300,0.9415,0.3947,0.002000,0.010900,0.000400,0.036400,0,9.4951,8.7628,13.0955,634,16,0.2500,0,16,3.8438,1,0,0,629,1,0,115,102,13,0,-1,-1,0,-1,-1,13.9904,4.9185,0,1525.2227,1525.2227,1441.6289,95,907,561,322,0,0,0.001000,0,0,0.015100,0.078600,0.000600,0.011500,0.068200,0.039000,0.000800,0.001700,0.000300,0.001500,0.006300,0.000900,0.003900,0.020900,0.1509,0.055300,0.083500,0.1612,0.042100,0.2050,0.018800,0.056200,0.000400,0.001500,0.064100,0.007900,0.001700,0.000500,0.026300,0.006500,0.011200,0.001100,0.1422,0.014600,0.041400,0.1866,0.067400,0.001200,0.041000,0.002500,0.016800,0.022800,0.016500,8.9349,0.061400,0.005500,0.000100,0,11.3487,0,0,0,0,0,0,0,50,0,0,0,0,1,1,9,9,2,1,1,4,1,1,1,1,1,1,7,7,1,1,50,9,6,42,76,794,950,0,0,0,0,0,-100,-100,-100,-100,600,1440,107.7673,0,0,-0.000000,-1,0,0,0,1,0,13.7344,5,50,75.1289,13.7344,0,0,48.9844,0,100,0,0,0,0,0,0,0,0,0,0.4414,0.4414,1,0.4414,0.4414,48.5359,8.9635,20141,90,568,135,10872.6211,3604.2891,7254.3555,0,14476.9102,11.0962,2.1864,7.7672,11.0962,2.1864,2.8185,33.3333,5.5918,23.5281,0.000300,0.021000,0.000500,0.000600,0.001600,0.010600,0.000700,0.074600,0.001000,0.018500,0.021100,0.039000,0.3419,0.1871,0.018500,0.006100,0.061900,0,0.046600,0.010900,0.084300,0.005100,0.030400,0.1350,0.015000,0.092200,0.4267,0.7074,0.3834,0.057400,2.0567,0.094200,0.030800,0.040000,0.6797,0.075400,0.001900,0.002600,0.062300,0.1975,0.049200,0.000600,0.6044,1026,391560,0,0,0,0,0,0,0,0,0.008400,0,0,0,0,0,0,0,0,0,0,0,0,0,0,0,0,0,0,0,0,0,0,0
,0.026000,0.015400,2,57,0,55,0,0,13,233,15,0,454,3,0,0,12,2,0,0,0,0,0.010100,0.004900,0.3155,0.006200,0.008200,0.001200,0.8660,0.1711,0.050400,0.1224,0.001100,0.038000,0,1,768,256,11229,3565.7148,15494.9102,239.1602,0.001300,4,0.000300,0.008700,0.001700,0.013900,0.1844,0,0,0.056400,0.2440,3.0433,0.062500,0.000200,0.001300,0.000200,0.000300,0.006100,0.006700,0.040200,0.005100,0.030000,0.5794,0.009900,0.006400,0.5356,0.026100,0.008600,0.030200,0.011600,0.019900,0.089000,0.023700,0.080100,0.002300,0.081300,0.009300,0.081100,0.6530,0.005300,2.4255,0.000200,0.1912,0.000500,0.000400,0.031500,0.3116,0.7543,0.024100,0.9623,1.1332,0.001800,0.012300,0.000500,0.048400,0,7.3935,8.7628,13.0955,634,16,0.2500,0,16,3.8438,1,0,0,629,1,0,115,102,13,0,-1,-1,0,-1,-1,13.9904,4.9185,0,1525.2227,1525.2227,1441.5039,95,906,561,322,0,0,0.000900,0,0,0.015100,0.084700,0.000500,0.020600,0.075600,0.040000,0.000800,0.001400,0.000100,0.001700,0.006400,0.000800,0.003400,0.022800,0.1254,0.058900,0.082200,0.1606,0.037000,0.1533,0.018900,1.4163,0.000200,0.006300,0.066400,0.009300,0.001400,0.000300,0.027700,0.006600,0.012400,0.001100,0.1375,0.014100,0.055700,0.2162,0.068400,0.001200,0.045000,0.002100,0.034400,0.023200,0.021300,7.0695,0.059300,0.006900,0.000100,0,10.9904,0,0,0,0,0,0,0,50,0,0,0,0,1,1,9,9,2,1,1,4,1,1,1,1,1,1,7,7,1,1,50,9,6,42,76,794,950,0,0,0,0,0,-100,-100,-100,-100,600,1440,107.7673,0,0,-0.000000,-1,0,0,0,1,0,13.7344,5,50,75.1289,13.7344,0,0,48.9844,0,100,0,0,0,0,0,0,0,0,0,1.6629,1.6629,1,1.6629,1.6629,59.0243,8.9635,20141,90,568,135,10872.6211,3604.2891,7254.3555,0,14476.9102,10.2085,3.3651,7.1504,10.2085,3.3662,2.9750,33.3333,5.7259,23.8907,0.000300,0.021700,0.000500,0.000600,0.001700,0.008600,0.000700,0.072200,0.001000,0.017400,0.019200,0.032100,0.3788,0.6849,0.030700,0.005100,0.061800,0,0.046500,0.015800,0.1915,0.005100,0.032400,0.1433,0.020500,0.093000,0.4291,0.6660,0.3026,0.056300,2.2805,0.094200,0.030700,0.039300,0.6898,0.087900,0.001900,0.002400,0.060300,0.1956,0.050200,0.000700,0.6310,1027,389860,0,0,0,0,0,0,0,0.001300,0.009100,0,0,0,0,0,0,0,0,0,0,0,0,0,0,0,0,0,0,0,0,0,0,0
,0.016300,0.005800,2,56,0,54,0,0,13,233,15,0,454,3,0,0,12,2,0,0,0,0,0.007800,0.002300,0.3302,0.005100,0.008500,0.001000,0.8387,0.2106,0.052500,0.1218,0.001200,0.055300,0,1,768,256,11229,3565.7148,15494.9102,239.1602,0.002300,2,0.000300,0.010900,0.002200,0.012800,0.1911,0,0,0.062300,0.2107,2.8094,0.070400,0.000300,0.001500,0.000200,0.000300,0.006100,0.007300,0.056200,0.005400,0.030800,0.097700,0.013700,0.006200,0.7667,0.027000,0.008900,0.036900,0.011900,0.021100,0.079900,0.008300,0.071200,0.002400,0.076600,0.007900,0.069700,0.5895,0.004700,2.3335,0.000300,0.1863,0.000600,0.000300,0.029600,0.3111,0.8243,0.023600,0.9144,0.1547,0.002100,0.010300,0.000400,0.032400,0,9.0499,8.7628,13.0955,634,16,0.2500,0,16,3.8438,1,0,0,629,1,0,115,102,13,0,-1,-1,0,-1,-1,13.9904,4.9185,0,1525.2227,1525.2227,1525.0977,95,894,561,322,0,0,0.001000,0,0,0.014600,0.092500,0.000600,0.015200,0.074800,0.049500,0.000900,0.001500,0.000600,0.001800,0.006400,0.001200,0.017200,0.023700,0.1407,0.063000,0.098700,0.1796,0.038600,0.9101,0.014800,0,0.000200,0.001800,0.065800,0.009300,0.001300,0.000500,0.026400,0.006700,0.012400,0.001700,0.1494,0.017000,0.042700,0.2145,0.066300,0.001500,0.025200,0.003100,0.032100,0.022400,0.019600,8.4774,0.054600,0.005500,0.000100,0,10.5383,0,0,0,0,0,0,0,50,0,0,0,0,1,1,9,9,2,1,1,4,1,1,1,1,1,1,7,7,1,1,50,9,6,42,76,794,950,0,0,0,0,0,-100,-100,-100,-100,600,1440,107.7673,0,0,-0.000000,-1,0,0,0,1,0,13.7344,5,50,75.1289,13.7344,0,0,48.9844,0,100,0,0,0,0,0,0,0,0,0,0.4298,0.4298,1,0.4298,0.4298,6.7216,8.9635,20141,90,568,135,10872.6211,3604.2891,7254.3555,0,14476.9102,11.6091,2.8675,7.7861,11.6091,2.8675,2.9951,33.3333,5.3996,23.9011,0.000300,0.020700,0.000600,0.000600,0.001400,0.008800,0.000600,0.073300,0,0.019500,0.029100,0.038100,0.3503,0.1900,0.019500,0.005100,0.074100,0,0.046400,0.014800,0.1984,0.006100,0.032100,0.1364,0.026800,0.095400,0.4292,0.7017,0.3187,0.056300,2.4773,0.095300,0.031700,0.039200,0.6926,0.077500,0.001900,0.002400,0.060600,0.2029,0.050200,0.000800,0.6185,1022,389650,0,2358,1333,0,0.9337,0,0,0,0.007600,0,0,0,0,0,0,0,0,0,0,0,0,0,0,0,0,0,0,0,0,0,0,0
,0.018000,0.029200,2,56,0,54,0,0,13,233,13,0,454,3,0,0,12,2,0,0,0,0,0,0.004600,0.3192,0.007700,0.009300,0.001100,0.7612,0.1605,0.053500,0.1328,0,0.028500,0,1,768,256,11229,3565.7148,15494.9102,239.1602,0,1,0.000200,0.007800,0.002100,0.014400,0.2105,0,0,0.056700,0.3037,2.6691,0.068000,0.000200,0.001400,0.000200,0.000300,0.006800,0.006000,0.046900,0.005400,0.033600,0.099100,0.010300,0.006300,0.3748,0.026200,0.009000,0.029600,0.023800,0.018700,0.1026,0.009600,0.077800,0.002500,0.091600,0.007800,0.076700,0.6182,0.005100,2.3366,0.000300,0.1816,0.000600,0.000400,0.028900,0.3004,1.2990,0.024300,0.8870,0.1553,0.002200,0.010500,0.000400,0.034600,0.4658,8.2900,8.7628,13.0955,634,16,0.2500,0,16,3.8438,1,0,0,629,1,0,115,102,13,0,-1,-1,0,-1,-1,13.9904,4.9185,0,1525.2227,1525.2227,1525.0977,95,875,561,322,0,0,0.001400,0,0,0.015100,0.083100,0.000600,0.026200,0.087500,0.044500,0.001000,0.001500,0.000400,0.001700,0.006400,0.001100,0.004400,0.024200,0.1550,0.058300,0.080000,0.1538,0.036600,0.1580,0.034700,0.1159,0.000200,0.001500,0.071700,0.009000,0.001700,0.000600,0.028300,0.006600,0.016800,0.001300,0.1559,0.015800,0.044300,0.1965,0.086000,0.001300,0.033200,0.002300,0.016700,0.021400,0.016200,7.7167,0.060400,0.006200,0.000200,0,11.3129,0,0,0,0,0,0,0,50,0,0,0,0,1,1,9,9,2,1,1,4,1,1,1,1,1,1,7,7,1,1,50,9,6,42,76,794,950,0,0,0,0,0,-100,-100,-100,-100,600,1440,107.7673,0,0,-0.000000,-1,0,0,0,1,0,13.7344,5,50,75.1289,13.7344,0,0,48.9844,0,100,0,0,0,0,0,0,0,0,0,0.4350,0.4350,1,0.4350,0.4350,16.6503,8.9635,20141,90,568,135,10872.7070,3604.2891,7254.3555,0,14476.9102,9.9381,2.2095,7.4746,9.9381,2.2095,2.9087,33.3333,5.3367,23.7729,0.000300,0.020300,0.000700,0.000500,0.001600,0.009800,0.001600,0.073600,0,0.018500,0.021300,0.026000,0.3730,0.2734,0.019500,0.005100,0.062400,0,0.058700,0.013200,0.2216,0.005100,0.038300,0.1356,0.019000,0.1074,0.4347,0.7042,0.3930,0.056300,2.0704,0.094200,0.031700,0.039800,0.6907,0.087700,0.002000,0.002400,0.063500,0.1966,0.049200,0.000600,1.0335,1039,399210,0.058700,0,0,0,0,0.2801,0,0,0.008300,0,0,0,0,0,0,0,0,0,0,0,0,0,0,0,0,0,0,0,0,0,0,0
,0.058600,0.007700,2,73,0,71,0,0,14,233,30,0,454,3,0,0,13,2,0,0,0,0,0.016500,0.010700,0.3137,0.005800,0.008700,0.001100,1.6043,0.1859,0.045900,0.1401,0.002100,0.031000,0,2,768,256,11229,3565.7148,15494.9102,239.1602,0.003300,4,0.000300,0.012200,0.002100,0.012400,0.1997,0,0,0.065200,0.2167,2.7630,0.060300,0.000200,0.001100,0.000200,0.000300,0.006600,0.006400,0.036500,0.005200,0.041600,0.1528,0.010300,0.006500,0.1139,0.024300,0.008900,0.7946,0.012400,0.018800,0.1100,0.013600,0.099500,0.002500,0.1029,0.009700,0.075300,0.6230,0.004600,2.3185,0.000200,0.1850,0.000600,0.000400,0.030300,0.3069,0.6381,0.024300,0.9508,0.1483,0.002300,0.009900,0.000500,0.033400,0,9.2065,8.7628,13.0955,634,16,0.2500,0,16,3.8438,1,0,0,629,1,0,115,102,13,0,-1,-1,0,-1,-1,13.9904,4.9185,0,1525.2227,1525.2227,1525.0977,95,875,561,321,0,0,0.001100,0,0,0.018200,0.1069,0.000600,0.012600,0.068700,0.040400,0.000900,0.001400,0.000200,0.001700,0.006200,0.001100,0.003500,0.022000,0.1583,0.054100,0.077800,0.1546,0.038600,0.2055,0.019300,0.070100,0.000400,0.001700,0.066900,0.012000,0.001300,0.000500,0.027200,0.006500,0.012300,0.001200,0.1486,0.015500,0.041800,0.2255,0.071400,0.001200,0.055100,0.002500,0.037600,0.021900,0.016300,8.5922,0.058200,0.006500,0.000100,0,9.9068,0,0,0,0,0,0,0,50,0,0,0,0,1,1,9,9,2,1,1,4,1,1,1,1,1,1,7,7,1,1,50,9,6,42,76,794,950,0,0,0,0,0,-100,-100,-100,-100,600,1440,107.7673,0,0,-0.000000,-1,0,0,0,1,0,13.7344,5,50,75.1289,13.7344,0,0,48.9844,0,100,0,0,0,0,0,0,0,0,0,0.4263,0.4263,1,0.4263,0.4263,27.4204,8.9635,20141,90,568,135,10872.7070,3604.2891,7254.3555,0,14476.9961,10.6837,2.1298,7.7422,10.6837,2.1316,3.3178,33.3333,6.1407,23.4688,0.000200,0.021800,0.000600,0.000600,0.001400,0.008800,0.001800,0.072000,0,0.017400,0.030500,0.039000,0.3753,0.1816,0.019400,0.006200,0.061800,0,0.049100,0.012400,0.2206,0.005200,0.032000,0.1329,0.015900,0.091100,0.4440,0.7355,0.3301,0.056300,3.4238,0.095200,0.031800,0.038900,0.6921,0.086600,0.002000,0.002500,0.061800,0.1965,0.050200,0.000800,0.5904,974,399596,0,0,0,0,0,0,0.004400,0.002000,0.009000,0,0,0,0,0,0,0,0,0,0,0,0,0,0,0,0,0,0,0,0,0,0,0
,0.014600,0.007800,2,63,0,61,0,0,13,233,43,0,454,3,0,0,12,2,0,0,0,0,0,0.017500,0.3369,0.006000,0.009200,0.001100,0.8369,0.1633,0.050300,0.1254,0.000900,0.028800,0,1,768,256,11229,3565.7148,15494.9102,239.1602,0.001300,3,0.000200,0.009400,0.002100,0.013900,0.1750,0,0,0.055500,0.2874,2.5993,0.066400,0.000300,0.001100,0.000200,0.000300,0.006300,0.006400,0.042400,0.005300,0.031700,0.1387,0.010800,0.005800,1.3257,0.028400,0.009600,0.034400,0.011400,0.019400,0.080100,0.011200,0.083300,0.002000,0.1121,0.008400,0.070900,0.5854,0.004400,2.3192,0.000300,0.1770,0.000500,0.000500,0.027900,0.3081,0.6565,0.025500,0.9502,0.1877,0.002000,0.009900,0.000500,0.037900,0.3094,7.6640,8.7628,13.0955,634,16,0.2500,0,16,3.8438,1,0,0,629,1,0,115,102,13,0,-1,-1,0,-1,-1,13.9904,4.9185,0,1525.2227,1525.2227,1525.0977,95,876,561,321,0,0,0.000900,0,0,0.015700,0.1032,0.000600,0.012500,0.079400,0.053900,0.001100,0.001500,0.000200,0.001600,0.015400,0.001000,0.004800,0.024200,0.1759,0.059200,0.087000,0.1797,0.054900,0.1901,0.023700,0.6890,0.000200,0.001900,0.080200,0.010000,0.001800,0.000500,0.031000,0.007300,0.013100,0.001100,0.1700,0.014100,0.042400,0.2341,0.073400,0.001400,0.043400,0.002100,0.033100,0.023500,0.025200,7.0084,0.055700,0.006300,0.000100,0,10.8329,0,0,0,0,0,0,0,50,0,0,0,0,1,1,9,9,2,1,1,4,1,1,1,1,1,1,7,7,1,1,50,9,6,42,76,794,950,0,0,0,0,0,-100,-100,-100,-100,600,1440,107.7673,0,0,-0.000000,-1,0,0,0,1,0,13.7344,5,50,75.1289,13.7344,0,0,48.9844,0,100,0,0,0,0,0,0,0,0,0,0.9948,0.9948,1,0.9948,0.9948,37.4471,8.9635,20141,90,568,135,10872.7070,3604.2891,7254.3555,0,14476.9961,10.0506,2.9943,8.4161,10.0506,2.9943,2.9788,33.3333,5.4094,23.6982,0.000200,0.020900,0.000700,0.000700,0.001600,0.007800,0.000700,0.072900,0,0.021500,0.032800,0.040100,0.3461,0.1835,0.018500,0.006100,0.062100,0,0.043400,0.019000,0.1864,0.006100,0.032200,0.1397,0.015400,0.094000,0.4414,0.6936,0.3256,0.056300,2.4871,0.094200,0.036900,0.048300,0.7016,0.071900,0.001900,0.002400,0.058500,0.1976,0.050200,0.000600,0.6065,988,398568,0,0,0,0,0,0,0,0,0.009300,0,0,0,0,0,0,0,0,0,0,0,0,0,0,0,0,0,0,0,0,0,0,0
,0.086700,0.012400,2,73,0,71,0,0,14,233,29,0,454,3,0,0,13,2,0,0,0,0,0.009600,0.010500,0.3682,0.007000,0.009200,0.001100,0.8927,0.2111,0.053800,0.1384,0.001500,0.028100,0,1,768,256,11229,3565.7148,15494.9102,239.1602,0.002200,4,0,0.008300,0.002100,0.020100,0.3007,0,0,0.073400,0.2560,2.6217,0.064900,0.000200,0.001500,0.000200,0.000300,0.006800,0.008300,0.051600,0.005200,0.035800,0.1381,0.011300,0.006700,1.2499,0.027500,0.009200,0.028900,0.011700,0.018700,0.091900,0.011000,0.1456,0.011800,0.1233,0.008800,0.071100,0.5970,0.005100,2.3204,0.000200,0.1872,0.000800,0.000300,0.031000,0.3039,0.6820,0.023000,0.9229,0.1763,0.002200,0.010100,0.000500,0.037600,0.3151,9.0617,8.7628,13.0955,634,16,0.2500,0,16,3.8438,1,0,0,629,1,0,115,102,13,0,-1,-1,0,-1,-1,13.9904,4.9185,0,1525.2227,1525.2227,1525.0977,95,878,561,321,0,0,0.001700,0,0,0.015100,0.083800,0.000600,0.011700,0.066500,0.036300,0.000900,0.001800,0.000400,0.002200,0.010000,0.001100,0.003600,0.021000,0.1373,0.054200,0.086400,0.1403,0.046200,0.2002,0.017200,0.074900,0.000300,0.001500,0.062400,0.008300,0.001300,0.000300,0.024600,0.006900,0.011300,0.000900,0.1414,0.014200,0.039000,0.1944,0.080200,0.001300,0.042400,0.003000,0.017800,0.023500,0.017000,7.9343,0.062100,0.006800,0.000200,0,10.0320,0,0,0,0,0,0,0,50,0,0,0,0,1,1,9,9,2,1,1,4,1,1,1,1,1,1,7,7,1,1,50,9,6,42,76,794,950,0,0,0,0,0,-100,-100,-100,-100,600,1440,107.7673,0,0,-0.000000,-1,0,0,0,1,0,13.7344,5,50,75.1289,13.7344,0,0,48.9844,0,100,0,0,0,0,0,0,0,0,0,0.4242,0.4242,1,0.4242,0.4242,48.0228,8.9635,20141,90,568,135,10872.7070,3604.2891,7254.3555,0,14476.9961,10.6260,2.2171,7.3643,10.6260,2.2171,2.9199,33.3333,5.5038,23.6101,0.000300,0.022600,0.000600,0.000700,0.001800,0.008000,0.000700,0.073600,0,0.020500,0.027000,0.039600,0.3503,0.1870,0.019500,0.005100,0.068100,0,0.045800,0.028900,0.1896,0.005100,0.032100,0.1327,0.015300,0.089100,0.4246,0.6879,0.3376,0.055300,2.4629,0.094300,0.031700,0.038000,0.6947,0.089100,0.001900,0.002500,0.060700,0.1997,0.049100,0.000600,0.6589,959,393254,0,0,0,0,0,0,0.002000,0,0.008500,0,0,0,0,0,0,0,0,0,0,0,0,0,0,0,0,0,0,0,0,0,0,0
,0.012600,0.012500,2,60,0,58,0,0,13,233,27,0,454,3,0,0,12,2,0,0,0,0,0.075400,0.012000,0.3260,0.005600,0.008700,0.000900,0.8745,0.1755,0.050800,0.1289,0.000900,0.033600,0.006600,1,768,256,11229,3565.7148,15494.9102,239.1602,0.001500,6,0.000200,0.008700,0.001900,0.020200,0.1940,0,0,0.056700,0.3420,2.8229,0.069300,0.000300,0.001400,0.000200,0.000300,0.007000,0.007400,0.042700,0.005300,0.031400,0.1294,0.011700,0.005600,0.5356,0.028400,0.010000,0.027100,0.011400,0.018900,0.1041,0.012300,0.067900,0.002300,0.1171,0.010300,0.071700,0.6581,0.005900,2.4584,0.000300,0.2189,0.000600,0.000300,0.032300,0.3278,0.7835,0.026900,0.9584,0.1732,0.002500,0.011100,0.000600,0.040300,0.1718,8.9594,8.7628,13.0955,634,16,0.2500,0,16,3.8438,1,0,0,629,1,0,115,102,13,0,-1,-1,0,-1,-1,13.9904,4.9185,0,1525.2227,1525.2227,1525.0977,95,875,561,321,0,0,0.001800,0,0,0.016200,0.078500,0.000700,0.013200,0.073800,0.039400,0.000900,0.001300,0.000300,0.001500,0.006000,0.001100,0.004100,0.020500,0.1262,0.057000,0.072600,0.1474,0.040900,0.1554,0.023000,0.2331,0.000200,0.002100,0.065300,0.008900,0.001300,0.000700,0.029100,0.006400,0.012400,0.001200,0.1452,0.014700,0.045400,0.2119,0.068600,0.001100,0.042100,0.002700,0.033300,0.021800,0.017200,8.3697,0.074400,0.007000,0.000100,0,10.5924,0,0,0,0,0,0,0,50,0,0,0,0,1,1,9,9,2,1,1,4,1,1,1,1,1,1,7,7,1,1,50,9,6,42,76,794,950,0,0,0,0,0,-100,-100,-100,-100,600,1440,107.7673,0,0,-0.000000,-1,0,0,0,1,0,13.7344,5,50,75.1289,13.7344,0,0,48.9844,0,100,0,0,0,0,0,0,0,0,0,0.5393,0.5393,1,0.5393,0.5393,58.6957,8.9635,20141,90,568,135,10872.7188,3604.2891,7254.3555,0,14476.9961,10.6511,2.7740,7.3588,10.6511,2.7759,2.9766,33.3333,5.5033,24.0935,0.000200,0.022000,0.000600,0.000600,0.002100,0.009600,0.000600,0.075200,0,0.022600,0.022600,0.032200,0.3452,0.1969,0.018500,0.006100,0.061500,0,0.046700,0.022100,0.1801,0.005100,0.032600,0.1463,0.015800,0.090600,0.4334,0.7482,0.3101,0.057300,3.3259,0.095300,0.031700,0.039700,0.6956,0.088300,0.001900,0.002300,0.062300,0.1977,0.050200,0.000500,0.6239,980,398742,0,0,0,0,0,0.1928,0.001300,0.002100,0.008100,0,0,0,0,0,0,0,0,0,0,0,0,0,0,0,0,0,0,0,0,0,0,0
,0.016100,0.025300,2,64,0,62,0,0,13,233,30,0,454,3,0,0,12,2,0,0,0,0,0.010000,0.008900,0.3401,0.005900,0.009200,0.000800,0.8865,0.1880,0.056900,0.1442,0.000900,0.025200,0.001200,0,768,256,11229,3565.7148,15494.9102,239.1602,0.001500,3,0.000100,0.007800,0.001900,0.021500,0.1799,0,0,0.068400,0.2854,2.5539,0.066800,0.000300,0.001100,0.000200,0.000200,0.006900,0.007300,0.042400,0.006500,0.033500,0.1059,0.011400,0.005900,1.2358,0.032100,0.010300,0.033300,0.012200,0.019000,0.083600,0.010300,0.079400,0.002800,0.1006,0.007600,0.069600,0.5980,0.004400,2.3456,0.000300,0.1895,0.000500,0.000300,0.033400,0.3173,0.8820,0.025300,0.9791,0.1479,0.001900,0.011500,0.000400,0.042300,0,9.0532,8.7628,13.0955,634,16,0.2500,0,16,3.8438,1,0,0,629,1,0,115,102,13,0,-1,-1,0,-1,-1,13.9904,4.9185,0,1525.2227,1525.2227,1525.0977,95,876,561,321,0,0,0.001000,0,0,0.017600,0.076100,0.000600,0.011000,0.069600,0.040600,0.000800,0.001400,0.000500,0.001600,0.006000,0.001100,0.003900,0.022800,0.1547,0.059100,0.079600,0.1486,0.045800,0.1730,0.033100,0.059800,0.000400,0.001500,0.064600,0.008800,0.001400,0.000700,0.027500,0.006100,0.011200,0.001000,0.1425,0.017700,0.042200,0.2204,0.069700,0.001000,0.041800,0.002400,0.035200,0.024400,0.017300,8.5232,0.062400,0.006700,0.000200,0,10.6365,0,0,0,0,0,0,0,50,0,0,0,0,1,1,9,9,2,1,1,4,1,1,1,1,1,1,7,7,1,1,50,9,6,42,76,794,950,0,0,0,0,0,-100,-100,-100,-100,600,1440,107.7673,0,0,-0.000000,-1,0,0,0,1,0,13.7344,5,50,75.1289,13.7344,0,0,48.9844,0,100,0,0,0,0,0,0,0,0,0,0.4333,0.4333,1,0.4333,0.4333,7.1879,8.9635,20141,90,568,135,10872.6328,3604.2891,7254.3555,0,14477.0078,10.5055,2.1483,8.3131,10.5055,2.1483,2.8194,33.3333,5.9089,21.6473,0.000600,0.022800,0.000600,0.000600,0.001700,0.007300,0.001600,0.074300,0,0.020400,0.028300,0.039900,0.3561,0.1844,0.019400,0.006200,0.068100,0,0.045100,0.021000,0.1876,0.005100,0.032400,0.1355,0.015100,0.093000,0.4264,0.6842,0.3300,0.056300,2.4738,0.094200,0.030800,0.038400,0.6869,0.097400,0.002100,0.002300,0.061300,0.1996,0.050200,0.000700,0.6202,930,387510,0,2389,1335,0,1.6918,0,0,0,0.008700,0,0,0,0,0,0,0,0,0,0,0,0,0,0,0,0,0,0,0,0,0,0,0
,0.021900,0.008800,2,57,0,55,0,0,13,233,9,0,454,3,0,0,12,2,0,0,0,0,0.008300,0.005900,0.3999,0.006900,0.008800,0.001600,0.9553,0.1691,0.065400,0.1518,0.001100,0.033100,0.002300,0,768,256,11229,3565.7148,15494.9102,239.1602,0.001700,5,0.000200,0.010200,0.002500,0.022000,0.1884,0,0,0.072600,0.2967,2.6788,0.073400,0.000300,0.001500,0.000300,0.000300,0.007100,0.009400,0.055200,0.005400,0.033300,0.1486,0.011900,0.006600,1.6367,0.030100,0.008700,0.042000,0.012100,0.020400,0.076800,0.008200,0.073700,0.002100,0.1043,0.008600,0.069700,0.5969,0.005200,2.4001,0.000300,0.2057,0.000600,0.000300,0.031500,0.3603,0.6944,0.026600,0.9454,0.1619,0.002100,0.010300,0.000500,0.033800,0.1093,8.3704,8.7628,13.0955,634,16,0.2500,0,16,3.8438,1,0,0,629,1,0,115,102,13,0,-1,-1,0,-1,-1,13.9904,4.9185,0,1525.2227,1525.2227,1525.0977,95,874,561,321,0,0,0.000900,0,0,0.015600,0.084100,0.000500,0.012300,0.076600,0.042300,0.000800,0.002000,0.000300,0.001900,0.007500,0.001400,0.004700,0.025400,0.1590,0.060000,0.081500,0.1639,0.048400,0.1582,0.027500,0.5257,0.000200,0.001600,0.068800,0.008700,0.001400,0.000500,0.028300,0.006600,0.012400,0.001200,0.1510,0.018400,0.043100,0.1918,0.071400,0.001200,0.025700,0.003000,0.017700,0.022900,0.018100,7.7502,0.062100,0.006300,0.000100,0,10.6255,0,0,0,0,0,0,0,50,0,0,0,0,1,1,9,9,2,1,1,4,1,1,1,1,1,1,7,7,1,1,50,9,6,42,76,794,950,0,0,0,0,0,-100,-100,-100,-100,600,1440,107.7673,0,0,-0.000000,-1,0,0,0,1,0,13.7344,5,50,75.1289,13.7344,0,0,48.9844,0,100,0,0,0,0,0,0,0,0,0,0.4459,0.4459,1,0.4459,0.4459,17.5131,8.9635,20141,90,568,135,10866.4141,3604.2891,7254.3555,0,14476.9219,10.4893,2.5965,7.4206,10.4893,2.5965,3.0902,33.3333,5.4318,21.7173,0.000300,0.021600,0.000600,0.000700,0.001700,0.012400,0.000600,0.075500,0.001000,0.018400,0.027700,0.034700,0.7736,0.2976,0.021600,0.006100,0.069000,0,0.044100,0.008800,0.2013,0.006100,0.037800,0.1842,0.023800,0.1024,0.4210,0.7033,0.3824,0.057400,2.0624,0.093100,0.032800,0.039300,0.6889,0.089900,0.001900,0.002500,0.061300,0.1966,0.049200,0.000900,0.6445,958,393242,0,0,0,0,0,0,0.001900,0,0.008300,0,0,0,0,0,0,0,0,0,0,0,0,0,0,0,0,0,0,0,0,0,0,0
,0.017100,0.008900,2,60,0,58,0,0,13,233,26,0,454,3,0,0,12,2,0,0,0,0,0.007600,0.012400,0.3245,0.005900,0.008800,0.001300,0.9025,0.2054,0.057700,0.1332,0.001100,0.031400,0.004300,1,768,256,11229,3565.7148,15494.9102,239.1602,0.002000,9,0.000400,0.011000,0.002300,0.019600,0.1917,0,0,0.060400,0.2439,2.6722,0.067400,0.000200,0.001600,0.000200,0.000400,0.008000,0.007000,0.045200,0.005300,0.033300,0.1723,0.010900,0.006600,1.4642,0.026700,0.008800,0.031600,0.012100,0.020900,0.083000,0.011400,0.089200,0.002300,0.1120,0.010100,0.073500,0.6671,0.005800,2.4546,0.000400,0.2084,0.000500,0.000300,0.030900,0.3165,0.7382,0.026300,0.9535,0.099500,0.002000,0.010200,0.000500,0.035800,0.1906,9.4311,8.7628,13.0955,634,16,0.2500,0,16,3.8438,1,0,0,629,1,0,115,102,13,0,-1,-1,0,-1,-1,13.9904,4.9185,0,1525.2227,1525.2227,1525.0977,95,875,561,321,0,0,0.000900,0,0,0.014400,0.081500,0.000700,0.012400,0.069100,0.040000,0.000800,0.001700,0.000300,0.001700,0.006300,0.001000,0.004200,0.022500,0.1528,0.055800,0.080600,0.1523,0.048000,0.2266,0.017800,0,0.000300,0.006100,0.066300,0.008400,0.001200,0.000400,0.026900,0.006400,0.012400,0.001100,0.1455,0.013400,0.041100,0.2251,0.070100,0.001000,0.030400,0.002600,0.033000,0.023500,0.017800,9.2839,0.055400,0.006100,0.000100,0,10.4040,0,0,0,0,0,0,0,50,0,0,0,0,1,1,9,9,2,1,1,4,1,1,1,1,1,1,7,7,1,1,50,9,6,42,76,794,950,0,0,0,0,0,-100,-100,-100,-100,600,1440,107.7673,0,0,-0.000000,-1,0,0,0,1,0,13.7344,5,50,75.1289,13.7344,0,0,48.9844,0,100,0,0,0,0,0,0,0,0,0,0.4138,0.4138,1,0.4138,0.4138,28.9557,8.9635,20141,90,568,135,10872.5117,3604.2891,7254.3555,0,14470.7031,11.0215,2.1489,7.5832,11.0215,2.1499,3.0756,33.3333,5.6509,21.7931,0.000600,0.022200,0.000600,0.000700,0.001700,0.008000,0.000700,0.072900,0,0.018500,0.030500,0.039500,0.3567,0.2917,0.019500,0.006100,0.067300,0,0.045600,0.008400,0.1982,0.005200,0.031800,0.1369,0.015300,0.094000,0.4577,0.9072,0.3884,0.058300,2.9645,0.095200,0.031800,0.041800,0.6953,0.096200,0.002100,0.002600,0.061800,0.1977,0.051200,0.000600,0.6193,959,393946,0.2150,0,0,0,0,0,0.001000,0.001100,0.007900,0,0,0,0,0,0,0,0,0,0,0,0,0,0,0,0,0,0,0,0,0,0,0
,0.014000,0.005600,2,64,0,62,0,0,13,233,29,0,454,3,0,0,12,2,0,0,0,0,0.009100,0,0.3421,0.006700,0.009000,0.001000,0.8832,0.1839,0.052400,0.1367,0.001000,0.040400,0.007500,0,768,256,11229,3565.7148,15494.9102,239.1602,0.002000,0,0.000100,0.011300,0.002200,0.019500,0.2059,0,0,0.058400,0.2353,2.6262,0.075700,0.000400,0.001500,0.000500,0.000500,0.007200,0.008100,0.043400,0.005100,0.033600,0.1008,0.011400,0.005600,1.4904,0.029200,0.009200,0.031700,0.011700,0.018500,0.083900,0.008300,0.076000,0.002100,0.082000,0.008500,0.070600,0.5811,0.004700,2.3407,0.000200,0.1895,0.000600,0.000300,0.028800,0.3068,0.7500,0.025000,0.9244,0.1332,0.002000,0.010200,0.000500,0.033400,0.2049,8.9236,8.7628,13.0955,634,16,0.2500,0,16,3.8438,1,0,0,629,1,0,115,102,13,0,-1,-1,0,-1,-1,13.9904,4.9185,0,1525.2227,1525.2227,1525.0977,95,884,561,321,0,0,0.000800,0,0,0.016200,0.083400,0.000500,0.011500,0.069700,0.036800,0.000800,0.001400,0.000400,0.001500,0.005800,0.001100,0.003600,0.020900,0.1267,0.055200,0.074300,0.1516,0.045900,0.2971,0.020200,0,0.000300,0.001600,0.063400,0.009300,0.001000,0.000500,0.024700,0.007100,0.011600,0.001400,0.1448,0.014900,0.041300,0.2213,0.075100,0.001000,0.048300,0.002400,0.037500,0.024700,0.018700,8.4283,0.060500,0.007000,0.000100,0,11.4772,0,0,0,0,0,0,0,50,0,0,0,0,1,1,9,9,2,1,1,4,1,1,1,1,1,1,7,7,1,1,50,9,6,42,76,794,950,0,0,0,0,0,-100,-100,-100,-100,600,1440,107.7673,0,0,-0.000000,-1,0,0,0,1,0,13.7344,5,50,75.1289,13.7344,0,0,48.9844,0,100,0,0,0,0,0,0,0,0,0,0.4295,0.4295,1,0.4295,0.4295,39.6269,8.9635,20141,90,568,135,10872.6641,3604.2891,7254.3555,0,14476.8008,10.9862,2.2103,8.4942,10.9862,2.2103,3.0272,33.3333,5.0909,21.1929,0.000200,0.022100,0.000600,0.000600,0.001700,0.007300,0.000600,0.072900,0,0.020500,0.026400,0.037400,0.3439,0.1829,0.019400,0.005100,0.066300,0,0.042600,0.011300,0.1888,0.005100,0.033800,0.1343,0.015800,0.092300,0.4266,0.6972,0.3309,0.057300,2.4688,0.095200,0.030800,0.039000,0.6957,0.085000,0.001900,0.002600,0.060700,0.1987,0.050200,0.000600,0.5969,934,387558,0,0,0,0,0,0,0.004000,0,0.007900,0,0,0,0,0,0,0,0,0,0,0,0,0,0,0,0,0,0,0,0,0,0,0
,0.015200,0.012400,2,57,0,55,0,0,13,233,13,0,454,3,0,0,12,2,0,0,0,0,0,0.007600,0.3271,0.005600,0.008300,0.000900,0.8516,0.2017,0.052300,0.1265,0.000900,0.022200,0.003300,1,768,256,11229,3565.7148,15494.9102,239.1602,0.002600,4,0.000400,0.008200,0.002300,0.019300,0.1995,0,0,0.059600,0.3246,2.5872,0.070700,0.000300,0.001400,0.000300,0.000200,0.006900,0.008100,0.048700,0.006000,0.033500,0.1368,0.012800,0.006700,1.4216,0.027700,0.008500,0.036700,0.011600,0.018500,0.079700,0.012400,0.072800,0.002100,0.081400,0.008800,0.069900,0.6027,0.004900,2.3308,0.000200,0.1874,0.000500,0.000300,0.027600,0.3645,0.7020,0.024300,0.9212,0.4002,0.002100,0.012900,0.000400,0.085100,0.3400,9.1957,8.7628,13.0955,634,16,0.2500,0,16,3.8438,1,0,0,629,1,0,115,102,13,0,-1,-1,0,-1,-1,13.9904,4.9185,0,1525.2227,1525.2227,1441.5039,95,874,561,322,0,0,0.000900,0,0,0.014200,0.077900,0.000600,0.013200,0.068800,0.041600,0.000900,0.001900,0.000200,0.001600,0.006700,0.001100,0.003800,0.022500,0.1657,0.058400,0.077700,0.1570,0.044900,0.1942,0.018800,0.043100,0.000300,0.001700,0.061600,0.009000,0.001200,0.000600,0.027000,0.006100,0.011500,0.001100,0.1372,0.013900,0.037400,0.1841,0.072700,0.001200,0.040700,0.002500,0.016100,0.023400,0.015800,8.5663,0.057600,0.006300,0.000100,0,10.4490,0,0,0,0,0,0,0,50,0,0,0,0,1,1,9,9,2,1,1,4,1,1,1,1,1,1,7,7,1,1,50,9,6,42,76,794,950,0,0,0,0,0,-100,-100,-100,-100,600,1440,107.7673,0,0,-0.000000,-1,0,0,0,1,0,13.7344,5,50,75.1289,13.7344,0,0,48.9844,0,100,0,0,0,0,0,0,0,0,0,0.4309,0.4309,1,0.4309,0.4309,50.1369,8.9635,20141,90,568,135,10872.6797,3604.2891,7254.3555,0,14476.9531,10.6321,2.0106,7.3295,10.6321,2.0106,3.0269,33.3333,5.4483,23.4892,0.000200,0.021800,0.000600,0.000600,0.001600,0.008900,0.000500,0.073200,0,0.017300,0.025500,0.039700,0.7784,0.3148,0.021500,0.006100,0.067700,0,0.043900,0.019400,0.6118,0.007200,0.038000,0.1889,0.018000,0.1013,0.4184,0.7052,0.3835,0.057400,2.0523,0.093200,0.031700,0.039500,0.6859,0.088700,0.002000,0.002800,0.061500,0.1956,0.050200,0.000700,0.6237,951,392328,0,0,0,0,0,0,0,0,0.008800,0,0,0,0,0,0,0,0,0,0,0,0,0,0,0,0,0,0,0,0,0,0,0
,0.013800,0.086800,2,57,0,55,0,0,13,233,12,0,454,3,0,0,12,2,0,0,0,0,0.011400,0.005100,0.3439,0.005900,0.008800,0.001000,0.8720,0.1879,0.049600,0.1247,0.000900,0.042700,0,1,768,256,11229,3565.7148,15494.9102,239.1602,0.002500,3,0.000300,0.008300,0.002400,0.012100,0.1913,0,0,0.062100,0.2106,2.6598,0.058300,0.000200,0.001400,0.000200,0.000300,0.006000,0.007400,0.039600,0.005000,0.031000,0.1296,0.011300,0.005800,0.4831,0.026100,0.009600,0.030200,0.011600,0.020100,0.1174,0.009100,0.071100,0.002400,0.086400,0.008900,0.076100,0.6798,0.005400,2.5827,0.000400,0.2580,0.000600,0.000400,0.035100,0.3457,0.7334,0.027700,0.9506,0.1087,0.002400,0.011800,0.000600,0.040000,0,9.5227,8.7628,13.0955,634,16,0.2500,0,16,3.8438,1,0,0,629,1,0,115,102,13,0,-1,-1,0,-1,-1,13.9904,4.9185,0,1525.2227,1525.2227,1525.0977,95,875,561,322,0,0,0.001200,0,0,0.017300,0.085000,0.000600,0.012600,0.068400,0.040300,0.000900,0.002100,0.000400,0.001900,0.007400,0.000900,0.004000,0.022800,0.1321,0.059300,0.078100,0.1499,0.038600,0.2886,0.020500,0,0.000300,0.001600,0.063100,0.008500,0.001600,0.000500,0.025100,0.006600,0.011700,0.001400,0.1363,0.013500,0.038100,0.2057,0.071500,0.001200,0.042900,0.002500,0.032500,0.023100,0.017000,8.9529,0.057900,0.006200,0.000100,0,10.6845,0,0,0,0,0,0,0,50,0,0,0,0,1,1,9,9,2,1,1,4,1,1,1,1,1,1,7,7,1,1,50,9,6,42,76,794,950,0,0,0,0,0,-100,-100,-100,-100,600,1440,107.7673,0,0,-0.000000,-1,0,0,0,1,0,13.7344,5,50,75.1289,13.7344,0,0,48.9844,0,100,0,0,0,0,0,0,0,0,0,0.4554,0.4554,1,0.4554,0.4554,61.2603,8.9635,20141,90,568,135,10872.6133,3604.2891,7254.3555,0,14476.9688,11.1125,2.1457,7.9751,11.1125,2.1457,2.9243,33.3333,5.6118,22.4338,0.000200,0.023500,0.000500,0.000500,0.001500,0.008400,0.000700,0.075500,0.001000,0.033700,0.018600,0.031800,0.3440,0.1908,0.019500,0.005100,0.066100,0,0.045200,0.011400,0.1691,0.005100,0.031200,0.1373,0.015500,0.091700,0.4270,0.7527,0.3106,0.057200,2.4252,0.095200,0.031700,0.039300,1.5826,0.090800,0.001800,0.002600,0.062500,0.2088,0.050200,0.000600,0.6092,930,386916,0,0,0,0,0,0.4544,0,0,0.008500,0,0,0,0,0,0,0,0,0,0,0,0,0,0,0,0,0,0,0,0,0,0,0
GC##8.798872,0.015900,0.009000,4,125,0,121,0,0,27,466,41,0,908,6,0,0,25,4,0,0,0,0,0.021700,0.021300,0.3316,0.006200,0.010200,0.001100,0.9180,0.1843,0.057800,0.1362,0.002500,0.028700,0,0,768,256,11229,3565.7148,15494.9102,239.1602,0.002300,7,0.000200,0.010000,0.003000,0.014500,0.1768,0,0,0.067600,0.4622,2.8714,0.063300,0.000300,0.001400,0.000300,0.000400,0.007900,0.006500,0.051700,0.005900,0.036900,0.1078,0.011900,0.008900,0,0.026200,0.008700,0.038100,0.011400,0.020400,0.089300,0.012400,0.074300,0.002300,0.081200,0.007900,0.076200,0.6051,0.004700,2.3278,0.000400,0.1969,0.000600,0.000400,0.031100,0.3163,0.7166,0.026800,0.9180,0.6438,0.002200,0.011300,0.000400,0.037600,22.5376,0.074600,8.7628,13.0955,634,16,0.2500,0,16,3.8438,1,0,0,629,1,0,115,102,13,0,-1,-1,0,-1,-1,13.9904,4.9185,0,1525.2227,1525.2227,1525.0977,95,878,561,322,22.5354,0,0.000800,22.5354,0,0.016200,0.098800,0.000500,0.012200,11.4981,0.042300,0.000900,0.001700,0.000200,0.001500,0.006100,0.001100,0.004300,0.021800,0.1538,0.056100,0.080400,0.1485,0.036800,0.1719,0.031400,0.2709,0.000300,0.001800,0.1201,0.008300,0.001200,0.000600,0.028700,0.007000,0.018500,0.002500,0.2345,0.020000,0.091600,0.2195,0.072600,0.001400,0.1124,0.002000,0.034800,0.024800,0.019800,0,0.051000,0.006300,0.000100,0,10.9705,0,0,0,0,0,0,0,50,0,0,0,0,1,1,9,9,2,1,1,4,1,1,1,1,1,1,7,7,1,1,50,9,6,42,76,794,950,0,0,0,0,0,-100,-100,-100,-100,600,1440,107.7673,0,0,-0.000000,-1,0,0,0,1,0,13.7344,5,50,75.1289,13.7344,0,0,48.9844,0,100,0,0,0,0,0,0,0,0,0,0.4923,0.4923,1,0.4923,0.4923,31.3837,8.9635,20141,90,568,135,10872.3516,3604.2891,7254.3555,0,14476.9023,10.3885,33.4712,7.3147,10.3885,33.5331,2.7939,33.3333,9.2775,19.4697,0.000200,0.021000,0.000600,0.000600,0.001700,0.008800,0.000500,0.072100,0,0.019400,0.031400,0.036700,0.3584,0.1922,0.018500,0.006100,0.067300,0,0.044500,0.011600,0.1939,0.005100,0.032600,0.1328,0.015100,0.088200,0.4329,0.7487,0.3474,0.057300,2.4792,0.095200,0.031700,0.039500,0.6903,0.1149,0.002200,0.002500,0.061000,0.1884,0.050200,0.000700,0.5399,979,398304,0,2321,1271,0,1.2145,0,0,0,0.006800,0,0,0,0,0,0,0,0,0,0,0,0,0,0,0,0,0,0,0,19.6824,0.062100,1,1
,0.1148,0.008900,0,0,0,0,0,0,0,0,0,0,0,0,0,0,0,0,0,0,0,0,0.009200,0.004400,0.3327,0.005900,0.009900,0.001000,0.8791,0.1830,0.051000,0.1224,0.001100,0.037300,0,0,768,256,11229,3565.7148,15494.9102,239.1602,0.002300,1,0.000100,0.008900,0.002500,0.013700,0.1853,0,0,0.066300,0.2545,2.5394,0.067000,0.000400,0.001200,0.000200,0.000200,0.006700,0.007000,0.042200,0.005200,0.031200,0.1079,0.011200,0.006200,1.6108,0.030100,0.009300,0.030300,0.011900,0.019400,0.091000,0.010000,0.075400,0.002200,0.077100,0.008900,0.069900,0.5932,0.004300,2.3370,0.000300,0.1866,0.000600,0.000400,0.030600,0.3044,0.8230,0.022800,0.9072,0.1771,0.001900,0.011200,0.000400,0.041600,0,7.6916,8.7628,13.0955,634,16,0.2500,0,16,3.8438,1,0,0,629,1,0,115,102,13,0,-1,-1,0,-1,-1,13.9904,4.9185,0,1525.2227,1525.2227,1441.5039,95,877,561,322,0,0,0.001000,0,0,0.010800,0.061800,0.000500,0.012300,0.058700,0.028700,0.000800,0.001100,0.000400,0.001500,0.004800,0.000800,0.003400,0.018900,0.1467,0.050300,0.078200,0.1570,0.040900,0.1737,0.021000,0.089000,0.000300,0.001800,0.053000,0.008100,0.001200,0.000700,0.025400,0.005800,0.010100,0.000700,0.1114,0.012100,0.040400,0.1402,0.049400,0.000800,0.040800,0.002500,0.012600,0.013900,0.017200,7.2656,0.058500,0.006700,0.000100,0,33.7812,0,0,0,0,0,0,0,50,0,0,0,0,1,1,9,9,2,1,1,4,1,1,1,1,1,1,7,7,1,1,50,9,6,42,76,794,950,0,0,0,0,0,-100,-100,-100,-100,600,1440,107.7673,0,0,-0.000000,-1,0,0,0,1,0,13.7344,5,50,75.1289,13.7344,0,0,48.9844,0,100,0,0,0,0,0,0,0,0,0,0.4031,0.4031,1,0.4031,0.4031,40.5637,8.9635,20141,90,568,135,10872.2188,3604.6016,7254.6055,0,14476.9531,9.8772,2.2164,7.3147,9.8772,2.2175,2.7939,33.3333,4.0062,22.6751,0.000200,0.022700,0.000600,0.000600,0.001600,0.008900,0.000500,0.072300,0.001000,0.018400,0.028300,0.039200,0.3424,0.1931,0.019400,0.006200,0.062900,0,0.048000,0.010500,0.1962,0.005100,0.032800,0.1372,0.015400,0.093200,0.4283,0.6918,0.3521,0.056200,2.5018,0.095200,0.030700,0.038100,0.6885,0.086800,0.002200,0.002600,0.061700,0.1966,0.050200,0.000600,0.6082,995,404412,0,0,0,0,0,0,0.004000,0.001300,0.008400,0,0,0,0,0,0,0,0,0,0,0,0,0,0,0,0,0,0,0,0.040700,0,0,0
,0.3778,0.010600,2,64,0,62,0,0,13,233,42,0,454,3,0,0,12,2,0,0,0,0,0.008400,0.007200,0.3350,0.005000,0.009100,0.000800,0.8676,0.1958,0.051000,0.1230,0.000800,0.027300,0,0,768,256,11229,3565.7148,15494.9102,239.1602,0.001400,2,0.000100,0.009100,0.002200,0.014100,0.1890,0,0,0.069700,0.2250,2.6199,0.064800,0.000200,0.001300,0.000200,0.000200,0.007200,0.006900,0.041300,0.005300,0.033400,0.097500,0.010700,0.006700,1.3348,0.026800,0.009100,0.028200,0.012400,0.019200,0.090100,0.013100,0.083800,0.002700,0.079000,0.010000,0.073000,0.5999,0.004900,2.3460,0.000400,0.1890,0.000700,0.000400,0.029800,0.3055,0.6607,0.024400,0.9377,0.1015,0.002300,0.010600,0.000600,0.034300,0,8.1063,8.7628,13.0955,634,16,0.2500,0,16,3.8438,1,0,0,629,1,0,115,102,13,0,-1,-1,0,-1,-1,13.9904,4.9185,0,1525.2227,1525.2227,1525.0977,95,881,561,322,0,0,0.001200,0,0,0.014300,0.1710,0.000400,0.010500,0.075500,0.040400,0.000900,0.001800,0.000300,0.001600,0.006600,0.001300,0.004300,0.023200,0.1555,0.057700,0.076800,0.1474,0.039700,0.1837,0.032700,0.068400,0.000100,0.001400,0.074600,0.009600,0.001600,0.000900,0.029400,0.006300,0.014000,0.001100,0.1509,0.018000,0.047400,0.2099,0.070300,0.001200,0.021600,0.003700,0.033600,0.022000,0.023000,7.5568,0.059100,0.009500,0.000100,0.006500,9.2473,0,0,0,0,0,0,0,50,0,0,0,0,1,1,9,9,2,1,1,4,1,1,1,1,1,1,7,7,1,1,50,9,6,42,76,794,950,0,0,0,0,0,-100,-100,-100,-100,600,1440,107.7673,0,0,-0.000000,-1,0,0,0,1,0,13.7344,5,50,75.1289,13.7344,0,0,48.9844,0,100,0,0,0,0,0,0,0,0,0,0.4334,0.4334,1,0.4334,0.4334,51.1292,8.9635,20141,90,568,135,10872.4297,3604.6016,7254.6055,0,14476.8203,10.6386,2.8552,7.3193,10.6386,2.8552,3.2414,33.3333,5.4822,22.5963,0.000200,0.021200,0.000600,0.000500,0.001600,0.007400,0.000600,0.072800,0.001100,0.017500,0.029100,0.040100,0.3472,0.3134,0.019500,0.006100,0.067200,0,0.046000,0.010900,0.1966,0.005100,0.031900,0.1359,0.015800,0.088800,0.4285,1.1380,0.3975,0.057200,2.0681,0.094200,0.031700,0.044800,0.6910,0.098700,0.002100,0.002800,0.065200,0.1986,0.050200,0.000700,0.6239,950,391180,0,0,0,0,0,0,0,0,0.008500,0,0,0,0,0,0,0,0,0,0,0,0,0,0,0,0,0,0,0,0.7427,0,0,0
,0.015300,0.008300,2,57,0,55,0,0,13,233,16,0,454,3,0,0,12,2,0,0,0,0,0.007700,0.016900,0.3635,0.006000,0.010100,0.000900,0.8578,0.1715,0.052800,0.1343,0,0.033300,0.005700,2,768,256,11229,3565.7148,15494.9102,239.1602,0.001500,3,0.000300,0.009400,0.001800,0.014200,0.1850,0,0,0.055500,0.2492,2.8396,0.077900,0.000200,0.001300,0.000200,0.000200,0.008200,0.007200,0.051900,0.005900,0.032900,0.1856,0.011700,0.007300,1.5325,0.031700,0.009400,0.042400,0.012000,0.020500,0.076600,0.010400,0.076300,0.002200,0.079600,0.008400,0.075700,0.5876,0.004500,2.3652,0.000700,0.1863,0.000700,0.000300,0.030700,0.3195,0.6716,0.025600,0.9464,0.1304,0.002300,0.011000,0.000500,0.039400,0.1202,8.5829,8.7628,13.0955,634,16,0.2500,0,16,3.8438,1,0,0,629,1,0,115,102,13,0,-1,-1,0,-1,-1,13.9904,4.9185,0,1525.2227,1525.2227,1525.0977,95,882,561,322,0,0,0.000900,0,0,0.016000,0.083400,0.000500,0.012900,0.068400,0.042200,0.000900,0.001700,0.000300,0.001900,0.006900,0.000900,0.004100,0.023700,0.1311,0.061100,0.079400,0.1552,0.041100,0.1541,0.057400,0.1246,0.000400,0.005500,0.063100,0.008600,0.001700,0.000500,0.025300,0.006800,0.011900,0.001400,0.1339,0.014500,0.039000,0.2046,0.069300,0.001200,0.032200,0.003100,0.032400,0.023200,0.016800,8.0194,0.059900,0.006600,0.000300,0,10.4715,0,0,0,0,0,0,0,50,0,0,0,0,1,1,9,9,2,1,1,4,1,1,1,1,1,1,7,7,1,1,50,9,6,42,76,794,950,0,0,0,0,0,-100,-100,-100,-100,600,1440,107.7673,0,0,-0.000000,-1,0,0,0,1,0,13.7344,5,50,75.1289,13.7344,0,0,48.9844,0,100,0,0,0,0,0,0,0,0,0,0.4650,0.4650,1,0.4650,0.4650,61.3101,8.9635,20141,90,568,135,10870.6289,3604.6016,7254.6055,0,14477.0312,10.1644,2.1830,8.2530,10.1644,2.1830,2.9623,33.3333,5.3860,22.2494,0.000200,0.021600,0.000500,0.000600,0.001600,0.006900,0.000600,0.073400,0,0.019500,0.025900,0.041300,0.3533,0.2024,0.019500,0.006100,0.062600,0,0.046700,0.014900,0.1861,0.005200,0.032300,0.3555,0.015900,0.1781,0.4154,0.6910,0.3871,0.056300,2.0540,0.093200,0.030700,0.039100,0.6845,0.090700,0.002000,0.002600,0.063400,0.1986,0.049200,0.000600,0.5908,982,411538,0.1852,0,0,0,0,0,0,0,0.007300,0,0,0,0,0,0,0,0,0,0,0,0,0,0,0,0,0,0,0,0,0,0,0
,0.025800,0.006100,2,60,0,58,0,0,13,233,25,0,454,3,0,0,12,2,0,0,0,0,0.008400,0.014600,0.3996,0.006400,0.009300,0.000900,0.9182,0.2248,0.056800,0.1357,0.002300,0.026300,0,2,768,256,11229,3565.7148,15494.9102,239.1602,0.001600,5,0.000200,0.008600,0.002300,0.014600,0.1870,0,0,0.059900,0.3845,2.8195,0.073100,0.000200,0.001400,0.000300,0.000200,0.007100,0.009200,0.049600,0.006300,0.034000,0.1420,0.012300,0.006100,1.2403,0.029500,0.009900,0.029300,0.012100,0.020000,0.094200,0.011600,0.077900,0.002300,0.080600,0.008800,0.072200,0.6529,0.005400,2.3616,0.000300,0.1920,0.000700,0.000500,0.034700,0.3143,0.8034,0.046300,1.1091,0.4442,0.003800,0.017400,0.000600,0.1134,0.3478,9.4047,8.7628,13.0955,634,16,0.2500,0,16,3.8438,1,0,0,629,1,0,115,102,13,0,-1,-1,0,-1,-1,13.9904,4.9185,0,1525.2227,1525.2227,1441.5039,95,881,561,322,0,0,0.000800,0,0,0.015200,0.084400,0.000600,0.012400,0.075300,0.039200,0.000900,0.001700,0.000200,0.001600,0.006300,0.000900,0.004100,0.023400,0.1745,0.054800,0.078000,0.1511,0.045900,0.2315,0.039200,0.070100,0.000200,0.001700,0.072300,0.009600,0.001300,0.000600,0.028000,0.006600,0.013400,0.001300,0.1517,0.015500,0.040700,0.1983,0.074800,0.001600,0.046800,0.002200,0.018200,0.024400,0.018500,8.7374,0.064000,0.007000,0.000100,0,10.1728,0,0,0,0,0,0,0,50,0,0,0,0,1,1,9,9,2,1,1,4,1,1,1,1,1,1,7,7,1,1,50,9,6,42,76,794,950,0,0,0,0,0,-100,-100,-100,-100,600,1440,107.7673,0,0,-0.000000,-1,0,0,0,1,0,13.7344,5,50,75.1289,13.7344,0,0,48.9844,0,100,0,0,0,0,0,0,0,0,0,0.5204,0.5204,1,0.5204,0.5204,9.9758,8.9635,20141,90,568,135,10870.6289,3604.6016,7254.6055,0,14475.2305,10.9195,2.1281,7.5028,10.9195,2.1293,2.8850,33.3333,5.5641,21.2264,0.000200,0.023000,0.000600,0.000700,0.001800,0.007300,0.000600,0.073200,0.001000,0.022600,0.034200,0.041600,0.3394,0.1865,0.019400,0.006200,0.062000,0,0.045700,0.014000,0.1899,0.005100,0.032100,0.1362,0.016300,0.090400,0.4280,0.6341,0.3258,0.055400,2.4679,0.095200,0.031800,0.038300,0.6892,0.086800,0.001800,0.002700,0.062200,0.1966,0.049200,0.000600,0.6528,1046,426278,0,1538,884,1,2.2892,0,0.003300,0.001200,0.009200,0,0,0,0,0,0,0,0,0,0,0,0,0,0,0,0,0,0,0,0,0,0,0
,0.1103,0.007000,2,80,0,78,0,0,14,233,41,0,454,3,0,0,13,2,0,0,0,0,0.016100,0.004300,0.3471,0.005800,0.008900,0.001000,0.9300,0.1792,0.059300,0.1474,0.001300,0.027900,0,1,768,256,11229,3565.7148,15494.9102,239.1602,0.002000,5,0.000300,0.009200,0.002000,0.2655,0.1985,0,0,0.072000,0.2536,3.3578,0.071700,0.000300,0.002300,0.000200,0.000500,0.009300,0.010300,0.054100,0.008000,0.040100,0.1141,0.011200,0.006400,0.3179,0.035900,0.011300,0.031100,0.012500,0.024200,0.090200,0.009300,0.078500,0.002200,0.087500,0.011500,0.095200,0.8146,0.009900,2.7413,0.000700,0.2730,0.000800,0.000600,0.042600,0.4645,1.0719,0.040100,1.3497,0.1212,0.002400,0.011200,0.000600,0.044100,0.1421,10.0686,8.7628,13.0955,634,16,0.2500,0,16,3.8438,1,0,0,629,1,0,115,102,13,0,-1,-1,0,-1,-1,13.9904,4.9185,0,1525.2227,1525.2227,1525.0977,95,880,561,322,0,0,0.001100,0,0,0.015900,0.085700,0.000900,0.013300,0.071000,0.043400,0.000900,0.001800,0.000300,0.001800,0.006600,0.001000,0.004100,0.023000,0.1407,0.060000,0.080800,0.1526,0.041900,0.2633,0.020100,0.030200,0.000300,0.001300,0.062400,0.008000,0.001400,0.000400,0.025800,0.006000,0.012200,0.001000,0.1403,0.015100,0.040700,0.2076,0.074500,0.001200,0.041500,0.002700,0.033600,0.023300,0.017400,9.4731,0.069900,0.007100,0.000100,0,11.0326,0,0,0,0,0,0,0,50,0,0,0,0,1,1,9,9,2,1,1,4,1,1,1,1,1,1,7,7,1,1,50,9,6,42,76,794,950,0,0,0,0,0,-100,-100,-100,-100,600,1440,107.7673,0,0,-0.000000,-1,0,0,0,1,0,13.7344,5,50,75.1289,13.7344,0,0,48.9844,0,100,0,0,0,0,0,0,0,0,0,0.4449,0.4449,1,0.4449,0.4449,21.6857,8.9635,20141,90,568,135,10870.7031,3604.6016,7254.6055,0,14475.2305,11.6944,2.2303,7.3925,11.6944,2.2316,3.0035,33.3333,5.5251,21.1320,0.000200,0.023600,0.000500,0.000600,0.001800,0.012600,0.000800,0.076500,0,0.018400,0.031100,0.036600,0.3856,0.2015,0.020400,0.005200,0.062000,0,0.047800,0.012700,0.1764,0.006100,0.031200,0.1298,0.015200,0.1103,0.4243,0.7851,0.8482,0.064300,2.7286,0.096300,0.034800,0.043400,0.7114,0.098000,0.003100,0.003400,0.077700,0.2130,0.054300,0.001000,0.6695,960,394708,0,0,0,0,0,0,0,0.001500,0.009800,0,0,0,0,0,0,0,0,0,0,0,0,0,0,0,0,0,0,0,0,0,0,0
,0.018600,0.008700,2,57,0,55,0,0,13,233,11,0,454,3,0,0,12,2,0,0,0,0,0,0.010000,0.3647,0.006900,0.009000,0.001000,0.9450,0.2275,0.066500,0.1642,0.001400,0.028600,0,1,768,256,11229,3565.7148,15494.9102,239.1602,0.001700,6,0.000400,0.009300,0.002500,0.015600,0.2176,0,0,0.073300,0.3616,3.3674,0.072700,0.000400,0.001700,0.000300,0.000300,0.008800,0.020700,0.059800,0.007300,0.044500,0.1622,0.016400,0.007100,0.9566,0.031500,0.009900,0.027200,0.011700,0.022100,0.087700,0.012900,0.079300,0.003800,0.1043,0.012900,0.092300,0.7739,0.008900,2.7820,0.000600,0.3034,0.001100,0.000600,0.042100,0.4303,0.8899,0.033100,1.1394,0.4620,0.002300,0.012800,0.000600,0.044500,0.5261,9.3666,8.7628,13.0955,634,16,0.2500,0,16,3.8438,1,0,0,629,1,0,115,102,13,0,-1,-1,0,-1,-1,13.9904,4.9185,0,1525.2227,1525.2227,1441.6289,95,878,561,321,0,0,0.001100,0,0,0.020700,0.1265,0.000900,0.017000,0.089100,0.052500,0.001100,0.002000,0.000400,0.002200,0.008900,0.001100,0.005800,0.028600,0.2102,0.078600,0.4200,0.1650,0.042600,0.2032,0.035300,0.5122,0.000200,0.001700,0.073800,0.010200,0.001800,0.000700,0.032900,0.007600,0.014400,0.001500,0.1840,0.019800,0.051100,0.3282,0.1075,0.001800,0.081000,0.002300,0.048500,0.034300,0.034300,8.3652,0.089600,0.008900,0.000200,0,11.7083,0,0,0,0,0,0,0,50,0,0,0,0,1,1,9,9,2,1,1,4,1,1,1,1,1,1,7,7,1,1,50,9,6,42,76,794,950,0,0,0,0,0,-100,-100,-100,-100,600,1440,107.7673,0,0,-0.000000,-1,0,0,0,1,0,13.7344,5,50,75.1289,13.7344,0,0,48.9844,0,100,0,0,0,0,0,0,0,0,0,0.5809,0.5809,1,0.5809,0.5809,33.5983,8.9635,20141,90,568,135,10870.9883,3604.6016,7254.6055,0,14475.3047,11.9027,3.1993,7.3925,11.9027,3.1993,3.4165,33.3333,5.6774,20.4748,0.000200,0.023900,0.000800,0.000700,0.001900,0.007400,0.000800,0.074700,0,0.020500,0.036300,0.047000,0.3553,0.3208,0.020500,0.006200,0.061700,0,0.050300,0.012400,0.1957,0.005100,0.032500,0.1430,0.016500,0.1026,0.4430,0.7213,0.3872,0.062500,2.1291,0.096300,0.033700,0.040600,1.2714,0.079400,0.002800,0.004000,0.078700,0.6584,0.051200,0.000800,0.6438,970,421628,0,0,0,0,0,0,0.002000,0,0.008500,0,0,0,0,0,0,0,0,0,0,0,0,0,0,0,0,0,0,0,0,0,0,0
,0.021100,0.007800,2,60,0,58,0,0,13,233,26,0,454,3,0,0,12,2,0,0,0,0,0.023100,0.023600,0.3535,0.006200,0.009500,0.001000,0.9005,0.2653,0.058700,0.1369,0.001000,0.029500,0,1,768,256,11229,3565.7148,15494.9102,239.1602,0.001300,6,0.000100,0.008400,0.002200,0.015500,0.2154,0,0,0.062800,0.2314,2.4973,0.064600,0.000300,0.001900,0.000300,0.000300,0.007900,0.009200,0.043100,0.005400,0.031600,0.1087,0.010200,0.005700,1.3517,0.028400,0.008900,0.033000,0.012400,0.019900,0.087900,0.009500,0.077800,0.002400,0.1134,0.008800,0.070500,0.5887,0.004600,2.3388,0.000600,0.1887,0.000700,0.000300,0.030100,0.3039,0.6003,0.023300,0.9723,0.1997,0.001800,0.010400,0.000500,0.035400,0,10.6784,8.7628,13.0955,634,16,0.2500,0,16,3.8438,1,0,0,629,1,0,115,102,13,0,-1,-1,0,-1,-1,13.9904,4.9185,0,1525.2227,1525.2227,1525.0977,95,874,561,321,0,0,0.000900,0,0,0.024400,0.1015,0.000800,0.017700,0.1086,0.057000,0.001400,0.002100,0.000400,0.001900,0.008200,0.001600,0.006700,0.038200,0.2209,0.090100,0.1006,0.2188,0.057900,0.2396,0.037000,0.3367,0.000100,0.003400,0.1105,0.015500,0.002600,0.001000,0.044300,0.011700,0.018900,0.001900,0.1878,0.025000,0.054300,0.1993,0.087800,0.002000,0.051000,0.002400,0.017800,0.024100,0.018200,10.0733,0.063300,0.007100,0.000100,0,11.8689,0,0,0,0,0,0,0,50,0,0,0,0,1,1,9,9,2,1,1,4,1,1,1,1,1,1,7,7,1,1,50,9,6,42,76,794,950,0,0,0,0,0,-100,-100,-100,-100,600,1440,107.7673,0,0,-0.000000,-1,0,0,0,1,0,13.7344,5,50,75.1289,13.7344,0,0,48.9844,0,100,0,0,0,0,0,0,0,0,0,0.8431,0.8431,1,0.8431,0.8431,46.6486,8.9635,20141,90,568,135,10870.9883,3604.6016,7254.6055,0,14475.5898,13.0537,3.2562,8.6424,13.0537,3.2562,3.8520,33.3333,5.5621,20.7724,0.000700,0.023900,0.000700,0.000700,0.001600,0.012300,0.000600,0.073200,0,0.020500,0.029100,0.041000,0.3556,0.1893,0.019500,0.005100,0.061900,0,0.044000,0.016200,0.1788,0.005100,0.032500,0.1343,0.015400,0.095600,0.4353,0.6980,0.3446,0.057200,2.4944,0.095300,0.036800,0.049800,0.6907,0.082900,0.002200,0.002300,0.060400,0.1964,0.051200,0.000500,0.5991,978,411714,0,0,0,0,0,0,0,0,0.008500,0,0,0,0,0,0,0,0,0,0,0,0,0,0,0,0,0,0,0,0,0,0,0
,0.014900,0.013000,2,64,0,62,0,0,13,233,28,0,454,3,0,0,12,2,0,0,0,0,0,0.001700,0.3324,0.006300,0.008500,0.001100,0.8633,0.1949,0.050300,0.1297,0.001600,0.022900,0,0,768,256,11229,3565.7148,15494.9102,239.1602,0,3,0.000100,0.007600,0.002000,0.019900,0.1807,0,0,0.1139,0.2996,2.7275,0.068800,0.000300,0.001200,0.000300,0.000400,0.006200,0.007000,0.040600,0.005300,0.032100,0.1294,0.011400,0.006100,1.1182,0.029100,0.008900,0.029600,0.011700,0.019700,0.1117,0.010200,0.071600,0.002500,0.1115,0.011400,0.079000,0.6339,0.005800,2.4939,0.000300,0.2042,0.000900,0.000500,0.032100,0.3235,0.8098,0.025800,0.9864,0.1435,0.002300,0.010600,0.000400,0.042000,0,8.6457,8.7628,13.0955,634,16,0.2500,0,16,3.8438,1,0,0,629,1,0,115,102,13,0,-1,-1,0,-1,-1,13.9904,4.9185,0,1525.2227,1525.2227,1441.5039,95,876,561,321,0,0,0.001100,0,0,0.015300,0.081000,0.000500,0.012000,0.069500,0.043800,0.000900,0.001600,0.000200,0.001600,0.006300,0.001000,0.003800,0.022200,0.1502,0.060500,0.081900,0.1535,0.044500,0.1850,0.017900,0.1029,0.000200,0.002100,0.065000,0.008900,0.001300,0.000700,0.024700,0.006500,0.011900,0.001100,0.1468,0.015000,0.039600,0.2153,0.068400,0.001300,0.044000,0.002500,0.033800,0.024000,0.024300,7.9999,0.063200,0.006600,0.000100,0,13.0209,0,0,0,0,0,0,0,50,0,0,0,0,1,1,9,9,2,1,1,4,1,1,1,1,1,1,7,7,1,1,50,9,6,42,76,794,950,0,0,0,0,0,-100,-100,-100,-100,600,1440,107.7673,0,0,-0.000000,-1,0,0,0,1,0,13.7344,5,50,75.1289,13.7344,0,0,48.9844,0,100,0,0,0,0,0,0,0,0,0,0.4100,0.4100,1,0.4100,0.4100,56.7996,8.9635,20141,90,568,135,10870.9883,3604.6016,7254.6055,0,14475.5898,10.1643,2.2236,7.3561,10.1643,2.2246,3.2944,33.3333,5.5371,21.4314,0.000200,0.023000,0.000600,0.000500,0.001700,0.007000,0.000600,0.072200,0,0.018500,0.026200,0.039500,0.3433,0.1959,0.020500,0.006100,0.069400,0,0.044200,0.022600,0.1997,0.005100,0.032000,0.1260,0.018300,0.1001,0.4376,0.8227,0.2983,0.056200,2.3326,0.095200,0.030700,0.038900,0.6964,0.069100,0.001900,0.002500,0.062100,0.1977,0.050200,0.000600,0.6288,928,386350,0,0,0,0,0,0,0,0.001100,0.008200,0,0,0,0,0,0,0,0,0,0,0,0,0,0,0,0,0,0,0,0,0,0,0
,0.014600,0.012500,2,57,0,55,0,0,13,233,12,0,454,3,0,0,12,2,0,0,0,0,0.035500,0.006900,0.3375,0.006900,0.008000,0.001300,0.8650,0.1803,0.052400,0.1261,0.001200,0.046500,0,1,768,256,11229,3565.7148,15494.9102,239.1602,0.003400,4,0.000200,0.008700,0.002000,0.020900,0.1867,0,0,0.061400,0.2671,2.6714,0.061500,0.000500,0.001200,0.000300,0.000300,0.006700,0.006500,0.040400,0.005200,0.032200,0.1236,0.011000,0.006000,0.7378,0.027900,0.008500,0.035300,0.011200,0.018400,0.1139,0.010300,0.073800,0.002300,0.1728,0.009400,0.073500,0.6041,0.005100,2.4083,0.000500,0.1961,0.000500,0.000400,0.031300,0.3156,0.6564,0.025200,0.9558,0.5268,0.002100,0.014100,0.000500,0.040800,0.1229,9.1544,8.7628,13.0955,634,16,0.2500,0,16,3.8438,1,0,0,629,1,0,115,102,13,0,-1,-1,0,-1,-1,13.9904,4.9185,0,1525.2227,1525.2227,1441.6289,95,879,561,321,0,0,0.000800,0,0,0.015200,0.092000,0.000900,0.013500,0.084000,0.040900,0.000900,0.001400,0.000200,0.001400,0.005900,0.000900,0.003400,0.024300,0.2243,0.057500,0.084400,0.1621,0.052700,0.2389,0.019200,0,0.000300,0.001500,0.066000,0.008900,0.001400,0.000700,0.028000,0.006600,0.012200,0.001100,0.1440,0.014300,0.057900,0.2151,0.1399,0.001400,0.026200,0.002900,0.036000,0.024500,0.018000,8.5646,0.062300,0.007000,0.000100,0,10.0532,0,0,0,0,0,0,0,50,0,0,0,0,1,1,9,9,2,1,1,4,1,1,1,1,1,1,7,7,1,1,50,9,6,42,76,794,950,0,0,0,0,0,-100,-100,-100,-100,600,1440,107.7673,0,0,-0.000000,-1,0,0,0,1,0,13.7344,5,50,75.1289,13.7344,0,0,48.9844,0,100,0,0,0,0,0,0,0,0,0,0.4592,0.4592,1,0.4592,0.4592,4.6991,8.9635,20141,90,568,135,10871.0820,3604.6016,7254.6055,0,14475.5898,10.7000,2.1153,7.8066,10.7000,2.1162,2.9866,33.3333,5.6832,21.1609,0.000200,0.022000,0.000600,0.000700,0.001700,0.009800,0.000600,0.075100,0,0.022500,0.019500,0.025800,0.3441,0.1950,0.019500,0.005100,0.062400,0,0.045500,0.023300,0.2003,0.005100,0.032800,0.1419,0.014500,0.089600,0.4253,0.6352,0.3646,0.058300,2.4587,0.094200,0.030700,0.037900,0.6933,0.1299,0.002300,0.002400,0.063100,0.2038,0.049100,0.000600,0.5986,935,400544,0,2100,1194,0,0.9546,0.3236,0,0.001100,0.008600,0,0,0,0,0,0,0,0,0,0,0,0,0,0,0,0,0,0,0,0,0,0,0
,0.021400,0.005700,2,57,0,55,0,0,13,233,12,0,454,3,0,0,12,2,0,0,0,0,0,0.010200,0.3161,0.004900,0.009800,0.000900,0.8651,0.1805,0.054700,0.1293,0.001200,0.024600,0,0,768,256,11229,3565.7148,15494.9102,239.1602,0,3,0.000300,0.012700,0.002500,0.019600,0.1885,0,0,0.2089,0.3022,3.6119,0.075000,0.000300,0.003100,0.000400,0.000500,0.007600,0.010700,0.050200,0.004800,0.034200,0.1587,0.012500,0.008800,0.1873,0.028600,0.011600,0.040700,0.012600,0.022400,0.1006,0.016700,0.090100,0.002500,0.1361,0.012500,0.1113,0.8436,0.005400,2.3728,0.000400,0.1861,0.000600,0.000400,0.036800,0.3084,0.9048,0.025900,0.8976,0.1777,0.004100,0.010100,0.000600,0.1051,0.038100,9.1033,8.7628,13.0955,634,16,0.2500,0,16,3.8438,1,0,0,629,1,0,115,102,13,0,-1,-1,0,-1,-1,13.9904,4.9185,0,1525.2227,1525.2227,1441.5039,95,871,551,321,0,0,0.001300,0,0,0.016100,0.081900,0.000700,0.012300,0.069000,0.040900,0.000800,0.001900,0.000400,0.001400,0.006200,0.001200,0.004000,0.021900,0.1373,0.057600,0.081500,0.1508,0.043900,0.2319,0.016700,0.025000,0.000300,0.001500,0.063300,0.008900,0.001800,0.000400,0.027200,0.006200,0.011500,0.001100,0.1377,0.015500,0.043800,0.1977,0.073900,0.001600,0.033200,0.002500,0.017700,0.025600,0.017100,8.5441,0.060200,0.007100,0.000200,0,10.9412,0,0,0,0,0,0,0,50,0,0,0,0,1,1,9,9,2,1,1,4,1,1,1,1,1,1,7,7,1,1,50,9,6,42,76,794,950,0,0,0,0,0,-100,-100,-100,-100,600,1440,107.7673,0,0,-0.000000,-1,0,0,0,1,0,13.7344,5,50,75.1289,13.7344,0,0,48.9844,0,100,0,0,0,0,0,0,0,0,0,0.4027,0.4027,1,0.4027,0.4027,15.3837,8.9635,20141,90,568,135,10871.1289,3604.6016,7254.6055,0,14475.6836,10.7530,2.2548,7.3770,10.7530,2.2548,2.9570,33.3333,5.5925,21.2091,0.000200,0.021300,0.000500,0.000600,0.001700,0.008600,0.000500,0.075900,0.001100,0.018500,0.023200,0.025300,0.3370,0.1900,0.019400,0.005200,0.061500,0,0.045300,0.019500,0.1749,0.005100,0.030900,0.1412,0.015600,0.089700,0.4170,0.6408,0.3110,0.058400,2.3962,0.095200,0.030700,0.039600,0.6964,0.094700,0.001900,0.002800,0.063100,0.1998,0.050100,0.000600,0.6124,954,392342,0.057000,0,0,0,0,0,0,0,0.008100,0,0,0,0,0,0,0,0,0,0,0,0,0,0,0,0,0,0,0,0,0,0,0
,0.4215,0.007100,2,57,0,55,0,0,13,233,13,0,454,3,0,0,12,2,0,0,0,0,0.012800,0.012000,0.4531,0.008500,0.013100,0.001400,1.3207,0.2081,0.069300,0.1765,0.001300,0.031500,0,0,768,256,11229,3565.7148,15494.9102,239.1602,0.007100,5,0.000300,0.011500,0.002100,0.026500,0.2259,0,0,0.076900,0.2260,2.6037,0.068500,0.000300,0.001100,0.000300,0.000200,0.006700,0.007100,0.043300,0.006100,0.032300,0.1377,0.011100,0.006400,1.2330,0.028600,0.009700,0.031700,0.012700,0.020200,0.083600,0.012100,0.1082,0.002200,0.099600,0.009300,0.071500,0.7147,0.006700,2.3529,0.000400,0.1976,0.000600,0.000200,0.031000,0.3053,0.6796,0.024000,0.9023,0.1027,0.002000,0.009800,0.000500,0.034600,0,9.3970,8.7628,13.0955,634,16,0.2500,0,16,3.8438,1,0,0,629,1,0,115,102,13,0,-1,-1,0,-1,-1,13.9904,4.9185,0,1525.2227,1525.2227,1525.0977,95,875,561,321,0,0,0.001200,0,0,0.017200,0.096100,0.000500,0.012200,0.085300,0.047300,0.001300,0.001500,0.000300,0.001800,0.006600,0.002500,0.004600,0.025800,0.1574,0.066600,0.081300,0.1646,0.049300,0.3283,0.023100,0,0.000300,0.001600,0.072900,0.010600,0.001600,0.000600,0.030300,0.006600,0.014600,0.001100,0.1519,0.018200,0.044500,0.2567,0.078800,0.001300,0.054500,0.002500,0.043100,0.025000,0.030700,8.7011,0.073500,0.008100,0.000200,0,10.5268,0,0,0,0,0,0,0,50,0,0,0,0,1,1,9,9,2,1,1,4,1,1,1,1,1,1,7,7,1,1,50,9,6,42,76,794,950,0,0,0,0,0,-100,-100,-100,-100,600,1440,107.7673,0,0,-0.000000,-1,0,0,0,1,0,13.7344,5,50,75.1289,13.7344,0,0,48.9844,0,100,0,0,0,0,0,0,0,0,0,0.5044,0.5044,1,0.5044,0.5044,26.4019,8.9635,20141,90,568,135,10871.4766,3604.6016,7254.6055,0,14475.7305,10.9848,2.1776,7.4719,10.9848,2.1786,3.1646,33.3333,6.3682,22.1248,0.000300,0.023300,0.000500,0.000800,0.001700,0.007400,0.001600,0.072000,0,0.020400,0.025600,0.040300,0.3621,0.1826,0.019400,0.005200,0.068000,0,0.047100,0.009300,0.1823,0,0.032400,0.1355,0.015200,0.085600,0.4219,1.1978,0.3569,0.057400,3.0802,0.094200,0.031700,0.038800,0.6931,0.092100,0.002100,0.002500,0.062000,0.1976,0.049200,0.000600,0.6017,924,385166,0,0,0,0,0,0,0.001700,0.001200,0.009200,0,0,0,0,0,0,0,0,0,0,0,0,0,0,0,0,0,0,0,0,0,0,0
,0.014600,0.009300,2,57,0,55,0,0,13,233,13,0,454,3,0,0,12,2,0,0,0,0,0.009100,0.016500,0.3308,0.005400,0.007800,0.001000,0.8851,0.2252,0.048700,0.1275,0,0.025400,0.001400,0,768,256,11229,3565.7148,15494.9102,239.1602,0,3,0.000400,0.007800,0.001600,0.017900,0.2242,0,0,0.056800,0.2665,2.4838,0.1026,0.000200,0.001300,0.000200,0.000400,0.008600,0.007000,0.044800,0.006600,0.035200,0.1311,0.012900,0.007200,1.3203,0.028900,0.010000,0.029900,0.012200,0.019200,0.083200,0.012900,0.067800,0.002200,0.1017,0.008600,0.067200,0.5911,0.004500,2.2970,0.000300,0.1791,0.000600,0.000400,0.030500,0.3356,0.6196,0.024700,0.9568,0.1812,0.002100,0.011000,0.000600,0.041300,0.1708,8.7399,8.7628,13.0955,634,16,0.2500,0,16,3.8438,1,0,0,629,1,0,115,102,13,0,-1,-1,0,-1,-1,13.9904,4.9185,0,1525.2227,1525.2227,1525.0977,95,871,551,321,0,0,0.001000,0,0,0.016200,0.1060,0.000400,0.014800,0.072400,0.043000,0.001000,0.001600,0.000200,0.001500,0.006300,0.001200,0.004100,0.025600,0.1760,0.063400,0.085700,0.1644,0.047900,0.1987,0.019700,0.035500,0.000200,0.005800,0.065600,0.009600,0.001600,0.000600,0.027300,0.006700,0.012200,0.001300,0.1414,0.015000,0.039900,0.2133,0.067900,0.001200,0.042300,0.002300,0.033000,0.023800,0.018200,8.1485,0.061200,0.007900,0.000100,0.009900,11.0295,0,0,0,0,0,0,0,50,0,0,0,0,1,1,9,9,2,1,1,4,1,1,1,1,1,1,7,7,1,1,50,9,6,42,76,794,950,0,0,0,0,0,-100,-100,-100,-100,600,1440,107.7673,0,0,-0.000000,-1,0,0,0,1,0,13.7344,5,50,75.1289,13.7344,0,0,48.9844,0,100,0,0,0,0,0,0,0,0,0,0.4360,0.4360,1,0.4360,0.4360,36.6638,8.9635,20141,90,568,135,10871.8984,3604.6016,7254.6055,0,14476.0781,10.3025,2.2266,8.4781,10.3025,2.2266,3.2870,33.3333,5.3857,23.1598,0.000300,0.022200,0.000500,0.000600,0.001700,0.008100,0.000800,0.072500,0.001100,0.019400,0.030600,0.038800,0.3408,0.1940,0.019500,0.006100,0.064800,0,0.043300,0.009700,0.1870,0.005100,0.031700,0.1363,0.015300,0.091500,0.4257,0.7448,0.3421,0.055400,2.4300,0.094200,0.031800,0.039700,0.6906,0.088500,0.001900,0.002600,0.060300,0.1966,0.050200,0.000600,0.6116,979,399654,0,0,0,0,0,0,0,0,0.008300,0,0,0,0,0,0,0,0,0,0,0,0,0,0,0,0,0,0,0,0,0,0,0
,0.016600,0.015200,2,64,0,62,0,0,13,233,44,0,454,3,0,0,12,2,0,0,0,0,0.032000,0.014700,0.3799,0.005800,0.008300,0.001100,0.8998,0.1887,0.057100,0.1374,0.002700,0.026200,0,0,768,256,11229,3565.7148,15494.9102,239.1602,0.004300,6,0.000300,0.2480,0.001800,0.017300,0.1831,0,0,0.071500,0.2867,2.5057,0.065500,0.000400,0.001200,0.000200,0.000200,0.006900,0.007200,0.042100,0.005600,0.032200,0.1152,0.010500,0.006300,0.6950,0.025700,0.007600,0.039800,0.012800,0.019300,0.083800,0.008400,0.075800,0.002100,0.088300,0.008900,0.068400,0.6035,0.004900,2.3592,0.000400,0.1943,0.000600,0.000300,0.030100,0.2964,0.6602,0.023700,0.8819,0.1837,0.001600,0.009400,0.000600,0.035300,0.026700,8.9310,8.7628,13.0955,634,16,0.2500,0,16,3.8438,1,0,0,629,1,0,115,102,13,0,-1,-1,0,-1,-1,13.9904,4.9185,0,1525.2227,1525.2227,1525.0977,95,876,551,321,0,0,0.001100,0,0,0.015100,0.084200,0.000600,0.012600,0.070400,0.042200,0.000800,0.001500,0.000300,0.001500,0.006200,0.001000,0.004100,0.024200,0.1430,0.057500,0.081400,0.1555,0.057800,0.2331,0.019800,0.058700,0.000200,0.001600,0.063400,0.008700,0.001500,0.000600,0.026000,0.006500,0.012400,0.001300,0.1425,0.014700,0.040800,0.1965,0.069900,0.001500,0.039600,0.003100,0.017700,0.023500,0.018500,8.2838,0.063200,0.007500,0.000300,0,10.2362,0,0,0,0,0,0,0,50,0,0,0,0,1,1,9,9,2,1,1,4,1,1,1,1,1,1,7,7,1,1,50,9,6,42,76,794,950,0,0,0,0,0,-100,-100,-100,-100,600,1440,107.7673,0,0,-0.000000,-1,0,0,0,1,0,13.7344,5,50,75.1289,13.7344,0,0,48.9844,0,100,0,0,0,0,0,0,0,0,0,0.4700,0.4700,1,0.4700,0.4700,47.0038,8.9635,20141,90,568,135,10871.8984,3604.6016,7254.6055,0,14476.5000,10.3193,2.0592,7.3501,10.3193,2.0592,2.7826,33.3333,5.6103,23.4776,0.000200,0.023300,0.000600,0.000600,0.001600,0.011100,0.000600,0.076800,0.001000,0.020500,0.020200,0.026300,0.3468,0.1839,0.018400,0.005100,0.062500,0,0.045500,0.006900,0.1776,0,0.032700,0.1407,0.015500,0.091400,0.4270,0.7563,0.3285,0.055300,2.4771,0.094200,0.031800,0.039600,0.6912,0.085900,0.001900,0.002400,0.061800,0.1967,0.050200,0.000700,0.6547,925,385178,0,0,0,0,0,0,0,0,0.007900,0,0,0,0,0,0,0,0,0,0,0,0,0,0,0,0,0,0,0,0,0,0,0
,0.021400,0.005700,0,0,0,0,0,0,0,0,0,0,0,0,0,0,0,0,0,0,0,0,0.008100,0.068300,0.3221,0.005700,0.008900,0.000900,0.8384,0.1984,0.052600,0.1249,0.000900,0.020700,0,0,768,256,11229,3565.7148,15494.9102,239.1602,0.001300,4,0.000200,0.2504,0.001500,0.016800,0.1904,0,0,0.054200,0.3746,2.4982,0.084600,0.000300,0.001100,0.000200,0.000300,0.006100,0.006300,0.046400,0.005200,0.032600,0.1070,0.011500,0.006200,0.7674,0.026300,0.008800,0.028000,0.011300,0.018700,0.096400,0.019100,0.073800,0.002100,0.075200,0.008600,0.074200,0.6000,0.004900,2.3668,0.000600,0.2060,0.000500,0.000400,0.030000,0.3114,0.8639,0.025200,0.9633,0.5330,0.002200,0.011600,0.000500,0.036200,0.026000,8.0004,8.7628,13.0955,634,16,0.2500,0,16,3.8438,1,0,0,629,1,0,115,102,13,0,-1,-1,0,-1,-1,13.9904,4.9185,0,1525.2227,1525.2227,1525.0977,95,870,551,322,0,0,0.001000,0,0,0.014700,0.081400,0.000700,0.011600,0.068800,0.042400,0.000900,0.001800,0.000300,0.001800,0.006900,0.001100,0.003600,0.024300,0.1691,0.063900,0.080900,0.1471,0.036300,0.1830,0.018100,0.1136,0.000200,0.001400,0.064400,0.009500,0.001700,0.000700,0.026800,0.006800,0.011700,0.001000,0.1368,0.020400,0.038800,0.2082,0.069300,0.001200,0.047100,0.002700,0.036500,0.022000,0.016900,7.3512,0.059200,0.006200,0.000300,0,10.4825,0,0,0,0,0,0,0,50,0,0,0,0,1,1,9,9,2,1,1,4,1,1,1,1,1,1,7,7,1,1,50,9,6,42,76,794,950,0,0,0,0,0,-100,-100,-100,-100,600,1440,107.7673,0,0,-0.000000,-1,0,0,0,1,0,13.7344,5,50,75.1289,13.7344,0,0,48.9844,0,100,0,0,0,0,0,0,0,0,0,0.4838,0.4838,1,0.4838,0.4838,56.5536,8.9635,20141,90,568,135,10871.9102,3604.6016,7254.6055,0,14476.5000,9.5696,2.1989,7.3501,9.5696,2.2000,2.8455,33.3333,6.0509,23.7101,0.000200,0.020700,0.000500,0.000700,0.001600,0.008700,0.000600,0.072900,0.001000,0.018500,0.027600,0.041700,0.3559,0.1931,0.019500,0.006100,0.062100,0.001000,0.046600,0.019800,0.1853,0,0.031900,0.1392,0.016300,0.090100,0.9163,0.7634,0.3322,0.058400,2.8992,0.097300,0.032700,0.039000,0.6944,0.085200,0.002000,0.002800,0.063000,0.1987,0.050200,0.000500,0.6242,944,389688,0,0,0,0,0,0.045900,0,0.001300,0.008200,0,0,0,0,0,0,0,0,0,0,0,0,0,0,0,0,0,0,0,0,0,0,0
,0.015900,0.005800,4,117,0,113,0,0,26,466,43,0,908,6,0,0,24,4,0,0,0,0,0.009600,0,0.3994,0.005500,0.009200,0.000900,0.8832,0.1765,0.051500,0.1219,0.001600,0.032700,0.004700,0,768,256,11229,3565.7148,15494.9102,239.1602,0.001500,4,0.000200,0.009000,0.001700,0.013800,0.2038,0,0,0.057900,0.2193,2.6312,0.066600,0.000300,0.001400,0.000200,0.000200,0.006800,0.008100,0.042700,0.004800,0.032700,0.1305,0.011100,0.005700,0.8820,0.027900,0.008000,0.034800,0.011900,0.019200,0.085500,0.009700,0.071800,0.002000,0.079200,0.007700,0.070100,0.5805,0.004300,2.3124,0.000400,0.1785,0.000500,0.000400,0.028200,0.3608,0.5879,0.052100,1.0069,0.1197,0.001900,0.009500,0.000500,0.030600,0,8.8609,8.7628,13.0955,634,16,0.2500,0,16,3.8438,1,0,0,629,1,0,115,102,13,0,-1,-1,0,-1,-1,13.9904,4.9185,0,1525.2227,1525.2227,1525.0977,95,873,561,322,0,0,0.001200,0,0,0.015900,0.081600,0.000400,0.012600,0.069000,0.044100,0.001100,0.001600,0.000400,0.001700,0.006500,0.001200,0.004800,0.024500,0.1405,0.068100,0.089500,0.1520,0.043900,0.1935,0.018600,0.052200,0.000100,0.001800,0.062900,0.007800,0.001500,0.000500,0.024700,0.005900,0.012900,0.001100,0.1395,0.014200,0.040100,0.2015,0.069800,0.001400,0.043500,0.002600,0.032600,0.022600,0.016400,8.2868,0.075600,0.006600,0.000100,0,9.5489,0,0,0,0,0,0,0,50,0,0,0,0,1,1,9,9,2,1,1,4,1,1,1,1,1,1,7,7,1,1,50,9,6,42,76,794,950,0,0,0,0,0,-100,-100,-100,-100,600,1440,107.7673,0,0,-0.000000,-1,0,0,0,1,0,13.7344,5,50,75.1289,13.7344,0,0,48.9844,0,100,0,0,0,0,0,0,0,0,0,0.4132,0.4132,1,0.4132,0.4132,3.8791,8.9635,20141,90,568,135,10871.7852,3604.6016,7254.6055,0,14476.5117,10.3699,2.1438,8.3413,10.3699,2.1438,2.8150,33.3333,5.9385,23.1840,0.000200,0.021200,0.000500,0.000600,0.002000,0.008000,0.000600,0.073700,0,0.021600,0.028400,0.039300,0.3406,0.1928,0.019500,0.006100,0.065900,0,0.044100,0.011900,0.1663,0,0.032600,0.1346,0.015200,0.094400,0.4250,0.7090,0.3666,0.057400,2.4956,0.095300,0.030700,0.039200,0.6867,0.086900,0.002100,0.002700,0.063000,0.1966,0.050200,0.000800,0.6164,950,392724,0,2380,1336,0,1.0224,0,0,0,0.008500,0,0,0,0,0,0,0,0,0,0,0,0,0,0,0,0,0,0,0,0,0,0,0
,0.016800,0.006600,2,64,0,62,0,0,13,233,27,0,454,3,0,0,12,2,0,0,0,0,0.007700,0.010700,0.3213,0.005500,0.009000,0.000800,0.8355,0.1888,0.052400,0.1299,0.001000,0.032000,0,0,768,256,11229,3565.7148,15494.9102,239.1602,0.001600,6,0.000200,0.008900,0.002200,0.013100,0.1815,0,0,0.053400,0.3363,2.6993,0.067800,0.000300,0.001100,0.000200,0.000300,0.007100,0.007200,0.039800,0.005600,0.030200,0.1347,0.010900,0.006800,1.3994,0.026400,0.008500,0.035500,0.012900,0.019200,0.099700,0.013700,0.077700,0.002500,0.098600,0.009100,0.079000,0.6252,0.005200,2.3510,0.000200,0.1888,0.000800,0.000500,0.030200,0.3147,0.7620,0.024500,0.9488,0.1412,0.002000,0.009400,0.000400,0.038700,0.042100,7.3763,8.7628,13.0955,634,16,0.2500,0,16,3.8438,1,0,0,629,1,0,115,102,13,0,-1,-1,0,-1,-1,13.9904,4.9185,0,1525.2227,1525.2227,1441.5039,95,870,551,322,0,0,0.001100,0,0,0.015300,0.079000,0.000800,0.013100,0.071700,0.045200,0.001000,0.001800,0.000200,0.001700,0.006600,0.001000,0.003800,0.024000,0.1508,0.059400,0.084800,0.1701,0.045100,0.2136,0.019800,0.8058,0.000400,0.001700,0.068100,0.008900,0.001500,0.000800,0.027200,0.006200,0.011700,0.001100,0.1325,0.013500,0.038000,0.2011,0.067700,0.001300,0.024200,0.003200,0.017300,0.022600,0.022100,6.8282,0.056700,0.006100,0.000300,0,10.4520,0,0,0,0,0,0,0,50,0,0,0,0,1,1,9,9,2,1,1,4,1,1,1,1,1,1,7,7,1,1,50,9,6,42,76,794,950,0,0,0,0,0,-100,-100,-100,-100,600,1440,107.7673,0,0,-0.000000,-1,0,0,0,1,0,13.7344,5,50,75.1289,13.7344,0,0,48.9844,0,100,0,0,0,0,0,0,0,0,0,1.1825,1.1825,1,1.1825,1.1825,13.6270,8.9635,20141,90,568,135,10871.7852,3604.6016,7254.6055,0,14476.3867,9.8106,2.9698,7.3227,9.8106,2.9698,2.8277,33.3333,5.4973,24.2969,0.000700,0.022500,0.000500,0.000600,0.001900,0.007300,0.000800,0.072300,0.001000,0.019500,0.026000,0.040600,0.3590,0.1912,0.018400,0.006200,0.067000,0,0.047300,0.012000,0.1950,0.005100,0.032600,0.1379,0.014800,0.093300,0.4269,1.6076,0.3665,0.056400,2.4801,0.095200,0.030700,0.038900,0.6928,0.084900,0.001800,0.002400,0.061400,0.1987,0.049200,0.000600,0.6170,927,386360,0,0,0,0,0,0,0,0,0.008400,0,0,0,0,0,0,0,0,0,0,0,0,0,0,0,0,0,0,0,0,0,0,0
,0.021100,0.006300,2,57,0,55,0,0,13,233,13,0,454,3,0,0,12,2,0,0,0,0,0.008600,0.012200,0.3395,0.005800,0.009100,0.001100,0.8637,0.1862,0.051200,0.1292,0.001100,0.026500,0,0,768,256,11229,3565.7148,15494.9102,239.1602,0.001400,7,0.000100,0.009200,0.002000,0.013500,0.1792,0,0,0.062200,0.2412,2.4646,0.063900,0.000200,0.001200,0.000400,0.000300,0.006800,0.007100,0.043500,0.005200,0.031200,0.1053,0.011100,0.006500,1.2650,0.024600,0.009200,0.036300,0.011800,0.019000,0.081800,0.007700,0.065800,0.002400,0.090500,0.008900,0.073000,0.5933,0.004600,2.3359,0.000200,0.1872,0.000500,0.000400,0.029700,0.3189,0.6942,0.023900,0.9588,0.1575,0.002100,0.010700,0.000600,0.040100,0,9.0120,8.7628,13.0955,634,16,0.2500,0,16,3.8438,1,0,0,629,1,0,115,102,13,0,-1,-1,0,-1,-1,13.9904,4.9185,0,1525.2227,1525.2227,1525.0977,95,873,561,322,0,0,0.001100,0,0,0.015200,0.082200,0.000800,0.012700,0.072300,0.042900,0.001000,0.001600,0.000300,0.001700,0.006600,0.000900,0.004000,0.021400,0.1399,0.062700,0.081400,0.1459,0.046800,0.1776,0.020500,0.1717,0.000200,0.001700,0.064900,0.007900,0.001400,0.000300,0.025500,0.006500,0.013700,0.001100,0.1481,0.016500,0.044600,0.2122,0.067800,0.001100,0.034200,0.002400,0.033400,0.024300,0.016600,8.4543,0.064700,0.006400,0.000100,0,9.7896,0,0,0,0,0,0,0,50,0,0,0,0,1,1,9,9,2,1,1,4,1,1,1,1,1,1,7,7,1,1,50,9,6,42,76,794,950,0,0,0,0,0,-100,-100,-100,-100,600,1440,107.7673,0,0,-0.000000,-1,0,0,0,1,0,13.7344,5,50,75.1289,13.7344,0,0,48.9844,0,100,0,0,0,0,0,0,0,0,0,0.5144,0.5144,1,0.5144,0.5144,24.3852,8.9635,20141,90,568,135,10871.7852,3604.6016,7254.6055,0,14476.3867,10.6845,2.2435,8.3509,10.6845,2.2435,2.8968,33.3333,5.8036,23.0889,0.000300,0.020600,0.000600,0.000600,0.001500,0.008300,0.000700,0.072400,0.001000,0.017400,0.026700,0.039100,0.3452,0.2846,0.018400,0.006100,0.066500,0,0.046300,0.012800,0.1779,0,0.033400,0.1322,0.015200,0.089400,0.4264,0.6847,0.3816,0.055400,2.0825,0.093200,0.031800,0.038900,0.6908,0.087900,0.001800,0.002500,0.065500,0.1987,0.050100,0.000600,0.6007,946,389712,0.056600,0,0,0,0,0,0,0,0.007900,0,0,0,0,0,0,0,0,0,0,0,0,0,0,0,0,0,0,0,0,0,0,0
,0.015700,0.011200,2,60,0,58,0,0,13,233,31,0,454,3,0,0,12,2,0,0,0,0,0.009500,0.008100,0.3628,0.006500,0.055200,0.001000,0.9128,0.1940,0.058600,0.1425,0.001300,0.029400,0,0,768,256,11229,3565.7148,15494.9102,239.1602,0.003100,5,0.000200,0.012300,0.002200,0.015700,0.1855,0,0,0.063500,0.2349,2.5911,0.078900,0.000200,0.001100,0.000300,0.000300,0.006900,0.007800,0.045700,0.005800,0.032600,0.1371,0.010100,0.006000,1.5186,0.027700,0.008100,0.039400,0.011700,0.018900,0.076500,0.012600,0.066900,0.002000,0.083500,0.008200,0.069900,0.5882,0.004700,2.3071,0.000300,0.1805,0.000500,0.000400,0.027900,0.3169,0.8693,0.025200,0.8993,0.1960,0.002100,0.015100,0.000500,0.035900,0.3277,8.4796,8.7628,13.0955,634,16,0.2500,0,16,3.8438,1,0,0,629,1,0,115,102,13,0,-1,-1,0,-1,-1,13.9904,4.9185,0,1525.2227,1525.2227,1525.0977,95,870,551,322,0,0,0.001000,0,0,0.014700,0.079200,0.000700,0.013500,0.069600,0.039500,0.001000,0.001700,0.000200,0.001800,0.006800,0.001200,0.003800,0.024900,0.1474,0.058300,0.076400,0.1583,0.043500,0.1906,0.017100,0.026800,0.000200,0.001500,0.065100,0.008500,0.001200,0.000600,0.025400,0.005900,0.011600,0.001100,0.1396,0.014800,0.042800,0.2096,0.069100,0.001200,0.045200,0.003300,0.032500,0.024000,0.016800,7.8632,0.059500,0.007100,0.000200,0,10.7665,0,0,0,0,0,0,0,50,0,0,0,0,1,1,9,9,2,1,1,4,1,1,1,1,1,1,7,7,1,1,50,9,6,42,76,794,950,0,0,0,0,0,-100,-100,-100,-100,600,1440,107.7673,0,0,-0.000000,-1,0,0,0,1,0,13.7344,5,50,75.1289,13.7344,0,0,48.9844,0,100,0,0,0,0,0,0,0,0,0,0.3834,0.3834,1,0.3834,0.3834,34.4199,8.9635,20141,90,568,135,10871.7852,3604.6016,7254.6055,0,14476.3867,10.1041,2.1759,7.2803,10.1041,2.1759,3.1484,33.3333,5.4959,23.8106,0.000200,0.023400,0.000600,0.000600,0.001800,0.008800,0.000700,0.072700,0,0.017400,0.031800,0.042700,0.3551,0.1957,0.019500,0.005100,0.067600,0,0.045200,0.013000,0.1888,0.005100,0.032800,0.1331,0.015200,0.092400,0.4330,0.7168,0.3053,0.057400,2.2395,0.1997,0.048100,0.039500,0.6920,0.097400,0.002200,0.002400,0.060600,0.1966,0.049100,0.000600,0.5915,955,393920,0,0,0,0,0,0,0,0,0.008700,0,0,0,0,0,0,0,0,0,0,0,0,0,0,0,0,0,0,0,0,0,0,0
,0.020800,0.007100,2,64,0,62,0,0,13,233,27,0,454,3,0,0,12,2,0,0,0,0,0,0.007200,0.3250,0.005700,0.009200,0.001200,0.8561,0.1790,0.053600,0.1225,0.000900,0.023200,0,0,768,256,11229,3565.7148,15494.9102,239.1602,0,4,0.000400,0.008900,0.002200,0.012600,0.2098,0,0,0.061000,0.3472,2.5438,0.076900,0.000300,0.001500,0.000200,0.000300,0.008100,0.007900,0.039900,0.004900,0.032500,0.1010,0.011100,0.006000,0.4230,0.025200,0.008000,0.039500,0.012000,0.019600,0.089300,0.009500,0.075600,0.002100,0.078600,0.008700,0.083400,0.6498,0.006200,2.3929,0.000400,0.2025,0.000500,0.000400,0.029200,0.3207,0.6812,0.022800,0.9085,0.4689,0.002100,0.012200,0.000600,0.036500,0.1624,9.3195,8.7628,13.0955,634,16,0.2500,0,16,3.8438,1,0,0,629,1,0,115,102,13,0,-1,-1,0,-1,-1,13.9904,4.9185,0,1525.2227,1525.2227,1525.0977,95,870,551,322,0,0,0.001000,0,0,0.013800,0.081100,0.000700,0.012200,0.070200,0.038900,0.000800,0.001700,0.000200,0.001500,0.006200,0.000900,0.003900,0.022300,0.1366,0.058300,0.075100,0.1529,0.046500,0.2325,0.019200,0.043900,0.000300,0.001400,0.060500,0.008500,0.001400,0.000400,0.026900,0.006400,0.011900,0.001300,0.1394,0.015400,0.041400,0.1884,0.068700,0.001200,0.040400,0.002400,0.018100,0.022600,0.016100,8.7799,0.059700,0.007000,0.000100,0,10.0249,0,0,0,0,0,0,0,50,0,0,0,0,1,1,9,9,2,1,1,4,1,1,1,1,1,1,7,7,1,1,50,9,6,42,76,794,950,0,0,0,0,0,-100,-100,-100,-100,600,1440,107.7673,0,0,-0.000000,-1,0,0,0,1,0,13.7344,5,50,75.1289,13.7344,0,0,48.9844,0,100,0,0,0,0,0,0,0,0,0,0.4367,0.4367,1,0.4367,0.4367,45.3674,8.9635,20141,90,568,135,10871.7852,3604.6016,7254.6055,0,14476.3867,10.9357,2.1988,7.1891,10.9357,2.1988,2.7685,33.3333,5.5095,23.9978,0.000300,0.025500,0.000700,0.000600,0.001700,0.009600,0.000600,0.075600,0,0.018500,0.020200,0.035200,0.3425,0.1878,0.021500,0.005100,0.062700,0,0.045900,0.014700,0.1813,0,0.032500,0.1423,0.016000,0.089300,0.4267,0.7078,1.1839,0.057400,2.0727,0.095200,0.030700,0.038800,0.6908,0.1024,0.001900,0.002400,0.062400,0.1966,0.051200,0.000600,0.6292,921,385152,0,0,0,0,0,0,0,0,0.008500,0,0,0,0,0,0,0,0,0,0,0,0,0,0,0,0,0,0,0,0,0,0,0
,0.017300,0.012800,0,0,0,0,0,0,0,0,0,0,0,0,0,0,0,0,0,0,0,0,0.023200,0.008700,0.3366,0.005100,0.008000,0.001000,0.8419,0.2037,0.052000,0.1205,0.001100,0.030600,0.001600,0,768,256,11229,3565.7148,15494.9102,239.1602,0.007600,6,0.000200,0.007600,0.001900,0.013700,0.1975,0,0,0.058000,0.2177,2.5514,0.064800,0.000300,0.001400,0.000300,0.000600,0.008200,0.012400,0.040300,0.005200,0.031900,0.1032,0.011000,0.006300,1.0264,0.026700,0.009400,0.034600,0.012300,0.022500,0.1130,0.009400,0.079500,0.002200,0.083300,0.008200,0.068200,0.5960,0.004500,2.3318,0.000300,0.1897,0.000600,0.000400,0.029000,0.3040,0.6082,0.024200,0.9343,0.1385,0.002000,0.010000,0.000500,0.035700,0,8.3565,8.7628,13.0955,634,16,0.2500,0,16,3.8438,1,0,0,629,1,0,115,102,13,0,-1,-1,0,-1,-1,13.9904,4.9185,0,1525.2227,1525.2227,1525.0977,95,871,551,322,0,0,0.001000,0,0,0.015200,0.080400,0.000600,0.018200,0.081100,0.040800,0.000900,0.001700,0.000300,0.002100,0.007200,0.001300,0.004600,0.024300,0.1607,0.058300,0.081400,0.1591,0.041100,0.1936,0.018800,0.039000,0.000300,0.001400,0.062300,0.007800,0.001300,0.000700,0.025000,0.006100,0.012200,0.001200,0.1797,0.019100,0.040300,0.2040,0.073100,0.001200,0.038000,0.002200,0.031300,0.021600,0.019800,7.7760,0.064000,0.006500,0.000100,0.003100,10.8829,0,0,0,0,0,0,0,50,0,0,0,0,1,1,9,9,2,1,1,4,1,1,1,1,1,1,7,7,1,1,50,9,6,42,76,794,950,0,0,0,0,0,-100,-100,-100,-100,600,1440,107.7673,0,0,-0.000000,-1,0,0,0,1,0,13.7344,5,50,75.1289,13.7344,0,0,48.9844,0,100,0,0,0,0,0,0,0,0,0,0.4182,0.4182,1,0.4182,0.4182,55.3255,8.9635,20141,90,568,135,10871.7852,3604.6016,7254.6055,0,14476.3867,9.9077,2.1127,7.1891,9.9077,2.1127,2.8319,33.3333,6.1459,22.9201,0.000200,0.021600,0.000600,0.001100,0.001400,0.007500,0.000600,0.073400,0.001000,0.041900,0.030500,0.039800,0.3492,0.1989,0.019400,0.006200,0.067700,0,0.045900,0.015900,0.1755,0,0.031900,0.1476,0.015800,0.092200,0.4268,0.6871,0.3524,0.056300,2.5003,0.095200,0.032800,0.038000,0.7209,0.059900,0.002000,0.002300,0.062100,0.2048,0.050200,0.000600,0.6854,920,385140,0,0,0,0,0,0,0,0,0.008100,0,0,0,0,0,0,0,0,0,0,0,0,0,0,0,0,0,0,0,0,0,0,0
,0.014000,0.007300,4,114,0,110,0,0,26,466,23,0,908,6,0,0,24,4,0,0,0,0,0.010200,0.021800,0.3257,0.005900,0.009500,0.000900,0.8738,0.1631,0.051600,0.1313,0.001600,0.031700,0.000900,0,768,256,11229,3565.7148,15494.9102,239.1602,0.001900,5,0.000200,0.008000,0.001800,0.015800,0.2041,0,0,0.055100,0.2850,2.6321,0.072400,0.000300,0.001000,0.000300,0.000300,0.006900,0.007500,0.051100,0.005600,0.032500,0.1430,0.012000,0.006200,1.3709,0.028400,0.009100,0.030900,0.011100,0.019000,0.093400,0.013200,0.079900,0.002600,0.087100,0.008600,0.069000,0.6156,0.005000,2.3826,0.000200,0.1950,0.000600,0.000300,0.030100,0.3093,0.5776,0.023400,0.9302,0.5015,0.002200,0.011200,0.000400,0.035900,0.1095,7.3788,8.7628,13.0955,634,16,0.2500,0,16,3.8438,1,0,0,629,1,0,115,102,13,0,-1,-1,0,-1,-1,13.9904,4.9185,0,1525.2227,1525.2227,1525.0977,95,871,551,322,0,0,0.001000,0,0,0.016200,0.085400,0.000500,0.012100,0.071800,0.041100,0.000900,0.001500,0.000200,0.001600,0.005800,0.001100,0.003800,0.022700,0.1488,0.056400,0.082900,0.1643,0.037100,0.5638,0.020500,0.5608,0.000200,0.001900,0.064600,0.008800,0.001200,0.000700,0.024800,0.006000,0.024800,0.001100,0.1424,0.013300,0.053600,0.2106,0.094800,0.001500,0.047600,0.001700,0.032700,0.022900,0.024600,6.7402,0.058000,0.006200,0.000100,0,9.9145,0,0,0,0,0,0,0,50,0,0,0,0,1,1,9,9,2,1,1,4,1,1,1,1,1,1,7,7,1,1,50,9,6,42,76,794,950,0,0,0,0,0,-100,-100,-100,-100,600,1440,107.7673,0,0,-0.000000,-1,0,0,0,1,0,13.7344,5,50,75.1289,13.7344,0,0,48.9844,0,100,0,0,0,0,0,0,0,0,0,1.2892,1.2892,1,1.2892,1.2892,2.6194,8.9635,20141,90,568,135,10871.7852,3604.6094,7254.6055,0,14476.3945,9.8520,3.0245,7.4367,9.8520,3.0255,3.2888,33.3333,5.8479,23.5715,0.000300,0.022700,0.000700,0.000700,0.001600,0.009000,0.000600,0.073300,0,0.021500,0.030100,0.038700,0.7960,0.3050,0.021500,0.006100,0.068800,0,0.045400,0.013800,0.6060,0,0.040300,0.1833,0.017500,0.1039,0.4314,0.6839,0.3768,0.055400,2.0581,0.094300,0.030700,0.039500,0.6953,0.097800,0.002000,0.002500,0.063100,0.1965,0.050100,0.000600,0.6326,922,385164,0,2384,1341,0,1.3860,0,0,0.001300,0.008500,0,0,0,0,0,0,0,0,0,0,0,0,0,0,0,0,0,0,0,0,0,0,0
,0.016600,0.005400,2,57,0,55,0,0,13,233,13,0,454,3,0,0,12,2,0,0,0,0,0.008900,0.003600,0.3393,0.006800,0.009100,0.001200,0.8621,0.2031,0.048100,0.1258,0.001000,0.027200,0,0,768,256,11229,3565.7148,15494.9102,239.1602,0.001800,6,0.000200,0.007200,0.001900,0.015000,0.1812,0,0,0.058100,0.2739,2.6547,0.062000,0.000300,0.001200,0.000300,0.000500,0.006500,0.007100,0.039300,0.005200,0.042400,0.1317,0.010800,0.005700,0.5325,0.025600,0.008400,0.026300,0.011100,0.018400,0.081900,0.011400,0.076000,0.002400,0.081200,0.009200,0.075200,0.6216,0.004700,2.3847,0.000200,0.1918,0.000600,0.000500,0.028200,0.3058,0.6934,0.025200,0.9831,0.4463,0.002200,0.011900,0.000600,0.038500,0,9.1342,8.7628,13.0955,634,16,0.2500,0,16,3.8438,1,0,0,629,1,0,115,102,13,0,-1,-1,0,-1,-1,13.9904,4.9185,0,1525.2227,1525.2227,1525.0977,95,873,561,321,0,0,0.000800,0,0,0.016200,0.085400,0.000700,0.011800,0.074500,0.044600,0.000800,0.001400,0.000300,0.001600,0.006000,0.001100,0.004200,0.022600,0.1722,0.058500,0.085300,0.1697,0.047300,0.1752,0.032000,0.064000,0.000200,0.005300,0.068000,0.009200,0.001200,0.000500,0.038400,0.006200,0.013100,0.001400,0.1667,0.015700,0.043300,0.2094,0.096800,0.001000,0.043000,0.002200,0.017200,0.023500,0.018200,8.5080,0.058300,0.006600,0.000200,0.002500,9.8514,0,0,0,0,0,0,0,50,0,0,0,0,1,1,9,9,2,1,1,4,1,1,1,1,1,1,7,7,1,1,50,9,6,42,76,794,950,0,0,0,0,0,-100,-100,-100,-100,600,1440,107.7673,0,0,-0.000000,-1,0,0,0,1,0,13.7344,5,50,75.1289,13.7344,0,0,48.9844,0,100,0,0,0,0,0,0,0,0,0,0.4644,0.4644,1,0.4644,0.4644,13.4385,8.9635,20141,90,568,135,10871.7852,3604.6172,7254.6055,0,14476.4023,10.7952,2.2933,7.9880,10.7952,2.3012,2.9393,33.3333,5.7918,23.6269,0.000600,0.033800,0.000700,0.000600,0.001800,0.007100,0.001700,0.072500,0,0.019500,0.029300,0.037200,0.3585,0.1915,0.019400,0.005100,0.066200,0,0.046500,0.014600,0.2051,0,0.032600,0.1341,0.015500,0.089700,0.4318,0.7869,0.3328,0.055400,2.8829,0.094200,0.031800,0.039100,1.4595,0.083000,0.002000,0.002700,0.062300,0.1995,0.049200,0.000600,0.6178,918,385116,0,0,0,0,0,0,0.002600,0.008200,0.009400,0,0,0,0,0,0,0,0,0,0,0,0,0,0,0,0,0,0,0,0,0,0,0
,0.028100,0.033200,2,57,0,55,0,0,13,233,9,0,454,3,0,0,12,2,0,0,0,0,0.008200,0.011600,0.3196,0.004800,0.008100,0.000800,0.8683,0.1987,0.047100,0.1257,0.000900,0.036400,0,1,768,256,11229,3565.7148,15494.9102,239.1602,0.001500,6,0.000300,0.008500,0.002400,0.013500,0.1753,0,0,0.062300,0.2062,2.5367,0.066900,0.000300,0.001200,0.000200,0.000200,0.007400,0.007100,0.040300,0.005000,0.030800,0.1375,0.009700,0.006000,1.3687,0.029500,0.009100,0.030200,0.011500,0.018100,0.074700,0.010900,0.074200,0.002100,0.1183,0.008500,0.070100,0.5909,0.004600,2.3215,0.000200,0.1827,0.000600,0.000300,0.029100,0.4451,0.7094,0.026200,1.0088,0.1515,0.001700,0.010100,0.000500,0.036300,0,7.2345,8.7628,13.0955,634,16,0.2500,0,16,3.8438,1,0,0,629,1,0,115,102,13,0,-1,-1,0,-1,-1,13.9904,4.9185,0,1525.2227,1525.2227,1525.0977,95,876,561,321,0,0,0.000800,0,0,0.015200,0.090700,0.000800,0.012600,0.077900,0.079200,0.000800,0.001500,0.000200,0.002000,0.006500,0.000900,0.004200,0.023300,0.1626,0.060100,0.079900,0.1721,0.040900,0.1589,0.028200,1.0771,0.000300,0.002600,0.073000,0.010100,0.001500,0.000500,0.029600,0.006400,0.013800,0.000900,0.1861,0.018300,0.051900,0.2138,0.081300,0.001500,0.028700,0.002400,0.033500,0.021900,0.023300,6.6059,0.061300,0.005800,0.000200,0,10.8418,0,0,0,0,0,0,0,50,0,0,0,0,1,1,9,9,2,1,1,4,1,1,1,1,1,1,7,7,1,1,50,9,6,42,76,794,950,0,0,0,0,0,-100,-100,-100,-100,600,1440,107.7673,0,0,-0.000000,-1,0,0,0,1,0,13.7344,5,50,75.1289,13.7344,0,0,48.9844,0,100,0,0,0,0,0,0,0,0,0,1.4656,1.4656,1,1.4656,1.4656,23.4084,8.9635,20141,90,568,135,10871.7852,3604.6211,7254.6055,0,14476.4062,9.9594,3.3306,7.9880,9.9594,3.3306,2.9108,33.3333,5.9711,23.1104,0.000700,0.021000,0.000600,0.001300,0.001600,0.008100,0.000500,0.073100,0,0.018400,0.028400,0.038900,0.3371,0.2876,0.019400,0.006200,0.062500,0,0.042300,0.019600,0.1877,0.005100,0.033900,0.1377,0.018200,0.090900,0.4284,0.7066,0.3901,0.057200,2.0767,0.095200,0.030700,0.049600,0.6855,0.085600,0.002000,0.002600,0.061100,0.1946,0.050200,0.000600,0.6543,970,398432,0,0,0,0,0,0,0.005100,0,0.008800,0,0,0,0,0,0,0,0,0,0,0,0,0,0,0,0,0,0,0,0,0,0,0
,0.071300,0.027300,2,64,0,62,0,0,13,233,42,0,454,3,0,0,12,2,0,0,0,0,0,0.006700,0.3282,0.005300,0.008100,0.000900,0.8901,0.2118,0.055000,0.1321,0.001200,0.024800,0,0,768,256,11229,3565.7148,15494.9102,239.1602,0.002100,6,0.000100,0.007700,0.002100,0.019400,0.1802,0,0,0.057700,0.2445,2.8899,0.066200,0.000300,0.001600,0.000300,0.000400,0.008000,0.006800,0.075600,0.005800,0.031800,0.2541,0.011800,0.006900,0.6387,0.027900,0.008900,0.026700,0.011600,0.020500,0.086200,0.012000,0.069400,0.002100,0.1177,0.011000,0.076000,0.6468,0.005700,2.3908,0.000500,0.2022,0.000600,0.000300,0.031700,0.3444,1.2650,0.025500,0.9617,0.1597,0.001900,0.010200,0.000400,0.035200,0.1530,8.8414,8.7628,13.0955,634,16,0.2500,0,16,3.8438,1,0,0,629,1,0,115,102,13,0,-1,-1,0,-1,-1,13.9904,4.9185,0,1525.2227,1525.2227,1525.0977,95,874,561,321,0,0,0.001600,0,0,0.014100,0.079700,0.000500,0.011900,0.067500,0.040600,0.001200,0.001500,0.000100,0.001800,0.006500,0.001000,0.003500,0.023600,0.1446,0.056100,0.075800,0.1536,0.042800,0.2343,0.016500,0.047900,0.000400,0.001900,0.066600,0.008800,0.001200,0.000600,0.025400,0.005800,0.011600,0.001200,0.1362,0.014900,0.039300,0.2083,0.068200,0.001200,0.031100,0.002400,0.032800,0.022500,0.019400,8.2845,0.059700,0.006800,0.000100,0.009200,9.9351,0,0,0,0,0,0,0,50,0,0,0,0,1,1,9,9,2,1,1,4,1,1,1,1,1,1,7,7,1,1,50,9,6,42,76,794,950,0,0,0,0,0,-100,-100,-100,-100,600,1440,107.7673,0,0,-0.000000,-1,0,0,0,1,0,13.7344,5,50,75.1289,13.7344,0,0,48.9844,0,100,0,0,0,0,0,0,0,0,0,0.4447,0.4447,1,0.4447,0.4447,33.8329,8.9635,20141,90,568,135,10872.0898,3604.6250,7254.6055,0,14476.4102,10.4491,2.2506,7.3681,10.4491,2.2506,2.9097,33.3333,5.3405,23.7436,0.000600,0.022500,0.000600,0.000700,0.001700,0.007700,0.000600,0.088000,0,0.018300,0.020500,0.026200,0.3721,0.2011,0.019500,0.005100,0.062700,0,0.045400,0.024400,0.2074,0.005100,0.032400,0.1368,0.017600,0.090400,0.4151,1.5816,0.3829,0.056400,2.0738,0.094200,0.031800,0.039400,0.6907,0.1125,0.001800,0.002600,0.061200,0.1978,0.049100,0.000700,0.6249,937,388730,0.2062,0,0,0,0,0,0.004700,0,0.007800,0,0,0,0,0,0,0,0,0,0,0,0,0,0,0,0,0,0,0,0,0,0,0
,0.027100,0.017800,2,57,0,55,0,0,13,233,11,0,454,3,0,0,12,2,0,0,0,0,0.018100,0.004400,0.3212,0.006200,0.009200,0.001300,0.9941,0.1757,0.048700,0.1362,0.001300,0.036100,0,0,768,256,11229,3565.7148,15494.9102,239.1602,0.001500,6,0.000400,0.010400,0.002300,0.020200,0.1829,0,0,0.061600,0.2537,2.6126,0.057500,0.000200,0.001200,0.000200,0.000300,0.008000,0.007300,0.038300,0.004900,0.032600,0.1278,0.010800,0.006600,0.8364,0.030100,0.010200,0.028000,0.011700,0.019100,0.091500,0.012900,0.071500,0.002300,0.1156,0.009300,0.071600,0.6156,0.005000,2.3612,0.000300,0.2003,0.000500,0.000400,0.033100,0.3212,0.6879,0.026300,1.0231,0.1289,0.002700,0.011600,0.000400,0.038900,0.031000,9.3607,8.7628,13.0955,634,16,0.2500,0,16,3.8438,1,0,0,629,1,0,115,102,13,0,-1,-1,0,-1,-1,13.9904,4.9185,0,1525.2227,1525.2227,1525.0977,95,875,561,321,0,0,0.001200,0,0,0.015000,0.081400,0.000600,0.012300,0.087300,0.052900,0.001000,0.001500,0.000500,0.001400,0.006300,0.000900,0.003600,0.022500,0.1444,0.072800,0.1083,0.1641,0.041500,0.2002,0.029300,0.073100,0.000300,0.001700,0.065500,0.008300,0.001800,0.000400,0.027800,0.006700,0.012100,0.001100,0.1611,0.016000,0.044600,0.2027,0.072100,0.001100,0.045000,0.002300,0.018500,0.023800,0.018300,8.4069,0.056200,0.006000,0.000100,0,10.3547,0,0,0,0,0,0,0,50,0,0,0,0,1,1,9,9,2,1,1,4,1,1,1,1,1,1,7,7,1,1,50,9,6,42,76,794,950,0,0,0,0,0,-100,-100,-100,-100,600,1440,107.7673,0,0,-0.000000,-1,0,0,0,1,0,13.7344,5,50,75.1289,13.7344,0,0,48.9844,0,100,0,0,0,0,0,0,0,0,0,0.4473,0.4473,1,0.4473,0.4473,44.9593,8.9635,20141,90,568,135,10872.0898,3604.6289,7254.6055,0,14476.7188,10.9567,2.1687,8.3111,10.9567,2.1694,3.1097,33.3333,6.0033,22.6745,0.000500,0.022400,0.000600,0.000800,0.001700,0.008200,0.001700,0.072900,0,0.019500,0.029200,0.038500,0.3524,0.1856,0.019500,0.006100,0.061700,0,0.045600,0.022300,0.1944,0.005100,0.032200,0.1423,0.015700,0.085800,0.4273,0.6738,0.3079,0.057400,2.3020,0.094200,0.031700,0.039300,0.6927,0.093700,0.002000,0.002300,0.063800,0.1966,0.049100,0.000700,0.6135,953,390910,0,0,0,0,0,0,0,0.000900,0.007900,0,0,0,0,0,0,0,0,0,0,0,0,0,0,0,0,0,0,0,0,0,0,0
,0.027600,0.006100,2,60,0,58,0,0,13,233,31,0,454,3,0,0,12,2,0,0,0,0,0.009000,0.007300,0.3538,0.007000,0.010200,0.001400,0.9150,0.1816,0.058700,0.1461,0.001000,0.021100,0,1,768,256,11229,3565.7148,15494.9102,239.1602,0.002100,4,0.000100,0.008600,0.002400,0.021300,0.1790,0,0,0.059500,0.3311,2.5937,0.065700,0.000200,0.001000,0.000300,0.000200,0.006600,0.007800,0.047300,0.005400,0.033400,0.1338,0.010500,0.006600,1.2181,0.026100,0.008700,0.031400,0.011700,0.019500,0.087200,0.011400,0.1605,0.002800,0.1062,0.008800,0.071300,0.5912,0.004500,2.3115,0.000300,0.1953,0.000600,0.000400,0.029900,0.3137,0.8103,0.026100,0.9134,0.4587,0.002000,0.027000,0.000500,0.037500,0.4536,7.4919,8.7628,13.0955,634,16,0.2500,0,16,3.8438,1,0,0,629,1,0,115,102,13,0,-1,-1,0,-1,-1,13.9904,4.9185,0,1525.2227,1525.2227,1525.0977,95,875,561,321,0,0,0.000700,0,0,0.015400,0.079800,0.000600,0.012000,0.076000,0.038600,0.001000,0.001600,0.000300,0.001400,0.006600,0.000700,0.004200,0.023100,0.1524,0.070600,0.076800,0.1557,0.039100,0.1750,0.030700,0.8181,0.000300,0.001700,0.067700,0.009300,0.001300,0.000500,0.026400,0.006600,0.012300,0.001300,0.1432,0.014600,0.041700,0.2041,0.077600,0.001000,0.044900,0.001800,0.031400,0.023500,0.017400,6.9838,0.059300,0.006400,0.000100,0,11.2074,0,0,0,0,0,0,0,50,0,0,0,0,1,1,9,9,2,1,1,4,1,1,1,1,1,1,7,7,1,1,50,9,6,42,76,794,950,0,0,0,0,0,-100,-100,-100,-100,600,1440,107.7673,0,0,-0.000000,-1,0,0,0,1,0,13.7344,5,50,75.1289,13.7344,0,0,48.9844,0,100,0,0,0,0,0,0,0,0,0,1.1722,1.1722,1,1.1722,1.1722,54.8832,8.9635,20141,90,568,135,10873.9961,3604.6328,7254.6055,0,14476.7227,9.9754,3.4578,7.4036,9.9754,3.4578,2.9930,33.3333,5.4077,22.7419,0.000200,0.019500,0.000600,0.000700,0.001400,0.008400,0.000700,0.074100,0,0.020500,0.032600,0.040100,0.3398,0.1942,0.019400,0.006200,0.066800,0,0.045600,0.021800,0.1904,0.005100,0.032000,0.1348,0.016100,0.091100,0.4257,0.7775,0.3373,0.057200,2.4629,0.095300,0.030700,0.039000,0.6889,0.066400,0.001700,0.002500,0.062200,0.1987,0.049100,0.000700,0.6519,963,394910,0,0,0,0,0,0,0,0,0.007800,0,0,0,0,0,0,0,0,0,0,0,0,0,0,0,0,0,0,0,0,0,0,0
,0.016900,0.005600,2,63,0,61,0,0,13,233,30,0,454,3,0,0,12,2,0,0,0,0,0.011300,0.003500,0.3389,0.005600,0.008900,0.001000,0.8605,0.1859,0.052700,0.1201,0.001700,0.027500,0.002000,0,768,256,11229,3565.7148,15494.9102,239.1602,0.001700,3,0.000100,0.009500,0.002300,0.019500,0.1773,0,0,0.064600,0.2289,2.5049,0.066000,0.000200,0.001600,0.000200,0.000200,0.007300,0.007200,0.039800,0.005700,0.030400,0.1290,0.010600,0.005500,1.2312,0.027300,0.008300,0.029400,0.011900,0.018900,0.072900,0.009700,0.068400,0.002200,0.1173,0.021200,0.072000,0.5934,0.005000,2.3522,0.000300,0.1911,0.000700,0.000300,0.031700,0.3039,0.9578,0.050100,0.9205,0.1492,0.002100,0.014700,0.000400,0.034200,0,9.3650,8.7628,13.0955,634,16,0.2500,0,16,3.8438,1,0,0,629,1,0,115,102,13,0,-1,-1,0,-1,-1,13.9904,4.9185,0,1525.2227,1525.2227,1525.0977,95,875,561,321,0,0,0.001200,0,0,0.015600,0.078600,0.000800,0.013200,0.071900,0.040600,0.000900,0.001300,0.000300,0.001400,0.005700,0.001000,0.003900,0.022700,0.1651,0.057500,0.077000,0.1563,0.039400,0.1688,0.025000,0.2034,0.000300,0.001600,0.065800,0.008600,0.001700,0.000700,0.026700,0.006400,0.012500,0.001200,0.1469,0.014900,0.045000,0.2074,0.072300,0.001200,0.040200,0.002800,0.033500,0.022300,0.018400,8.7843,0.056400,0.005800,0.000100,0,9.9107,0,0,0,0,0,0,0,50,0,0,0,0,1,1,9,9,2,1,1,4,1,1,1,1,1,1,7,7,1,1,50,9,6,42,76,794,950,0,0,0,0,0,-100,-100,-100,-100,600,1440,107.7673,0,0,-0.000000,-1,0,0,0,1,0,13.7344,5,50,75.1289,13.7344,0,0,48.9844,0,100,0,0,0,0,0,0,0,0,0,0.5573,0.5573,1,0.5573,0.5573,3.5521,8.9635,20141,90,568,135,10873.9961,3604.6406,7254.6055,0,14478.6367,11.1376,2.2970,7.3626,11.1376,2.2981,2.9756,33.3333,5.6355,23.9009,0.000300,0.020200,0.000500,0.000600,0.001800,0.007600,0.000700,0.073700,0.001100,0.018300,0.032100,0.037300,0.3601,0.2112,0.018500,0.006100,0.065900,0,0.044400,0.008700,0.1890,0.005200,0.032400,0.1357,0.015200,0.099100,0.4344,0.7288,0.3844,0.056300,3.0272,0.096300,0.031700,0.039600,0.6923,0.081800,0.001800,0.002700,0.062700,0.1965,0.051200,0.000700,0.6085,983,396682,0,2362,1341,0,1.2395,0,0.001900,0.001200,0.008400,0,0,0,0,0,0,0,0,0,0,0,0,0,0,0,0,0,0,0,0,0,0,0
,0.3973,0.014000,2,73,0,71,0,0,14,233,27,0,454,3,0,0,13,2,0,0,0,0,0.009900,0.008200,0.3267,0.007300,0.008400,0.001000,0.8384,0.1946,0.052500,0.1243,0.001100,0.030600,0,1,768,256,11229,3565.7148,15494.9102,239.1602,0.001300,5,0,0.008700,0.002200,0.018400,0.1945,0,0,0.058300,0.3257,2.5393,0.063600,0.000200,0.001300,0.000200,0.000200,0.007200,0.006300,0.040600,0.005400,0.030700,0.1272,0.010900,0.007100,0.4528,0.024800,0.007700,0.027500,0.011100,0.019400,0.1150,0.026200,0.085000,0.002300,0.1367,0.008900,0.072800,0.6107,0.004600,2.3635,0.000300,0.1851,0.000500,0.000400,0.028000,0.3021,0.6451,0.024200,0.9449,0.4409,0.002300,0.012300,0.000600,0.080700,0,8.9026,8.7628,13.0955,634,16,0.2500,0,16,3.8438,1,0,0,629,1,0,115,102,13,0,-1,-1,0,-1,-1,13.9904,4.9185,0,1525.2227,1525.2227,1441.6289,95,874,561,321,0,0,0.001200,0,0,0.014100,0.080200,0.000500,0.010800,0.066100,0.037300,0.001000,0.001500,0.000200,0.001700,0.006300,0.001000,0.003800,0.022300,0.1385,0.056800,0.079400,0.1461,0.045800,0.1812,0.033000,0.069900,0.000200,0.001600,0.063700,0.008600,0.001300,0.000300,0.023700,0.006500,0.012300,0.001000,0.1391,0.014800,0.038900,0.1949,0.068000,0.001000,0.048500,0.002400,0.017200,0.023600,0.019800,8.4575,0.060400,0.006400,0.000100,0,11.0645,0,0,0,0,0,0,0,50,0,0,0,0,1,1,9,9,2,1,1,4,1,1,1,1,1,1,7,7,1,1,50,9,6,42,76,794,950,0,0,0,0,0,-100,-100,-100,-100,600,1440,107.7673,0,0,-0.000000,-1,0,0,0,1,0,13.7344,5,50,75.1289,13.7344,0,0,48.9844,0,100,0,0,0,0,0,0,0,0,0,0.4223,0.4223,1,0.4223,0.4223,14.1077,8.9635,20141,90,568,135,10873.9961,3604.6445,7254.6055,0,14478.6406,10.4191,2.1134,8.2596,10.4191,2.1134,2.8359,33.3333,5.5860,24.0694,0.000300,0.020700,0.000500,0.000600,0.001600,0.007800,0.000600,0.075300,0.001100,0.029700,0.020600,0.025300,0.3391,0.2360,0.020500,0.006100,0.062900,0,0.046500,0.008000,0.1930,0.004100,0.032500,0.1398,0.017100,0.1034,0.4289,0.7668,0.3261,0.056200,2.4626,0.094200,0.031800,0.038100,0.6904,0.086000,0.001700,0.002600,0.062900,0.2079,0.050100,0.000700,0.6155,985,396738,0,0,0,0,0,0.3621,0,0,0.008400,0,0,0,0,0,0,0,0,0,0,0,0,0,0,0,0,0,0,0,0,0,0,0
,0.087600,0.015300,2,68,0,66,0,0,13,233,42,0,454,3,0,0,12,2,0,0,0,0,0.015900,0.008900,0.3304,0.005600,0.007400,0.001100,0.8675,1.4058,0.049300,0.1277,0.000900,0.026200,0.002400,0,768,256,11229,3565.7148,15494.9102,239.1602,0.001200,6,0.000200,0.008700,0.002100,0.017800,0.1851,0,0,0.076000,0.3084,2.6471,0.073500,0.000200,0.001200,0.000200,0.000200,0.006600,0.007900,0.045600,0.005100,0.033900,0.1655,0.012000,0.005900,1.5864,0.031200,0.012400,0.029300,0.010900,0.020400,0.093200,0.009300,0.069200,0.002400,0.083800,0.008400,0.070000,0.5987,0.005800,2.3896,0.000300,0.2112,0.000900,0.000300,0.032600,0.3296,0.9071,0.027000,0.9734,0.1141,0.002400,0.010300,0.000500,0.036200,0,7.2473,8.7628,13.0955,634,16,0.2500,0,16,3.8438,1,0,0,629,1,0,115,102,13,0,-1,-1,0,-1,-1,13.9904,4.9185,0,1525.2227,1525.2227,1441.5039,95,879,561,321,0,0,0.001100,0,0,0.015200,0.082000,0.000700,0.012700,0.075300,0.042000,0.001000,0.001700,0.000500,0.001500,0.006700,0.001200,0.003900,0.023300,0.1505,0.054600,0.075500,0.1581,0.044600,1.3104,0.018300,0,0.000400,0.002100,0.084800,0.010800,0.005200,0.000500,0.046200,0.006900,0.012500,0.001100,0.1575,0.015200,0.046200,0.2073,0.070100,0.001200,0.041900,0.002600,0.032700,0.021600,0.023700,6.7841,0.077900,0.024100,0.000200,0,10.6064,0,0,0,0,0,0,0,50,0,0,0,0,1,1,9,9,2,1,1,4,1,1,1,1,1,1,7,7,1,1,50,9,6,42,76,794,950,0,0,0,0,0,-100,-100,-100,-100,600,1440,107.7673,0,0,-0.000000,-1,0,0,0,1,0,13.7344,5,50,75.1289,13.7344,0,0,48.9844,0,100,0,0,0,0,0,0,0,0,0,0.4317,0.4317,1,0.4317,0.4317,24.2329,8.9635,20141,90,568,135,10873.9961,3604.6484,7254.6055,0,14478.6445,10.1713,3.2847,7.3924,10.1713,3.2856,2.8702,33.3333,6.0350,23.0878,0.000200,0.017700,0.000500,0.000600,0.001700,0.007700,0.000700,0.072700,0,0.018400,0.031300,0.040700,0.9358,0.3125,0.020400,0.006200,0.068500,0,0.045500,0.008500,0.6143,0.005200,0.038500,0.1873,0.016500,0.1062,0.4276,0.6970,0.3843,0.055300,2.0655,0.093200,0.031700,0.039900,0.6989,0.092600,0.001900,0.002400,0.064200,0.2017,0.050200,0.000600,0.6386,1008,403738,0,0,0,0,0,0,0,0.001100,0.007900,0,0,0,0,0,0,0,0,0,0,0,0,0,0,0,0,0,0,0,0,0,0,0
,0.016300,0.010000,2,80,0,78,0,0,14,233,43,0,454,3,0,0,13,2,0,0,0,0,0,0.005500,0.3343,0.005900,0.010600,0.000900,0.8696,0.2032,0.053700,0.1311,0.001100,0.028300,0,0,768,256,11229,3565.7148,15494.9102,239.1602,0.001300,3,0.000300,0.010700,0.002400,0.020100,0.1801,0,0,0.067100,0.2490,2.6025,0.073700,0.000300,0.001200,0.000300,0.000200,0.007300,0.007700,0.041800,0.005300,0.031800,0.1046,0.010900,0.006800,0.5339,0.026500,0.009000,0.030300,0.011800,0.020200,0.098500,0.009600,0.075900,0.002500,0.081500,0.009600,0.086900,0.6348,0.005900,2.4517,0.000200,0.2060,0.000600,0.000300,0.1360,0.3228,0.6231,0.025500,0.9909,0.1348,0.002000,0.010700,0.000600,0.037400,0.1013,8.8523,8.7628,13.0955,634,16,0.2500,0,16,3.8438,1,0,0,629,1,0,115,102,13,0,-1,-1,0,-1,-1,13.9904,4.9185,0,1525.2227,1525.2227,1525.0977,95,874,561,322,0,0,0.001000,0,0,0.015600,0.083100,0.000600,0.013200,0.085800,0.042200,0.001000,0.002000,0.000100,0.001700,0.006800,0.001500,0.003900,0.024600,0.1493,0.059400,0.089900,0.1710,0.055400,0.6199,0.014900,0,0.000200,0.001500,0.064000,0.010100,0.001700,0.000600,0.026000,0.006500,0.012400,0.001100,0.1494,0.015600,0.039100,0.2196,0.070900,0.001200,0.024100,0.002900,0.036300,0.022700,0.020200,8.2965,0.061500,0.006900,0.000100,0,10.1056,0,0,0,0,0,0,0,50,0,0,0,0,1,1,9,9,2,1,1,4,1,1,1,1,1,1,7,7,1,1,50,9,6,42,76,794,950,0,0,0,0,0,-100,-100,-100,-100,600,1440,107.7673,0,0,-0.000000,-1,0,0,0,1,0,13.7344,5,50,75.1289,13.7344,0,0,48.9844,0,100,0,0,0,0,0,0,0,0,0,0.4477,0.4477,1,0.4477,0.4477,35.1318,8.9635,20141,90,568,135,10873.9492,3604.6484,7254.6055,0,14478.6445,11.0084,2.6347,8.1542,11.0084,2.6347,3.2076,33.3333,5.4675,22.6762,0.000800,0.023300,0.000700,0.000700,0.001700,0.008600,0.000600,0.072800,0.001000,0.023500,0.029400,0.037500,0.3423,0.1960,0.020400,0.005200,0.061800,0.001000,0.045700,0.018100,0.1950,0.005200,0.032200,0.1361,0.015800,0.087300,0.4278,0.6361,0.3196,0.055200,2.1431,0.099300,0.030700,0.039500,0.6992,0.8398,0.002000,0.002500,0.062400,0.1956,0.050200,0.000700,0.6004,927,386360,0,0,0,0,0,0,0,0,0.009100,0,0,0,0,0,0,0,0,0,0,0,0,0,0,0,0,0,0,0,0,0,0,0
,0.016100,0.013400,2,57,0,55,0,0,13,233,13,0,454,3,0,0,12,2,0,0,0,0,0.009000,0.005300,0.3392,0.005300,0.009800,0.000700,0.8973,0.1757,0.054300,0.1355,0.001400,0.041100,0,1,768,256,11229,3565.7148,15494.9102,239.1602,0,4,0,0.008700,0.001800,0.014400,0.1813,0,0,0.055100,0.2753,2.5591,0.069700,0.000300,0.001200,0.000300,0.000200,0.007200,0.008200,0.047700,0.005100,0.034800,0.1069,0.010900,0.006300,1.4062,0.027400,0.008200,0.030000,0.011200,0.018700,0.083400,0.009100,0.080400,0.002300,0.077900,0.008400,0.067900,0.6053,0.004900,2.3412,0.000500,0.1881,0.000500,0.000300,0.029900,0.3017,0.5875,0.023900,0.9286,0.1321,0.002100,0.009800,0.000500,0.035000,0.2310,8.2769,8.7628,13.0955,634,16,0.2500,0,16,3.8438,1,0,0,629,1,0,115,102,13,0,-1,-1,0,-1,-1,13.9904,4.9185,0,1525.2227,1525.2227,1525.0977,95,870,551,322,0,0,0.000800,0,0,0.015900,0.087400,0.000700,0.013700,0.075000,0.044300,0.000900,0.001500,0.000300,0.001600,0.006000,0.001000,0.004200,0.022500,0.1573,0.058600,0.079800,0.1577,0.037100,0.1622,0.053500,0.1311,0.000300,0.001900,0.068700,0.008700,0.001400,0.000700,0.028500,0.006600,0.011700,0.001100,0.1410,0.015100,0.041700,0.1898,0.067800,0.001300,0.038100,0.002800,0.018200,0.023800,0.017000,7.6710,0.058600,0.006200,0.000200,0,10.8031,0,0,0,0,0,0,0,50,0,0,0,0,1,1,9,9,2,1,1,4,1,1,1,1,1,1,7,7,1,1,50,9,6,42,76,794,950,0,0,0,0,0,-100,-100,-100,-100,600,1440,107.7673,0,0,-0.000000,-1,0,0,0,1,0,13.7344,5,50,75.1289,13.7344,0,0,48.9844,0,100,0,0,0,0,0,0,0,0,0,0.4584,0.4584,1,0.4584,0.4584,44.9478,8.9635,20141,90,568,135,10873.8828,3604.6562,7254.6055,0,14478.6055,9.8222,2.1748,7.2690,9.8222,2.1765,3.0665,33.3333,5.6572,21.5123,0.000200,0.022200,0.000600,0.000600,0.001600,0.007700,0.000800,0.073800,0,0.020400,0.027200,0.037800,0.3530,0.1899,0.019500,0.005100,0.067100,0,0.045600,0.012600,0.1985,0.005100,0.031500,0.1348,0.015700,0.089300,0.4244,0.7416,0.3607,0.057400,2.4760,0.094200,0.030700,0.039500,0.6912,0.085800,0.002000,0.002700,0.061000,0.1956,0.049200,0.000600,0.6042,930,387136,0.053800,0,0,0,0,0,0,0.001900,0.008300,0,0,0,0,0,0,0,0,0,0,0,0,0,0,0,0,0,0,0,0,0,0,0
,0.018400,0.006400,2,56,0,54,0,0,13,233,13,0,454,3,0,0,12,2,0,0,0,0,0.016600,0.005700,0.3254,0.006000,0.007800,0.001000,0.8548,0.2139,0.049700,0.1258,0.001400,0.034700,0.003000,1,768,256,11229,3565.7148,15494.9102,239.1602,0.003300,2,0,0.009000,0.002100,0.012700,0.2324,0,0,0.055100,0.3058,2.5627,0.065100,0.000200,0.001200,0.000200,0.000200,0.007400,0.007000,0.046500,0.005100,0.031400,0.1231,0.010400,0.006200,1.1925,0.027600,0.009400,0.037900,0.011900,0.019100,0.086600,0.010700,0.080400,0.001800,0.080900,0.008100,0.072300,0.5942,0.004400,2.4013,0.000300,0.1960,0.001200,0.000400,0.030900,0.3093,0.7828,0.024500,0.9366,0.7328,0.002000,0.011000,0.000600,0.083100,0.1618,8.9062,8.7628,13.0955,634,16,0.2500,0,16,3.8438,1,0,0,629,1,0,115,102,13,0,-1,-1,0,-1,-1,13.9904,4.9185,0,1525.2227,1525.2227,1441.6289,95,873,561,322,0,0,0.000900,0,0,0.015800,0.082100,0.000600,0.012500,0.070900,0.042300,0.001000,0.001900,0.000200,0.001700,0.006900,0.001200,0.003900,0.024100,0.1363,0.057900,0.078700,0.1578,0.048100,0.1939,0.030200,0.074000,0.000200,0.006000,0.065300,0.007800,0.001200,0.000400,0.027200,0.006400,0.011900,0.001500,0.1380,0.016300,0.041300,0.2084,0.071100,0.001100,0.045000,0.002400,0.033000,0.023400,0.017900,8.3465,0.059500,0.006800,0.000100,0,9.8421,0,0,0,0,0,0,0,50,0,0,0,0,1,1,9,9,2,1,1,4,1,1,1,1,1,1,7,7,1,1,50,9,6,42,76,794,950,0,0,0,0,0,-100,-100,-100,-100,600,1440,107.7673,0,0,-0.000000,-1,0,0,0,1,0,13.7344,5,50,75.1289,13.7344,0,0,48.9844,0,100,0,0,0,0,0,0,0,0,0,0.4411,0.4411,1,0.4411,0.4411,55.4243,8.9635,20141,90,568,135,10873.8828,3604.6641,7254.6055,0,14478.5469,10.4303,2.0996,7.3456,10.4303,2.1006,2.8119,33.3333,5.5673,22.5530,0.000200,0.021900,0.000500,0.000600,0.001700,0.007500,0.000600,0.072100,0,0.039800,0.019400,0.031600,0.3482,0.1855,0.019500,0.005100,0.066800,0.001000,0.044200,0.011900,0.1777,0,0.032200,0.1384,0.015700,0.092400,0.4238,1.6134,0.3124,0.056300,2.3982,0.095200,0.031700,0.039200,0.6916,0.075300,0.002400,0.004400,0.059300,0.1996,0.050200,0.000700,0.5878,923,384112,0,0,0,0,0,0,0.001800,0.001100,0.008000,0,0,0,0,0,0,0,0,0,0,0,0,0,0,0,0,0,0,0,0,0,0,0
,0.015400,0.009300,2,56,0,54,0,0,13,233,16,0,454,3,0,0,12,2,0,0,0,0,0.010000,0.023200,0.3357,0.004900,0.008600,0.000800,0.8681,0.1739,0.050400,0.1252,0.000900,0.030300,0,0,768,256,11229,3565.7148,15494.9102,239.1602,0.001300,3,0.000400,0.011800,0.002100,0.014300,0.1737,0,0,0.1218,0.2093,2.6025,0.070000,0.000200,0.001500,0.000200,0.000300,0.007500,0.007200,0.043300,0.005000,0.033800,0.1093,0.011800,0.006200,1.3018,0.029700,0.009800,0.040000,0.012200,0.018900,0.085700,0.008500,0.076700,0.002500,0.080400,0.008200,0.073200,0.6149,0.004900,2.3384,0.000400,0.1936,0.000500,0.000300,0.032300,0.3170,0.6322,0.026800,1.0935,0.1849,0.002500,0.010600,0.000700,0.036300,0,9.3714,8.7628,13.0955,634,16,0.2500,0,16,3.8438,1,0,0,629,1,0,115,102,13,0,-1,-1,0,-1,-1,13.9904,4.9185,0,1525.2227,1525.2227,1525.0977,95,875,561,322,0,0,0.000900,0,0,0.014900,0.080900,0.000600,0.011900,0.071300,0.042900,0.000800,0.001500,0.000200,0.001500,0.005800,0.001000,0.004100,0.022500,0.1578,0.055700,0.079000,0.1615,0.038800,0.1586,0.050700,0.1343,0.000400,0.001700,0.071700,0.009500,0.001400,0.000600,0.029200,0.007100,0.012000,0.001100,0.1528,0.015700,0.043400,0.2235,0.072000,0.001100,0.043900,0.002700,0.036200,0.024000,0.019000,8.7642,0.059200,0.006800,0.000100,0,10.5099,0,0,0,0,0,0,0,50,0,0,0,0,1,1,9,9,2,1,1,4,1,1,1,1,1,1,7,7,1,1,50,9,6,42,76,794,950,0,0,0,0,0,-100,-100,-100,-100,600,1440,107.7673,0,0,-0.000000,-1,0,0,0,1,0,13.7344,5,50,75.1289,13.7344,0,0,48.9844,0,100,0,0,0,0,0,0,0,0,0,0.4746,0.4746,1,0.4746,0.4746,4.4117,8.9635,20141,90,568,135,10873.8828,3604.6641,7254.6055,0,14478.5469,11.0767,2.2174,8.2468,11.0767,2.2182,2.8643,33.3333,5.6865,22.2312,0.000200,0.021000,0.000600,0.000600,0.001700,0.010300,0.000600,0.076200,0,0.019500,0.028700,0.035700,0.3635,0.1918,0.020500,0.006100,0.066300,0,0.045700,0.010800,0.3833,0.005100,0.033000,0.1353,0.015500,0.090000,0.4273,0.7641,0.3173,0.056300,2.4577,0.095200,0.030800,0.039300,0.6917,0.086200,0.002000,0.002600,0.061200,0.1987,0.050200,0.000600,0.6002,971,395936,0,2376,1336,0,1.0415,0,0,0.001100,0.008400,0,0,0,0,0,0,0,0,0,0,0,0,0,0,0,0,0,0,0,0,0,0,0
,0.017700,0.006100,2,70,0,68,0,0,14,233,28,0,454,3,0,0,13,2,0,0,0,0,0,0,0.3334,0.006000,0.009000,0.001000,0.9004,0.2050,0.055600,0.1333,0.000900,0.025300,0.003900,0,768,256,11229,3565.7148,15494.9102,239.1602,0.002100,4,0.000200,0.2677,0.002000,0.013400,0.1866,0,0,0.057700,0.2189,2.5745,0.068700,0.000300,0.001300,0.000200,0.000300,0.007300,0.006700,0.043600,0.005100,0.031700,0.1055,0.010500,0.006600,1.4528,0.028700,0.009100,0.033800,0.012900,0.019300,0.089900,0.011600,0.072400,0.002400,0.086100,0.008600,0.070400,0.5917,0.004900,2.3283,0.000200,0.1802,0.000700,0.000300,0.027800,0.3055,0.5864,0.023700,0.9232,0.1685,0.002100,0.010100,0.000500,0.034000,0.1042,8.1592,8.7628,13.0955,634,16,0.2500,0,16,3.8438,1,0,0,629,1,0,115,102,13,0,-1,-1,0,-1,-1,13.9904,4.9185,0,1525.2227,1525.2227,1525.0977,95,873,561,322,0,0,0.000900,0,0,0.015400,0.084500,0.000500,0.012000,0.077300,0.043000,0.001000,0.001900,0.000300,0.001700,0.006900,0.000900,0.003800,0.024000,0.1472,0.061300,0.080400,0.1535,0.043600,0.1890,0.019800,0.7068,0.000200,0.002000,0.068000,0.010100,0.001300,0.000500,0.026500,0.006600,0.014000,0.001100,0.1554,0.015500,0.045100,0.2030,0.070000,0.001200,0.046800,0.002400,0.017400,0.023300,0.023000,7.5546,0.059900,0.010900,0.000100,0,11.0135,0,0,0,0,0,0,0,50,0,0,0,0,1,1,9,9,2,1,1,4,1,1,1,1,1,1,7,7,1,1,50,9,6,42,76,794,950,0,0,0,0,0,-100,-100,-100,-100,600,1440,107.7673,0,0,-0.000000,-1,0,0,0,1,0,13.7344,5,50,75.1289,13.7344,0,0,48.9844,0,100,0,0,0,0,0,0,0,0,0,1.0643,1.0643,1,1.0643,1.0643,14.7675,8.9635,20141,90,568,135,10873.8828,3604.6641,7254.6055,0,14478.5469,10.3823,2.8249,7.5970,10.3823,2.8249,2.9324,33.3333,5.4253,21.9470,0.000200,0.022700,0.000500,0.000700,0.001500,0.007900,0.000700,0.075200,0,0.020500,0.021000,0.030600,0.3465,0.1903,0.018400,0.006100,0.061600,0,0.045500,0.010800,0.1883,0.005100,0.033300,0.1393,0.015500,0.089500,0.4415,0.7324,0.3335,0.056200,2.4594,0.095200,0.030700,0.038200,0.6972,0.1468,0.002100,0.002400,0.060300,0.1967,0.049100,0.000600,0.6226,982,400848,0,0,0,0,0,0,0,0,0.007900,0,0,0,0,0,0,0,0,0,0,0,0,0,0,0,0,0,0,0,0,0,0,0
,0.012900,0.018400,2,64,0,62,0,0,13,233,44,0,454,3,0,0,12,2,0,0,0,0,0.008900,0.005900,0.3345,0.008600,0.008900,0.000800,0.8572,0.1750,0.050300,0.1255,0.001000,0.026100,0,0,768,256,11229,3565.7148,15494.9102,239.1602,0.001500,3,0.000300,0.009800,0.002000,0.2337,0.1876,0,0,0.060200,0.3931,2.6723,0.068000,0.000200,0.001500,0.000300,0.000200,0.007100,0.007100,0.045400,0.004800,0.031400,0.1240,0.010500,0.006100,0.5476,0.025800,0.008900,0.051000,0.011900,0.018600,0.082000,0.010100,0.075400,0.002000,0.081600,0.007700,0.080700,0.6556,0.006000,2.3984,0.000300,0.1957,0.000600,0.000300,0.029100,0.3558,0.6643,0.024700,0.9538,0.3859,0.002200,0.011500,0.000400,0.035200,0.1025,8.8467,8.7628,13.0955,634,16,0.2500,0,16,3.8438,1,0,0,629,1,0,115,102,13,0,-1,-1,0,-1,-1,13.9904,4.9185,0,1525.2227,1525.2227,1441.6289,95,873,561,322,0,0,0.000900,0,0,0.015400,0.078700,0.000700,0.012500,0.067300,0.040200,0.000900,0.001600,0.000400,0.001600,0.006100,0.000900,0.003700,0.022200,0.1781,0.054600,0.078300,0.1766,0.042900,0.1592,0.023900,0.099700,0.000200,0.001600,0.065500,0.009200,0.001400,0.000400,0.026400,0.006600,0.011700,0.001200,0.1425,0.016600,0.045800,0.2017,0.070300,0.001000,0.040400,0.002800,0.031700,0.021900,0.017000,8.2487,0.059300,0.007000,0.000100,0,10.2908,0,0,0,0,0,0,0,50,0,0,0,0,1,1,9,9,2,1,1,4,1,1,1,1,1,1,7,7,1,1,50,9,6,42,76,794,950,0,0,0,0,0,-100,-100,-100,-100,600,1440,107.7673,0,0,-0.000000,-1,0,0,0,1,0,13.7344,5,50,75.1289,13.7344,0,0,48.9844,0,100,0,0,0,0,0,0,0,0,0,0.4568,0.4568,1,0.4568,0.4568,25.1162,8.9635,20141,90,568,135,10873.8828,3604.6641,7254.6055,0,14478.5469,10.2973,2.1185,7.3406,10.2973,2.1185,2.9367,33.3333,5.6815,23.7440,0.000300,0.022200,0.000600,0.000500,0.001900,0.009200,0.000600,0.072900,0,0.018400,0.019600,0.025500,0.3503,0.2148,0.019500,0.005100,0.061600,0,0.045400,0.015300,0.1691,0.005100,0.031000,0.1403,0.016000,0.1007,0.4282,1.1441,0.3954,0.056400,2.0919,0.094200,0.030700,0.039600,0.6918,0.089000,0.002000,0.002600,0.061300,0.1976,0.050100,0.000700,0.5952,927,386140,0,0,0,0,0,0,0.006900,0,0.008700,0,0,0,0,0,0,0,0,0,0,0,0,0,0,0,0,0,0,0,0,0,0,0
,0.024000,0.005300,0,0,0,0,0,0,0,0,0,0,0,0,0,0,0,0,0,0,0,0,0.017900,0.003700,0.3383,0.005400,0.008400,0.001000,0.8307,0.2076,0.048200,0.1208,0.001300,0.025600,0,1,768,256,11229,3565.7148,15494.9102,239.1602,0.001400,3,0.000400,0.009200,0.002000,0.013700,0.1787,0,0,0.061400,0.2453,2.5586,0.068900,0.000200,0.001100,0.000200,0.000400,0.006800,0.006100,0.042500,0.004700,0.032300,1.0275,0.011100,0.006400,0.4887,0.028100,0.008800,0.036200,0.011900,0.018700,0.085700,0.008600,0.071600,0.002100,0.081700,0.007400,0.067500,0.5894,0.004600,2.3294,0.000200,0.1772,0.000700,0.000400,0.028200,0.3581,0.5609,0.022600,0.8975,0.1410,0.001700,0.009700,0.000600,0.036200,0,8.7177,8.7628,13.0955,634,16,0.2500,0,16,3.8438,1,0,0,629,1,0,115,102,13,0,-1,-1,0,-1,-1,13.9904,4.9185,0,1525.2227,1525.2227,1525.0977,95,871,551,322,0,0,0.001000,0,0,0.015000,0.080200,0.001000,0.012600,0.067500,0.038900,0.000800,0.001800,0.000700,0.001600,0.007500,0.001000,0.003700,0.022100,0.1367,0.056200,0.077800,0.1373,0.041400,0.1857,0.031700,0.077700,0.000300,0.001900,0.061500,0.007800,0.001100,0.000600,0.024100,0.006300,0.011800,0.001000,0.1389,0.013500,0.038800,0.1964,0.066100,0.001000,0.042700,0.002500,0.033200,0.021800,0.016400,8.1548,0.057600,0.006200,0.000100,0,10.3519,0,0,0,0,0,0,0,50,0,0,0,0,1,1,9,9,2,1,1,4,1,1,1,1,1,1,7,7,1,1,50,9,6,42,76,794,950,0,0,0,0,0,-100,-100,-100,-100,600,1440,107.7673,0,0,-0.000000,-1,0,0,0,1,0,13.7344,5,50,75.1289,13.7344,0,0,48.9844,0,100,0,0,0,0,0,0,0,0,0,0.4194,0.4194,1,0.4194,0.4194,35.2774,8.9635,20141,90,568,135,10873.9062,3604.6641,7254.6055,0,14478.5469,10.1449,2.0236,7.3406,10.1449,2.0236,2.8670,33.3333,5.9830,23.4660,0.000200,0.022100,0.000800,0.000700,0.001600,0.007200,0.000800,0.081000,0,0.021500,0.027400,0.035000,0.3533,0.1906,0.019400,0.006200,0.062300,0,0.045100,0.013500,0.1939,0.005100,0.031900,0.1367,0.015800,0.093900,0.4259,0.7315,0.3618,0.057300,2.4650,0.095200,0.030700,0.039000,0.6839,0.085800,0.001600,0.002800,0.062800,0.1936,0.050200,0.000700,0.6273,998,400676,0,0,0,0,0,0,0,0,0.008700,0,0,0,0,0,0,0,0,0,0,0,0,0,0,0,0,0,0,0,0,0,0,0
,0.018800,0.008400,4,132,0,128,0,0,27,466,58,0,908,6,0,0,25,4,0,0,0,0,0,0,0.3506,0.006200,0.010600,0.001200,0.8689,0.1711,0.053600,0.1359,0.001500,0.028000,0.002700,0,768,256,11229,3565.7148,15494.9102,239.1602,0.001300,4,0.000200,0.008000,0.002300,0.014500,0.2029,0,0,0.073600,0.3053,2.6407,0.072600,0.000200,0.001800,0.000300,0.000300,0.007600,0.007400,0.046700,0.005700,0.033100,0.1058,0.013400,0.007500,1.5585,0.029200,0.008100,0.041000,0.012900,0.020500,0.075900,0.008200,0.071600,0.002300,0.087300,0.007900,0.066000,0.6004,0.005900,2.3364,0.000400,0.1950,0.000600,0.000400,0.029700,0.3055,0.5915,0.024800,0.9687,0.4405,0.002200,0.011300,0.000400,0.034500,0.3376,8.5880,8.7628,13.0955,634,16,0.2500,0,16,3.8438,1,0,0,629,1,0,115,102,13,0,-1,-1,0,-1,-1,13.9904,4.9185,0,1525.2227,1525.2227,1525.0977,95,871,551,322,0,0,0.001000,0,0,0.015100,0.080900,0.000500,0.011100,0.066900,0.038900,0.001200,0.001800,0.000300,0.001700,0.006500,0.001200,0.003700,0.024600,0.1560,0.058900,0.077500,0.1448,0.042900,0.1555,0.023500,0.1316,0.000200,0.001400,0.068300,0.008400,0.001200,0.000600,0.025000,0.006000,0.012300,0.001200,0.1356,0.014900,0.039400,0.1893,0.068200,0.001100,0.021200,0.004000,0.017800,0.024200,0.015800,8.0485,0.060000,0.006400,0.000300,0,10.2451,0,0,0,0,0,0,0,50,0,0,0,0,1,1,9,9,2,1,1,4,1,1,1,1,1,1,7,7,1,1,50,9,6,42,76,794,950,0,0,0,0,0,-100,-100,-100,-100,600,1440,107.7673,0,0,-0.000000,-1,0,0,0,1,0,13.7344,5,50,75.1289,13.7344,0,0,48.9844,0,100,0,0,0,0,0,0,0,0,0,0.4723,0.4723,1,0.4723,0.4723,45.4579,8.9635,20141,90,568,135,10873.9062,3604.6641,7254.6055,0,14478.5703,10.1365,2.1480,7.3725,10.1365,2.1480,2.9630,33.3333,5.4774,24.0913,0.000300,0.022600,0.000600,0.000700,0.001600,0.009400,0.000600,0.080600,0,0.019500,0.028300,0.040900,0.7896,0.3088,0.023600,0.006100,0.067800,0,0.045500,0.013600,0.1962,0,0.045000,0.1858,0.029300,0.1074,0.4175,0.6988,0.3814,0.055200,2.0832,0.094200,0.034800,0.039600,0.6908,0.064300,0.002000,0.002700,0.062400,0.1977,0.050100,0.000700,0.8400,946,392456,0,0,0,0,0,0,0,0,0.009500,0,0,0,0,0,0,0,0,0,0,0,0,0,0,0,0,0,0,0,0,0,0,0
,0.015800,0.006400,2,63,0,61,0,0,13,233,25,0,454,3,0,0,12,2,0,0,0,0,0.010000,0.010700,0.4075,0.005900,0.010400,0.000900,0.8481,0.2137,0.050700,0.1236,0.000800,0.026800,0,1,768,256,11229,3565.7148,15494.9102,239.1602,0.001900,5,0.000200,0.012700,0.002100,0.013700,0.1951,0,0,0.063200,0.2707,2.6795,0.065900,0.000200,0.001300,0.000200,0.000400,0.007500,0.006600,0.042900,0.005100,0.033200,0.1497,0.012000,0.006100,0.3664,0.027700,0.008800,0.026400,0.011400,0.019500,0.091300,0.008500,0.075700,0.002400,0.082600,0.010100,0.068300,0.6424,0.005200,2.3917,0.000200,0.1960,0.000700,0.000400,0.032000,0.3132,0.6327,0.025700,0.9837,0.1708,0.002100,0.011300,0.000500,0.038400,0,9.4395,8.7628,13.0955,634,16,0.2500,0,16,3.8438,1,0,0,629,1,0,115,102,13,0,-1,-1,0,-1,-1,13.9904,4.9185,0,1525.2227,1525.2227,1525.0977,95,870,551,321,0,0,0.001000,0,0,0.030100,0.088900,0.000600,0.012600,0.085800,0.056300,0.001100,0.001600,0.000200,0.002100,0.007500,0.001300,0.003800,0.023900,0.1571,0.063300,0.085100,0.1551,0.048800,0.2080,0.020800,0.042500,0.000300,0.001800,0.064900,0.008400,0.001500,0.000400,0.025800,0.006800,0.012100,0.001100,0.1522,0.015100,0.043000,0.2123,0.075700,0.001400,0.034400,0.002500,0.032400,0.023700,0.017700,8.8359,0.060200,0.006800,0,0,10.1726,0,0,0,0,0,0,0,50,0,0,0,0,1,1,9,9,2,1,1,4,1,1,1,1,1,1,7,7,1,1,50,9,6,42,76,794,950,0,0,0,0,0,-100,-100,-100,-100,600,1440,107.7673,0,0,-0.000000,-1,0,0,0,1,0,13.7344,5,50,75.1289,13.7344,0,0,48.9844,0,100,0,0,0,0,0,0,0,0,0,0.4363,0.4363,1,0.4363,0.4363,56.5344,8.9635,20141,90,568,135,10873.7070,3604.6641,7254.6055,0,14478.5703,11.1781,2.1704,7.5919,11.1781,2.1704,3.1085,33.3333,6.1955,23.0612,0.000200,0.020900,0.000600,0.000600,0.001700,0.008900,0.000600,0.074300,0,0.017500,0.026600,0.035000,0.3741,0.1748,0.018400,0.006200,0.066700,0,0.044800,0.013400,0.1862,0,0.031400,0.1370,0.016600,0.1000,1.0526,0.6746,0.3002,0.058300,2.2949,0.095200,0.030800,0.039800,0.6910,0.087300,0.002100,0.002600,0.063100,0.1998,0.049200,0.000700,0.6166,969,394932,0.071500,0,0,0,0,0,0,0,0.008600,0,0,0,0,0,0,0,0,0,0,0,0,0,0,0,0,0,0,0,0,0,0,0
,0.038200,0.006700,2,73,0,71,0,0,14,233,25,0,454,3,0,0,13,2,0,0,0,0,0.039900,0.007100,0.3387,0.005600,0.009700,0.000800,0.9138,0.1820,0.050600,0.1236,0.001100,0.030000,0,1,768,256,11229,3565.7148,15494.9102,239.1602,0.001600,5,0.000300,0.008500,0.002000,0.013600,0.1859,0,0,0.063300,0.2279,2.6625,0.064700,0.000200,0.001200,0.000300,0.000400,0.008800,0.007300,0.041800,0.006000,0.045700,0.1410,0.010700,0.006300,1.2976,0.027900,0.008900,0.029400,0.011500,0.018700,0.078400,0.021400,0.071900,0.002500,0.1261,0.008300,0.073100,0.5976,0.004800,2.3167,0.000300,0.1809,0.000700,0.000400,0.030000,0.3069,0.6376,0.023500,0.9465,0.1488,0.002200,0.009700,0.000500,0.033400,0.2173,7.5014,8.7628,13.0955,634,16,0.2500,0,16,3.8438,1,0,0,629,1,0,115,102,13,0,-1,-1,0,-1,-1,13.9904,4.9185,0,1525.2227,1525.2227,1525.0977,95,874,561,321,0,0,0.001000,0,0,0.014700,0.084600,0.000600,0.012500,0.083200,0.042000,0.000900,0.001500,0.000200,0.001400,0.006200,0.000800,0.004000,0.024000,0.1746,0.063600,0.086300,0.1667,0.040300,0.1635,0.021600,0.5594,0.000600,0.001500,0.065300,0.008900,0.001600,0.000500,0.028500,0.005900,0.012700,0.001000,0.1525,0.017600,0.045900,0.2103,0.071900,0.001300,0.043700,0.002400,0.031900,0.022500,0.024000,6.8671,0.065000,0.006700,0.000100,0,11.0557,0,0,0,0,0,0,0,50,0,0,0,0,1,1,9,9,2,1,1,4,1,1,1,1,1,1,7,7,1,1,50,9,6,42,76,794,950,0,0,0,0,0,-100,-100,-100,-100,600,1440,107.7673,0,0,-0.000000,-1,0,0,0,1,0,13.7344,5,50,75.1289,13.7344,0,0,48.9844,0,100,0,0,0,0,0,0,0,0,0,0.5973,0.5973,1,0.5973,0.5973,3.0460,8.9635,20141,90,568,135,10873.6914,3604.6641,7254.6055,0,14478.3711,9.5162,2.6765,7.5919,9.5162,2.6783,2.8978,33.3333,6.7346,22.5343,0.000300,0.022000,0.000600,0.001000,0.001900,0.008200,0.000600,0.072900,0,0.020500,0.030600,0.038400,0.3408,0.1880,0.019500,0.006100,0.061800,0,0.044900,0.021000,0.1683,0,0.032100,0.1363,0.016300,0.093300,0.4348,0.7381,0.3473,0.056300,2.4820,0.094200,0.031700,0.049000,0.6862,0.087300,0.001900,0.002600,0.062400,0.1956,0.049200,0.000800,0.6102,937,389584,0,2360,1335,0,1.1324,0,0.005300,0.002000,0.008700,0,0,0,0,0,0,0,0,0,0,0,0,0,0,0,0,0,0,0,0,0,0,0
,0.018900,0.011900,2,59,0,57,0,0,13,233,24,0,454,3,0,0,12,2,0,0,0,0,0.017900,0.026100,0.3377,0.005100,0.009500,0.000800,0.8500,0.1913,0.052300,0.1307,0.000800,0.029500,0.001900,0,768,256,11229,3565.7148,15494.9102,239.1602,0.001600,7,0,0.008300,0.001900,0.020600,0.1869,0,0,0.060000,0.2451,2.6962,0.069700,0.000200,0.001300,0.000200,0.000300,0.006000,0.007200,0.041900,0.005100,0.035800,0.1090,0.011000,0.006600,1.6599,0.032700,0.009000,0.035300,0.013900,0.021700,0.1042,0.015000,0.081500,0.002400,0.1263,0.009600,0.072400,0.6589,0.005100,2.5512,0.000300,0.2042,0.000600,0.000300,0.033000,0.3181,0.6332,0.025400,0.9577,0.1405,0.002500,0.011100,0.000500,0.035900,0.075500,8.9166,8.7628,13.0955,634,16,0.2500,0,16,3.8438,1,0,0,629,1,0,115,102,13,0,-1,-1,0,-1,-1,13.9904,4.9185,0,1525.2227,1525.2227,1525.0977,95,871,551,321,0,0,0.001000,0,0,0.015800,0.082800,0.000700,0.011500,0.073300,0.040300,0.000900,0.001300,0.000300,0.001600,0.006200,0.001000,0.003800,0.021600,0.1484,0.057500,0.075600,0.1580,0.052100,0.1813,0.025500,0.1286,0.000200,0.001700,0.064800,0.008600,0.001400,0.000700,0.027900,0.006700,0.012100,0.001100,0.1460,0.014700,0.041900,0.1918,0.067900,0.001100,0.041900,0.002900,0.017500,0.023800,0.016100,8.7420,0.074100,0.006700,0.000100,0,9.5353,0,0,0,0,0,0,0,50,0,0,0,0,1,1,9,9,2,1,1,4,1,1,1,1,1,1,7,7,1,1,50,9,6,42,76,794,950,0,0,0,0,0,-100,-100,-100,-100,600,1440,107.7673,0,0,-0.000000,-1,0,0,0,1,0,13.7344,5,50,75.1289,13.7344,0,0,48.9844,0,100,0,0,0,0,0,0,0,0,0,0.4955,0.4955,1,0.4955,0.4955,13.9537,8.9635,20141,90,568,135,10873.6719,3604.6641,7254.6055,0,14478.3555,10.5370,2.1999,7.3101,10.5370,2.1999,2.9903,33.3333,6.4817,23.3292,0.000200,0.021300,0.000600,0.000700,0.001600,0.007700,0.000700,0.073700,0,0.020500,0.030600,0.038100,0.3565,0.2127,0.020500,0.007200,0.066900,0,0.046300,0.023000,0.1937,0.004100,0.033400,0.1365,0.015500,0.098800,0.4324,0.6920,0.3820,0.057300,2.0727,0.092100,0.031800,0.039400,0.6907,0.087000,0.001800,0.002600,0.061600,0.1966,0.050200,0.000700,0.6175,1013,403798,0,0,0,0,0,0,0,0,0.008000,0,0,0,0,0,0,0,0,0,0,0,0,0,0,0,0,0,0,0,0,0,0,0
,0.016200,0.007900,2,80,0,78,0,0,14,233,48,0,454,3,0,0,13,2,0,0,0,0,0,0,0.3443,0.005600,0.008700,0.001500,0.8782,0.1656,0.055000,0.1366,0.001000,0.034800,0,0,768,256,11229,3565.7148,15494.9102,239.1602,0.001600,2,0.000100,0.008800,0.002600,0.020800,0.1814,0,0,0.061400,0.2751,2.6237,0.070100,0.000200,0.001400,0.000300,0.000300,0.006300,0.007600,0.048600,0.005500,0.033200,0.1364,0.011600,0.006500,1.2179,0.026200,0.008800,0.033700,0.011800,0.019300,0.1732,0.013300,0.073200,0.002300,0.1123,0.008900,0.072000,0.5970,0.004700,2.3407,0.000300,0.2077,0.000700,0.000300,0.032800,0.3225,0.7264,0.025900,0.9554,0.4900,0.002100,0.012700,0.000500,0.037100,0.3437,9,8.7628,13.0955,634,16,0.2500,0,16,3.8438,1,0,0,629,1,0,115,102,13,0,-1,-1,0,-1,-1,13.9904,4.9185,0,1525.2227,1525.2227,1525.0977,95,876,561,321,0,0,0.001000,0,0,0.016200,0.083400,0.000600,0.012400,0.072900,0.040000,0.000900,0.001600,0.000300,0.001800,0.006600,0.001000,0.004100,0.023500,0.1318,0.058400,0.074200,0.1714,0.042100,0.3677,0.016900,0,0.000400,0.006300,0.072100,0.010100,0.002000,0.000800,0.029200,0.007400,0.012000,0.001100,0.1533,0.017800,0.045700,0.2234,0.075100,0.001200,0.039200,0.002400,0.035200,0.024200,0.021100,8.4075,0.060900,0.006900,0.000100,0,10.9758,0,0,0,0,0,0,0,50,0,0,0,0,1,1,9,9,2,1,1,4,1,1,1,1,1,1,7,7,1,1,50,9,6,42,76,794,950,0,0,0,0,0,-100,-100,-100,-100,600,1440,107.7673,0,0,-0.000000,-1,0,0,0,1,0,13.7344,5,50,75.1289,13.7344,0,0,48.9844,0,100,0,0,0,0,0,0,0,0,0,0.4088,0.4088,1,0.4088,0.4088,24.6919,8.9635,20141,90,568,135,10873.6602,3604.6641,7254.6055,0,14478.3359,11.0933,2.2885,7.3468,11.0933,2.2885,2.9126,33.3333,5.9324,23.0901,0.000200,0.021300,0.000600,0.000700,0.001600,0.008000,0.000600,0.073800,0,0.020500,0.019900,0.031300,0.3430,0.1913,0.019500,0.006100,0.067300,0,0.044400,0.023900,0.2027,0,0.032500,0.1293,0.016000,0.089300,0.4264,0.7408,0.3369,0.056300,2.4885,0.095300,0.031700,0.038400,0.6854,0.085200,0.001900,0.002600,0.062000,0.2007,0.050200,0.000700,0.5866,925,385178,0,0,0,0,0,0,0.001700,0,0.007600,0,0,0,0,0,0,0,0,0,0,0,0,0,0,0,0,0,0,0,0,0,0,0
,0.4406,0.008500,2,57,0,55,0,0,13,233,14,0,454,3,0,0,12,2,0,0,0,0,0.009500,0.005400,0.3537,0.006000,0.010100,0.000900,0.9072,0.2107,0.058900,0.1328,0.001400,0.032900,0,0,768,256,11229,3565.7148,15494.9102,239.1602,0.002000,2,0.000500,0.007900,0.002200,0.019500,0.1807,0,0,0.061800,0.3409,2.4555,0.070700,0.000300,0.001200,0.000300,0.000500,0.006900,0.008100,0.040900,0.005100,0.031900,0.098900,0.010600,0.005900,0.5234,0.027500,0.008000,0.029600,0.011600,0.018100,0.094700,0.009200,0.078500,0.002700,0.1081,0.008100,0.067500,0.6357,0.005300,2.3473,0.000300,0.2007,0.000600,0.000300,0.028900,0.3759,0.8244,0.026500,0.9178,0.3983,0.002100,0.014400,0.000500,0.039300,0,9.6350,8.7628,13.0955,634,16,0.2500,0,16,3.8438,1,0,0,629,1,0,115,102,13,0,-1,-1,0,-1,-1,13.9904,4.9185,0,1525.2227,1525.2227,1441.6289,95,871,551,321,0,0,0.001100,0,0,0.015600,0.081000,0.000500,0.012000,0.069500,0.040900,0.000800,0.001500,0.000200,0.001700,0.006500,0.001100,0.004000,0.021500,0.1543,0.057400,0.075600,0.1502,0.042100,0.1951,0.017800,0.042400,0.000200,0.001600,0.063300,0.008200,0.001200,0.000500,0.025300,0.006100,0.012500,0.001100,0.1360,0.013500,0.039800,0.2002,0.070700,0.001000,0.040600,0.002700,0.033300,0.022400,0.017200,8.9971,0.059100,0.006400,0.000100,0,10.7026,0,0,0,0,0,0,0,50,0,0,0,0,1,1,9,9,2,1,1,4,1,1,1,1,1,1,7,7,1,1,50,9,6,42,76,794,950,0,0,0,0,0,-100,-100,-100,-100,600,1440,107.7673,0,0,-0.000000,-1,0,0,0,1,0,13.7344,5,50,75.1289,13.7344,0,0,48.9844,0,100,0,0,0,0,0,0,0,0,0,0.4216,0.4216,1,0.4216,0.4216,35.7713,8.9635,20141,90,568,135,10873.6484,3604.6641,7254.6055,0,14478.3242,11.1222,2.1368,7.3420,11.1222,2.1368,2.9298,33.3333,6.3966,22.7235,0.000700,0.022500,0.000500,0.000600,0.001700,0.008000,0.000700,0.071300,0,0.020400,0.019300,0.026900,0.3605,0.1975,0.018400,0.006200,0.062000,0,0.045700,0.019100,0.1865,0.005100,0.032800,0.1399,0.015700,0.090000,0.4268,0.7825,0.3074,0.060400,2.2967,0.094200,0.030800,0.038100,0.6888,0.098000,0.002000,0.002500,0.062400,0.1976,0.050200,0.000700,0.6042,937,388730,0,0,0,0,0,0.013600,0,0,0.008000,0,0,0,0,0,0,0,0,0,0,0,0,0,0,0,0,0,0,0,0,0,0,0
,0.2156,0.006500,2,57,0,55,0,0,13,233,11,0,454,3,0,0,12,2,0,0,0,0,0.023000,0.007000,0.3269,0.005700,0.009400,0.000900,0.8893,0.1675,0.053100,0.1295,0.001300,0.026400,0.003700,0,768,256,11229,3565.7148,15494.9102,239.1602,0.001400,6,0.000300,0.016100,0.002300,0.019400,0.6028,0,0,0.065400,0.2552,2.5428,0.063900,0.000300,0.001400,0.000300,0.000400,0.006900,0.006500,0.040700,0.006000,0.032200,0.1494,0.010700,0.007100,1.2303,0.029700,0.009700,0.029600,0.011300,0.019300,0.096000,0.010900,0.082500,0.002300,0.1194,0.009000,0.072200,0.6281,0.005300,2.3330,0.000300,0.1958,0.000500,0.000400,0.032300,0.3134,0.9045,0.025000,0.9812,0.1144,0.002200,0.010100,0.000400,0.035600,0,8.4100,8.7628,13.0955,634,16,0.2500,0,16,3.8438,1,0,0,629,1,0,115,102,13,0,-1,-1,0,-1,-1,13.9904,4.9185,0,1525.2227,1525.2227,1441.5039,95,871,551,321,0,0,0.001000,0,0,0.015700,0.082600,0.000600,0.012200,0.069900,0.041200,0.000900,0.001100,0.000300,0.001600,0.006300,0.000900,0.004200,0.024800,0.1430,0.057700,0.081000,0.1502,0.039700,0.1493,0.018800,0.1125,0.000300,0.001400,0.064400,0.008700,0.001200,0.000500,0.027300,0.006800,0.012000,0.001100,0.1420,0.016300,0.043700,0.1906,0.068300,0.001200,0.041400,0.003300,0.017200,0.023000,0.018200,7.9078,0.055900,0.036300,0.000200,0.002900,11.0284,0,0,0,0,0,0,0,50,0,0,0,0,1,1,9,9,2,1,1,4,1,1,1,1,1,1,7,7,1,1,50,9,6,42,76,794,950,0,0,0,0,0,-100,-100,-100,-100,600,1440,107.7673,0,0,-0.000000,-1,0,0,0,1,0,13.7344,5,50,75.1289,13.7344,0,0,48.9844,0,100,0,0,0,0,0,0,0,0,0,0.4276,0.4276,1,0.4276,0.4276,45.7321,8.9635,20141,90,568,135,10873.4609,3604.6641,7254.6055,0,14478.3125,9.9072,2.0562,7.3339,9.9072,2.0572,2.8658,33.3333,6.6789,22.9328,0.000200,0.022000,0.000500,0.000700,0.001600,0.006900,0.000600,0.073000,0.001000,0.020500,0.026500,0.038700,0.3310,0.1975,0.021500,0.005100,0.066700,0,0.046300,0.008700,0.1783,0,0.032900,0.1361,0.016400,0.090600,0.4286,0.7602,0.3394,0.057300,3.2695,0.096300,0.030700,0.040100,0.6916,0.095300,0.002000,0.002400,0.062100,0.1996,0.050200,0.000600,0.6192,924,385166,0,0,0,0,0,0,0,0.001200,0.008700,0,0,0,0,0,0,0,0,0,0,0,0,0,0,0,0,0,0,0,0,0,0,0
,0.016100,0.010500,2,57,0,55,0,0,13,233,13,0,454,3,0,0,12,2,0,0,0,0,0.009700,0.006000,0.3387,0.008100,0.008400,0.001300,0.9016,0.1940,0.051400,0.1346,0.000800,0.035800,0,1,768,256,11229,3565.7148,15494.9102,239.1602,0.001300,4,0.000200,0.010500,0.002200,0.019100,0.1864,0,0,0.057400,0.2184,2.5685,0.064600,0.000400,0.001100,0.000200,0.000300,0.006400,0.008200,0.050600,0.004700,0.031900,0.1458,0.011100,0.005900,0.5416,0.025100,0.009300,0.028000,0.034600,0.019300,0.1012,0.011900,0.083000,0.002400,0.1014,0.009900,0.072000,0.5961,0.004900,2.3406,0.000300,0.1944,0.000600,0.000400,0.029300,0.3129,0.6343,0.027800,0.9368,0.1419,0.002300,0.010500,0.000600,0.035000,0.074100,8.5762,8.7628,13.0955,634,16,0.2500,0,16,3.8438,1,0,0,629,1,0,115,102,13,0,-1,-1,0,-1,-1,13.9904,4.9185,0,1525.2227,1525.2227,1525.0977,95,876,561,321,0,0,0.000800,0,0,0.016100,0.081400,0.000600,0.011700,0.069900,0.040700,0.001000,0.001500,0.000400,0.001600,0.033500,0.001100,0.006100,0.022900,0.1336,0.061000,0.078000,0.1645,0.050400,0.4709,0.014800,0,0.000200,0.001700,0.062500,0.008400,0.001300,0.000400,0.025800,0.006100,0.012100,0.001300,0.1475,0.015100,0.039600,0.2053,0.071300,0.001200,0.021000,0.003300,0.033800,0.024200,0.016200,8.3823,0.065700,0.006000,0.000100,0,10.0460,0,0,0,0,0,0,0,50,0,0,0,0,1,1,9,9,2,1,1,4,1,1,1,1,1,1,7,7,1,1,50,9,6,42,76,794,950,0,0,0,0,0,-100,-100,-100,-100,600,1440,107.7673,0,0,-0.000000,-1,0,0,0,1,0,13.7344,5,50,75.1289,13.7344,0,0,48.9844,0,100,0,0,0,0,0,0,0,0,0,0.4164,0.4164,1,0.4164,0.4164,56.5049,8.9635,20141,90,568,135,10873.4531,3604.6641,7254.6055,0,14478.1250,10.4406,2.3769,8.1299,10.4406,2.3769,3.0190,33.3333,6.2997,22.8097,0.000600,0.021500,0.000600,0.000600,0.001600,0.007700,0.001700,0.073400,0,0.017400,0.019400,0.031300,0.3562,0.1940,0.019500,0.005100,0.062200,0,0.045400,0.007100,0.1855,0,0.031900,0.1357,0.016500,0.094500,0.4169,0.6833,0.3104,0.055300,2.3153,0.094200,0.030700,0.039400,0.6890,0.085000,0.001900,0.002600,0.063500,0.2007,0.049200,0.000600,0.6074,923,384486,0,0,0,0,0,0.1366,0,0,0.008500,0,0,0,0,0,0,0,0,0,0,0,0,0,0,0,0,0,0,0,0,0,0,0
,0.024600,0.005500,2,57,0,55,0,0,13,233,12,0,454,3,0,0,12,2,0,0,0,0,0.008700,0.002500,0.3554,0.005700,0.008800,0.000800,0.9140,1.1963,0.056500,0.1400,0.001100,0.048100,0.001100,1,768,256,11229,3565.7148,15494.9102,239.1602,0.006700,4,0.000300,0.008900,0.002600,0.019300,0.1784,0,0,0.065000,0.3494,2.6164,0.070500,0.000300,0.001200,0.000200,0.000200,0.006400,0.007800,0.048900,0.006500,0.049000,0.1142,0.025500,0.006900,1.4286,0.030200,0.009600,0.036800,0.011500,0.018900,0.078400,0.010300,0.076100,0.002200,0.083900,0.007500,0.068100,0.5963,0.004700,2.3145,0.000400,0.1866,0.000500,0.000400,0.029600,0.3186,0.8046,0.026300,0.9473,0.1636,0.002100,0.014100,0.000500,0.033400,0.3816,6.9823,8.7628,13.0955,634,16,0.2500,0,16,3.8438,1,0,0,629,1,0,115,102,13,0,-1,-1,0,-1,-1,13.9904,4.9185,0,1525.2227,1525.2227,1441.5039,95,876,551,321,0,0,0.001100,0,0,0.015100,0.079400,0.000500,0.011600,0.070200,0.041100,0.001000,0.001500,0.000200,0.001700,0.005800,0.001200,0.004500,0.022700,0.1266,0.058500,0.074500,0.1704,0.039600,1.1273,0.016400,0,0.000400,0.001600,0.074200,0.010400,0.001300,0.000500,0.027800,0.006500,0.012700,0.001200,0.1459,0.016500,0.044600,0.2128,0.067700,0.001200,0.032400,0.002200,0.034100,0.022100,0.019800,6.3516,0.059000,0.006700,0.000100,0,10.6778,0,0,0,0,0,0,0,50,0,0,0,0,1,1,9,9,2,1,1,4,1,1,1,1,1,1,7,7,1,1,50,9,6,42,76,794,950,0,0,0,0,0,-100,-100,-100,-100,600,1440,107.7673,0,0,-0.000000,-1,0,0,0,1,0,13.7344,5,50,75.1289,13.7344,0,0,48.9844,0,100,0,0,0,0,0,0,0,0,0,0.4542,0.4542,1,0.4542,0.4542,2.9633,8.9635,20141,90,568,135,10873.4453,3604.6641,7254.6055,0,14478.1172,9.6747,2.9219,7.4645,9.6747,2.9219,2.8265,33.3333,6.3468,23.0224,0.000300,0.038600,0.000500,0.000600,0.001700,0.008600,0.000700,0.074700,0,0.016400,0.029100,0.041600,0.7680,0.2104,0.020500,0.006100,0.066100,0,0.043300,0.008700,0.1878,0.006200,0.034400,0.1653,0.018200,0.1054,0.5239,0.7202,0.3056,0.054200,2.1300,0.096300,0.030700,0.039400,0.6887,0.088200,0.001900,0.002400,0.061700,0.1976,0.049200,0.000700,0.8100,1033,410642,0.048100,2370,1334,0,1.6134,0,0,0,0.008300,0,0,0,0,0,0,0,0,0,0,0,0,0,0,0,0,0,0,0,0,0,0,0
,0.016600,0.012400,2,80,0,78,0,0,14,233,58,0,454,3,0,0,13,2,0,0,0,0,0.009400,0.015300,0.3455,0.006100,0.009200,0.001200,0.8778,0.2399,0.052200,0.1277,0.001000,0.023500,0,1,768,256,11229,3565.7148,15494.9102,239.1602,0.001700,6,0.000100,0.007500,0.001600,0.019500,0.1812,0,0,0.063600,0.2445,2.6777,0.074200,0.000400,0.001000,0.000300,0.000300,0.006200,0.007600,0.045600,0.005800,0.038000,0.1361,0.011200,0.006200,1.1561,0.028100,0.009400,0.033700,0.011300,0.019100,0.089400,0.011700,0.068600,0.002300,0.086300,0.009800,0.070400,0.6324,0.005300,2.5297,0.000300,0.2170,0.000700,0.000400,0.031300,0.3166,0.6390,0.026500,0.9589,0.2139,0.001700,0.010100,0.000400,0.037700,0.017000,9.3411,8.7628,13.0955,634,16,0.2500,0,16,3.8438,1,0,0,629,1,0,115,102,13,0,-1,-1,0,-1,-1,13.9904,4.9185,0,1525.2227,1525.2227,1525.0977,95,870,551,322,0,0,0.000900,0,0,0.016300,0.082200,0.000700,0.017600,0.069000,0.039700,0.000800,0.002200,0.000200,0.001600,0.006900,0.001000,0.004000,0.022000,0.1786,0.055700,0.081100,0.1689,0.047200,0.2302,0.034400,0.062700,0.000300,0.001600,0.062400,0.008300,0.001300,0.000500,0.025700,0.006000,0.011200,0.001300,0.1399,0.013600,0.038900,0.1883,0.069100,0.001100,0.046500,0.002300,0.018100,0.023200,0.017000,9.0809,0.058100,0.005400,0.000100,0,9.3739,0,0,0,0,0,0,0,50,0,0,0,0,1,1,9,9,2,1,1,4,1,1,1,1,1,1,7,7,1,1,50,9,6,42,76,794,950,0,0,0,0,0,-100,-100,-100,-100,600,1440,107.7673,0,0,-0.000000,-1,0,0,0,1,0,13.7344,5,50,75.1289,13.7344,0,0,48.9844,0,100,0,0,0,0,0,0,0,0,0,0.5088,0.5088,1,0.5088,0.5088,14.2729,8.9635,20141,90,568,135,10873.4336,3604.6641,7254.6055,0,14478.1094,10.9814,2.2513,7.5721,10.9814,2.2513,2.8617,33.3333,6.5279,23.0046,0.000200,0.024200,0.000800,0.000600,0.001700,0.009400,0.000600,0.075900,0,0.017300,0.023400,0.025000,0.3690,0.1990,0.021500,0.005100,0.062000,0,0.046200,0.018600,0.1832,0,0.032300,0.1406,0.016100,0.091200,0.4442,0.7977,0.3088,0.057300,2.4688,0.095300,0.031700,0.8037,0.6918,0.067600,0.002000,0.002600,0.061500,0.1998,0.049100,0.000600,0.6159,912,383780,0,0,0,0,0,0,0.006300,0,0.008800,0,0,0,0,0,0,0,0,0,0,0,0,0,0,0,0,0,0,0,0,0,0,0
,0.042900,0.073100,2,54,0,52,0,0,13,233,9,0,454,3,0,0,12,2,0,0,0,0,0.009300,0.018900,0.3781,0.005300,0.008800,0.001000,0.8723,0.1658,0.054400,0.1326,0.000800,0.024700,0.011300,1,768,256,11229,3565.7148,15494.9102,239.1602,0.002200,4,0.000100,0.009000,0.002000,0.014300,0.2262,0,0,0.057600,0.2591,2.6293,0.074000,0.000300,0.001200,0.000300,0.000300,0.007200,0.006800,0.046200,0.005100,0.033300,0.1299,0.010100,0.006400,0.5567,0.026900,0.008100,0.028900,0.011300,0.018300,0.085000,0.009200,0.075200,0.001900,0.075700,0.009300,0.075800,0.6531,0.005900,2.4879,0.000300,0.2064,0.000500,0.000400,0.029400,0.3229,0.6390,0.026300,0.9734,0.5044,0.002200,0.012400,0.000400,0.034500,0.1266,7.5110,8.7628,13.0955,634,16,0.2500,0,16,3.8438,1,0,0,629,1,0,115,102,13,0,-1,-1,0,-1,-1,13.9904,4.9185,0,1525.2227,1525.2227,1525.0977,95,875,561,322,0,0,0.000800,0,0,0.015100,0.081300,0.000600,0.015300,0.073500,0.040000,0.000900,0.001600,0.000100,0.001800,0.006500,0.000700,0.004000,0.021100,0.1358,0.053800,0.075800,0.1539,0.058200,0.1535,0.022900,1.2188,0.000300,0.002100,0.068700,0.010100,0.001600,0.000600,0.028700,0.006400,0.014600,0.001200,0.1464,0.014600,0.043700,0.1951,0.069200,0.001200,0.040800,0.002600,0.032100,0.020700,0.016800,7.2872,0.061400,0.005700,0.000100,0.004800,11.3251,0,0,0,0,0,0,0,50,0,0,0,0,1,1,9,9,2,1,1,4,1,1,1,1,1,1,7,7,1,1,50,9,6,42,76,794,950,0,0,0,0,0,-100,-100,-100,-100,600,1440,107.7673,0,0,-0.000000,-1,0,0,0,1,0,13.7344,5,50,75.1289,13.7344,0,0,48.9844,0,100,0,0,0,0,0,0,0,0,0,1.5498,1.5498,1,1.5498,1.5498,24.8477,8.9635,20141,90,568,135,10873.3906,3604.6641,7254.6055,0,14478.0977,10.5193,3.2733,8.2339,10.5193,3.2733,2.9916,33.3333,6.2845,22.7188,0.000300,0.021100,0.000600,0.000600,0.001700,0.009200,0.013300,0.075700,0,0.019500,0.021300,0.025500,0.3657,0.1907,0.019400,0.006200,0.064000,0,0.047800,0.012100,0.1684,0,0.032000,0.1310,0.016000,0.093800,0.4308,0.7358,0.3538,0.057300,2.4706,0.095300,0.030700,0.038200,0.6951,0.086000,0.002100,0.002500,0.062400,0.1967,0.049100,0.000700,0.6077,987,399252,0,0,0,0,0,0,0,0,0.008000,0,0,0,0,0,0,0,0,0,0,0,0,0,0,0,0,0,0,0,0,0,0,0
,0.015100,0.005100,2,73,0,71,0,0,14,233,43,0,454,3,0,0,13,2,0,0,0,0,0.008900,0,0.3788,0.006500,0.007700,0.000900,0.9776,1.4158,0.078900,0.1197,0.001200,0.034400,0,0,768,256,11229,3565.7148,15494.9102,239.1602,0.002100,0,0.000300,0.010700,0.2284,0.013300,0.1982,0,0,0.063300,0.2466,3.5869,0.062000,0.000300,0.001100,0.000200,0.000300,0.006400,0.007600,0.044100,0.005500,0.031100,0.1278,0.010200,0.005600,0.3329,0.042000,0.009100,0.039200,0.012600,0.020500,0.091300,0.013200,0.1003,0.002400,0.087800,0.010100,0.074300,0.6114,0.005800,2.4559,0.000500,0.2013,0.000600,0.000300,0.032200,0.3256,0.6250,0.025400,0.9745,0.1175,0.002000,0.010200,0.000300,0.033300,0.2543,7.1263,8.7628,13.0955,634,16,0.2500,0,16,3.8438,1,0,0,629,1,0,115,102,13,0,-1,-1,0,-1,-1,13.9904,4.9185,0,1525.2227,1525.2227,1525.0977,95,875,561,322,0,0,0.001000,0,0,0.014200,0.079700,0.000500,0.012500,0.074200,0.039200,0.000900,0.001600,0.000400,0.001500,0.006600,0.001300,0.003700,0.021800,0.1425,0.054600,0.073900,0.1637,0.044000,1.3247,0.015900,0,0.000400,0.001700,0.065400,0.009000,0.001400,0.000500,0.040100,0.006400,0.014300,0.001400,0.1392,0.014300,0.044000,0.2092,0.067700,0.001400,0.044000,0.002200,0.032600,0.022200,0.019400,6.5132,0.059100,0.006800,0.000200,0.003200,10.6204,0,0,0,0,0,0,0,50,0,0,0,0,1,1,9,9,2,1,1,4,1,1,1,1,1,1,7,7,1,1,50,9,6,42,76,794,950,0,0,0,0,0,-100,-100,-100,-100,600,1440,107.7673,0,0,-0.000000,-1,0,0,0,1,0,13.7344,5,50,75.1289,13.7344,0,0,48.9844,0,100,0,0,0,0,0,0,0,0,0,0.4235,0.4235,1,0.4235,0.4235,34.7081,8.9635,20141,90,568,135,10873.3125,3604.6641,7254.6055,0,14478.0547,10.2507,3.2789,7.3468,10.2507,3.3192,2.7872,33.3333,6.4524,23.1612,0.000600,0.025200,0.000500,0.000500,0.001600,0.009700,0.000700,0.090900,0.001000,0.020500,0.021300,0.026700,0.3138,0.2255,0.020500,0.006100,0.062900,0,0.047600,0.010900,0.2143,0.005100,0.032600,0.1379,0.016300,0.1029,0.8514,0.8084,0.3062,0.057300,2.4361,0.095200,0.031800,0.039300,0.6980,0.089400,0.002100,0.002300,0.061800,0.1976,0.049200,0.000600,0.6487,966,395656,0,0,0,0,0,0,0,0.040600,0.008700,0,0,0,0,0,0,0,0,0,0,0,0,0,0,0,0,0,0,0,0,0,0,0
,0.015400,0.006900,2,64,0,62,0,0,13,233,28,0,454,3,0,0,12,2,0,0,0,0,0.010200,0.018800,0.3321,0.005600,0.008400,0.000800,0.8553,0.2158,0.053800,0.1292,0,0.035500,0.002400,0,768,256,11229,3565.7148,15494.9102,239.1602,0.001700,5,0.000600,0.008900,0.002000,0.014500,0.1894,0,0,0.057100,0.2800,2.6997,0.067500,0.000200,0.001300,0.000300,0.000200,0.006800,0.020100,0.053100,0.005600,0.034400,0.1308,0.010400,0.005900,1.3817,0.028500,0.008000,0.036200,0.011300,0.019500,0.087000,0.010300,0.070800,0.002100,0.083000,0.008500,0.1420,0.6096,0.017700,2.3820,0.000300,0.1997,0.000500,0.000400,0.032400,0.3442,0.6592,0.027000,0.9799,0.1614,0.001900,0.010900,0.000600,0.035800,0.3044,8.9449,8.7628,13.0955,634,16,0.2500,0,16,3.8438,1,0,0,629,1,0,115,102,13,0,-1,-1,0,-1,-1,13.9904,4.9185,0,1525.2227,1525.2227,1525.0977,95,877,561,322,0,0,0.000800,0,0,0.014400,0.080800,0.000600,0.011800,0.070100,0.039200,0.000800,0.001500,0.000300,0.001400,0.005600,0.000900,0.003900,0.020900,0.1437,0.053300,0.074600,0.1651,0.043600,0.2087,0.033600,0.1235,0.000200,0.001900,0.080400,0.009000,0.001400,0.000400,0.027300,0.006400,0.012200,0.001200,0.1758,0.014200,0.046100,0.2107,0.071700,0.001100,0.042900,0.003200,0.017300,0.024300,0.018100,8.3589,0.055700,0.005700,0.000100,0,9.8788,0,0,0,0,0,0,0,50,0,0,0,0,1,1,9,9,2,1,1,4,1,1,1,1,1,1,7,7,1,1,50,9,6,42,76,794,950,0,0,0,0,0,-100,-100,-100,-100,600,1440,107.7673,0,0,-0.000000,-1,0,0,0,1,0,13.7344,5,50,75.1289,13.7344,0,0,48.9844,0,100,0,0,0,0,0,0,0,0,0,0.4796,0.4796,1,0.4796,0.4796,45.4395,8.9635,20141,90,568,135,10873.2422,3604.6641,7254.6055,0,14477.9766,10.6496,2.3490,7.8468,10.6496,2.3490,3.0321,33.3333,6.1335,23.0096,0.000600,0.020400,0.000600,0.000600,0.001900,0.008800,0.000700,0.072300,0,0.018400,0.027900,0.038200,0.3679,0.1987,0.018500,0.006100,0.068500,0,0.046000,0.012100,0.1925,0.005100,0.031900,0.1369,0.015600,0.089300,0.4262,0.7690,0.3365,0.055400,2.5075,0.095200,0.031800,0.038200,0.6980,0.1217,0.002200,0.003100,0.061900,0.2212,0.049100,0.000700,1.0448,939,388108,0,0,0,0,0,0,0,0,0.008600,0,0,0,0,0,0,0,0,0,0,0,0,0,0,0,0,0,0,0,0,0,0,0
,0.080900,0.006400,2,57,0,55,0,0,13,233,15,0,454,3,0,0,12,2,0,0,0,0,0.008700,0.006500,0.3317,0.005900,0.009300,0.001400,0.8829,0.2019,0.054600,0.1307,0.003100,0.029000,0,1,768,256,11229,3565.7148,15494.9102,239.1602,0.001600,8,0.000100,0.007900,0.002400,0.013400,0.1818,0,0,0.056600,0.2702,2.6567,0.068000,0.000300,0.001300,0.000200,0.000300,0.008000,0.007200,0.043900,0.005500,0.033600,0.1284,0.011500,0.007200,1.3747,0.029200,0.008800,0.040700,0.011500,0.019800,0.084600,0.012700,0.062900,0.018400,0.095500,0.009300,0.070000,0.6575,0.005400,2.5659,0.000500,0.2077,0.000500,0.000400,0.031700,0.3214,0.6753,0.026500,0.9486,0.4137,0.002300,0.012800,0.000500,0.035300,0.1337,9.2717,8.7628,13.0955,634,16,0.2500,0,16,3.8438,1,0,0,629,1,0,115,102,13,0,-1,-1,0,-1,-1,13.9904,4.9185,0,1525.2227,1525.2227,1525.0977,95,870,551,322,0,0,0.001100,0,0,0.015200,0.079700,0.000500,0.011600,0.069900,0.041800,0.000800,0.001500,0.000400,0.001800,0.006500,0.001100,0.003600,0.023500,0.2000,0.060100,0.077200,0.1535,0.048100,0.1869,0.026400,0.1065,0.000100,0.001700,0.066300,0.009000,0.001100,0.000600,0.025300,0.006100,0.012100,0.001100,0.1452,0.016900,0.042100,0.2044,0.069500,0.001200,0.043000,0.002700,0.032400,0.022000,0.018100,8.7154,0.058600,0.006900,0.000200,0,10.6438,0,0,0,0,0,0,0,50,0,0,0,0,1,1,9,9,2,1,1,4,1,1,1,1,1,1,7,7,1,1,50,9,6,42,76,794,950,0,0,0,0,0,-100,-100,-100,-100,600,1440,107.7673,0,0,-0.000000,-1,0,0,0,1,0,13.7344,5,50,75.1289,13.7344,0,0,48.9844,0,100,0,0,0,0,0,0,0,0,0,0.5297,0.5297,1,0.5297,0.5297,56.4010,8.9635,20141,90,568,135,10873.2305,3604.6641,7254.6055,0,14477.9062,11.0063,2.2790,7.8980,11.0063,2.2790,2.9853,33.3333,6.4760,22.9136,0.000200,0.021400,0.000600,0.000800,0.001700,0.007600,0.000500,0.072500,0,0.021500,0.027800,0.041400,0.3450,0.1934,0.018400,0.006200,0.061800,0,0.046700,0.010800,0.1975,0.005200,0.032700,0.1429,0.015100,0.089600,0.4274,0.6977,0.3264,0.057200,2.4629,0.095300,0.030700,0.038700,0.6891,0.099100,0.002000,0.004600,0.062000,0.1956,0.050200,0.000600,0.5984,1020,405484,0,0,0,0,0,0,0,0,0.007500,0,0,0,0,0,0,0,0,0,0,0,0,0,0,0,0,0,0,0,0,0,0,0
,0.2858,0.018500,2,76,0,74,0,0,14,233,45,0,454,3,0,0,13,2,0,0,0,0,0.008800,0.015800,0.3400,0.005300,0.009600,0.000900,0.8571,0.1742,0.048900,0.1251,0.000700,0.039600,0,1,768,256,11229,3565.7148,15494.9102,239.1602,0.006500,4,0.000200,0.007800,0.002200,0.012700,0.1850,0,0,0.064000,0.3367,2.7398,0.070700,0.000200,0.001400,0.000200,0.000300,0.007300,0.007000,0.044100,0.005500,0.033700,0.1335,0.011700,0.006500,1.4560,0.029200,0.009400,0.036000,0.012300,0.019000,0.085800,0.010000,0.067800,0.002200,0.088300,0.010600,0.071600,0.6316,0.004900,2.3542,0.000300,0.1804,0.000600,0.000400,0.030300,0.3865,0.5957,0.026100,0.9435,0.5127,0.002200,0.013800,0.000600,0.036400,0,9.4043,8.7628,13.0955,634,16,0.2500,0,16,3.8438,1,0,0,629,1,0,115,102,13,0,-1,-1,0,-1,-1,13.9904,4.9185,0,1525.2227,1525.2227,1495.7227,95,870,551,322,0,0,0.000900,0,0,0.014400,0.077600,0.000600,0.011700,0.070800,0.053700,0.000900,0.001700,0.000400,0.001500,0.006200,0.001000,0.004000,0.024300,0.1577,0.062000,0.086100,0.1614,0.035900,0.1591,0.024400,0.1190,0.000100,0.005500,0.061600,0.008000,0.001100,0.000500,0.026800,0.006600,0.011400,0.000900,0.1429,0.015800,0.044700,0.1989,0.071000,0.001300,0.021100,0.003800,0.031600,0.022900,0.016200,8.8427,0.067300,0.010500,0.000100,0,11.0411,0,0,0,0,0,0,0,50,0,0,0,0,1,1,9,9,2,1,1,4,1,1,1,1,1,1,7,7,1,1,50,9,6,42,76,794,950,0,0,0,0,0,-100,-100,-100,-100,600,1440,107.7673,0,0,-0.000000,-1,0,0,0,1,0,13.7344,5,50,75.1289,13.7344,0,0,48.9844,0,100,0,0,0,0,0,0,0,0,0,0.4606,0.4606,1,0.4606,0.4606,5.2648,8.9635,20141,90,568,135,10873.2188,3604.6641,7254.6055,0,14477.8945,11.1213,2.2835,7.4029,11.1213,2.2846,3.2239,33.3333,6.1814,23.1679,0.000200,0.021100,0.000700,0.000600,0.001800,0.008200,0.000700,0.073900,0,0.028700,0.022000,0.031500,0.3561,0.1866,0.021500,0.005100,0.066700,0,0.046300,0.016300,0.1887,0,0.031800,0.1357,0.017000,0.2035,0.9941,0.6784,0.3085,0.060500,2.1679,0.093200,0.031800,0.039200,0.6938,0.094000,0.002300,0.004400,0.062000,0.1966,0.051200,0.000600,0.6111,947,392688,0,2388,1337,0,0.9317,0,0,0.001300,0.008300,0,0,0,0,0,0,0,0,0,0,0,0,0,0,0,0,0,0,0,0,0,0,0
,0.013800,0.3408,2,64,0,62,0,0,13,233,24,0,454,3,0,0,12,2,0,0,0,0,0.007500,0.003200,0.3406,0.006300,0.009300,0.001000,0.8652,0.1772,0.052100,0.1306,0.001500,0.031000,0.001500,0,768,256,11229,3565.7148,15494.9102,239.1602,0.001400,2,0.000500,0.009500,0.002500,0.013100,0.2049,0,0,0.058700,0.2134,2.5520,0.067700,0.000300,0.001200,0.000300,0.000300,0.006800,0.007500,0.039700,0.005300,0.030500,0.1040,0.010800,0.006200,1.2426,0.026100,0.008000,0.036300,0.012000,0.018300,0.095800,0.012300,0.086300,0.002100,0.083200,0.008100,0.069000,0.6092,0.004800,2.3548,0.000500,0.1912,0.000900,0.000300,0.031000,0.3101,0.6019,0.025600,1.0097,0.1478,0.001800,0.010400,0.000500,0.035400,0,9.4344,8.7628,13.0955,634,16,0.2500,0,16,3.8438,1,0,0,629,1,0,115,102,13,0,-1,-1,0,-1,-1,13.9904,4.9185,0,1525.2227,1525.2227,1525.0977,95,871,551,322,0,0,0.000900,0,0,0.015300,0.080700,0.000500,0.016500,0.069700,0.040100,0.000700,0.001700,0.000100,0.001400,0.006500,0.000900,0.004300,0.023600,0.1605,0.060200,0.081900,0.1416,0.048500,0.1607,0.022200,0.098600,0.000100,0.001700,0.063300,0.008000,0.001400,0.000400,0.024200,0.006400,0.012300,0.001200,0.1436,0.027900,0.041300,0.2159,0.075600,0.001100,0.030900,0.003000,0.021300,0.022800,0.017500,8.8270,0.057800,0.006300,0.000100,0,11.0316,0,0,0,0,0,0,0,50,0,0,0,0,1,1,9,9,2,1,1,4,1,1,1,1,1,1,7,7,1,1,50,9,6,42,76,794,950,0,0,0,0,0,-100,-100,-100,-100,600,1440,107.7673,0,0,-0.000000,-1,0,0,0,1,0,13.7344,5,50,75.1289,13.7344,0,0,48.9844,0,100,0,0,0,0,0,0,0,0,0,0.4557,0.4557,1,0.4557,0.4557,16.2780,8.9635,20141,90,568,135,10873.1797,3604.6641,7254.6055,0,14477.8828,10.9556,2.1414,7.9279,10.9556,2.1414,2.9905,33.3333,6.2339,22.6848,0.000200,0.021400,0.000700,0.000600,0.001600,0.008400,0.000600,0.072600,0,0.020500,0.026800,0.038800,0.3443,0.1813,0.019400,0.005100,0.062600,0,0.047000,0.015600,0.2139,0,0.032100,0.1363,0.016200,0.088300,0.4257,0.7606,0.3675,0.057300,2.4829,0.095300,0.031700,0.039100,0.6888,0.086100,0.002000,0.002400,0.060700,0.2008,0.050100,0.000600,0.6150,924,385188,0.060000,0,0,0,0,0,0,0,0.009000,0,0,0,0,0,0,0,0,0,0,0,0,0,0,0,0,0,0,0,0,0,0,0
,0.028000,0.007200,2,57,0,55,0,0,13,233,15,0,454,3,0,0,12,2,0,0,0,0,0,0,0.3492,0.006700,0.010600,0.001000,0.9031,0.1672,0.053300,0.1299,0,0.028100,0,0,768,256,11229,3565.7148,15494.9102,239.1602,0.002400,4,0.000300,0.007700,0.002100,0.015000,0.1875,0,0,0.057300,0.2270,2.5586,0.067400,0.000200,0.001600,0.000200,0.000400,0.007100,0.006700,0.044100,0.005800,0.034600,0.1284,0.010400,0.006300,1.4589,0.028500,0.008500,0.043800,0.012100,0.019600,0.085500,0.009600,0.082700,0.002300,0.080300,0.007700,0.071100,0.6398,0.006000,2.3799,0.000400,0.2101,0.000500,0.000400,0.031500,0.3107,0.6001,0.027200,0.9312,0.1663,0.001800,0.011000,0.000400,0.036700,0.1284,8.4266,8.7628,13.0955,634,16,0.2500,0,16,3.8438,1,0,0,629,1,0,115,102,13,0,-1,-1,0,-1,-1,13.9904,4.9185,0,1525.2227,1525.2227,1525.0977,95,874,561,322,0,0,0.000800,0,0,0.015000,0.081900,0.000600,0.011400,0.066700,0.038100,0.001000,0.001800,0.000300,0.001600,0.006300,0.001100,0.003900,0.022300,0.1239,0.058500,0.078000,0.1548,0.041000,0.1846,0.022600,0.2547,0.000200,0.001700,0.059400,0.008000,0.001300,0.000400,0.024500,0.006200,0.011300,0.001300,0.1421,0.015700,0.041400,0.3980,0.069200,0.001000,0.043600,0.002300,0.036000,0.023900,0.1366,7.6464,0.061200,0.006700,0.000100,0,10.9995,0,0,0,0,0,0,0,50,0,0,0,0,1,1,9,9,2,1,1,4,1,1,1,1,1,1,7,7,1,1,50,9,6,42,76,794,950,0,0,0,0,0,-100,-100,-100,-100,600,1440,107.7673,0,0,-0.000000,-1,0,0,0,1,0,13.7344,5,50,75.1289,13.7344,0,0,48.9844,0,100,0,0,0,0,0,0,0,0,0,0.5784,0.5784,1,0.5784,0.5784,26.3888,8.9635,20141,90,568,135,10873.1719,3604.6641,7254.6055,0,14477.8438,10.1891,2.2999,7.4080,10.1891,2.2999,3.0168,33.3333,6.0456,23.1611,0.000200,0.021300,0.000600,0.000600,0.001700,0.007700,0.000600,0.073100,0,0.018400,0.027400,0.040000,0.3563,0.1940,0.019500,0.005100,0.065600,0,0.045000,0.014000,0.2151,0,0.033800,0.1349,0.014600,0.097700,0.4117,0.7047,0.2960,0.055400,2.1257,0.094200,0.030800,0.039500,0.7215,0.091200,0.002300,0.002600,0.061800,0.2048,0.050200,0.000600,0.6186,924,384738,0,0,0,0,0,0,0.004600,0,0.008400,0,0,0,0,0,0,0,0,0,0,0,0,0,0,0,0,0,0,0,0,0,0,0
,0.014000,0.080800,2,57,0,55,0,0,13,233,15,0,454,3,0,0,12,2,0,0,0,0,0.010800,0.012000,0.3392,0.006300,0.008900,0.001000,0.8463,0.2029,0.052800,0.1304,0.000700,0.029200,0,0,768,256,11229,3565.7148,15494.9102,239.1602,0,4,0.000400,0.016600,0.002100,0.015100,0.1892,0,0,0.060200,0.3256,2.4762,0.069600,0.000300,0.001300,0.000200,0.000300,0.007300,0.007800,0.047100,0.005700,0.032600,0.6947,0.011100,0.006500,0.4272,0.025300,0.007700,0.030600,0.011600,0.018900,0.094600,0.008600,0.075000,0.002300,0.078400,0.008000,0.073900,0.6826,0.006200,2.3446,0.000200,0.1868,0.000500,0.000600,0.030500,0.3109,0.8433,0.023800,1.0659,0.1647,0.002000,0.016200,0.000500,0.035400,0.2163,9.1091,8.7628,13.0955,634,16,0.2500,0,16,3.8438,1,0,0,629,1,0,115,102,13,0,-1,-1,0,-1,-1,13.9904,4.9185,0,1525.2227,1525.2227,1441.5039,95,844,535,317,0,0,0.001100,0,0,0.018300,0.078300,0.000600,0.012000,0.066300,0.038900,0.000700,0.001500,0.000400,0.001500,0.006300,0.000800,0.003700,0.021400,0.1512,0.055900,0.077500,0.1495,0.042300,0.2003,0.018200,0.050300,0.000300,0.001700,0.059900,0.008200,0.001200,0.000500,0.023100,0.006000,0.010700,0.001300,0.1289,0.012800,0.038900,0.1961,0.064100,0.001000,0.041800,0.002500,0.031000,0.022600,0.015400,8.4908,0.060000,0.006500,0.000100,0.003500,10.0720,0,0,0,0,0,0,0,50,0,0,0,0,1,1,9,9,2,1,1,4,1,1,1,1,1,1,7,7,1,1,50,9,6,42,76,794,950,0,0,0,0,0,-100,-100,-100,-100,600,1440,107.7673,0,0,-0.000000,-1,0,0,0,1,0,13.7344,5,50,75.1289,13.7344,0,0,48.9844,0,100,0,0,0,0,0,0,0,0,0,0.4233,0.4233,1,0.4233,0.4233,36.9007,8.9635,20141,90,568,135,10873.1602,3604.6641,7254.6055,0,14477.8359,10.5118,2.2467,7.4725,10.5118,2.2499,3.1640,33.3333,6.3464,22.5937,0.000200,0.021800,0.000600,0.000700,0.001700,0.007300,0.000600,0.072300,0.001000,0.019400,0.026300,0.037000,0.3444,0.1905,0.018400,0.005100,0.061400,0,0.046600,0.011900,0.2180,0.005100,0.032600,0.1382,0.015600,0.094800,0.4270,0.7609,0.3415,0.058300,3.3844,0.095300,0.030700,0.040800,0.6964,0.085900,0.001900,0.002400,0.061900,0.1967,0.050200,0.000600,0.5995,920,384104,0,0,0,0,0,0,0,0.003400,0.008300,0,0,0,0,0,0,0,0,0,0,0,0,0,0,0,0,0,0,0,0,0,0,0
,0.013500,0.005600,2,56,0,54,0,0,13,233,12,0,454,3,0,0,12,2,0,0,0,0,0.023400,0.015400,0.3348,0.005100,0.009100,0.000800,0.9362,0.2021,0.050000,0.1283,0.002400,0.029100,0,16,768,256,11229,3565.7148,15494.9102,239.1602,0.003600,5,0.000300,0.008700,0.001900,0.013700,0.2033,0,0,0.1592,0.2666,2.5124,0.061100,0.000500,0.001300,0.000200,0.000300,0.008500,0.007300,0.044500,0.008400,0.032600,0.1411,0.010900,0.006300,0.4950,0.027700,0.008600,0.026400,0.011400,0.018700,0.1271,0.011200,0.085700,0.002300,0.1239,0.008900,0.070900,0.6615,0.005100,2.3805,0.000400,0.1922,0.000600,0.000300,0.028800,0.3155,0.6055,0.025500,0.9244,0.1276,0.002500,0.009700,0.000600,0.036500,0.1861,8.7791,8.7628,13.0955,634,16,0.2500,0,16,3.8438,1,0,0,629,1,0,115,102,13,0,-1,-1,0,-1,-1,13.9904,4.9185,0,1525.2227,1525.2227,1525.0977,95,845,535,317,0,0,0.000800,0,0,0.014900,0.085200,0.000700,0.014300,0.072100,0.041300,0.000900,0.001600,0.000200,0.001600,0.006200,0.001000,0.003900,0.021700,0.1417,0.057000,0.085700,0.1525,0.042000,0.2021,0.024400,0.1714,0.000300,0.001700,0.070700,0.008500,0.001500,0.000400,0.026900,0.006800,0.012900,0.001000,0.1765,0.016500,0.042900,0.2108,0.073600,0.001100,0.042900,0.003000,0.018500,0.025600,0.019900,8.4766,0.061300,0.007300,0.000300,0,10.5810,0,0,0,0,0,0,0,50,0,0,0,0,1,1,9,9,2,1,1,4,1,1,1,1,1,1,7,7,1,1,50,9,6,42,76,794,950,0,0,0,0,0,-100,-100,-100,-100,600,1440,107.7673,0,0,-0.000000,-1,0,0,0,1,0,13.7344,5,50,75.1289,13.7344,0,0,48.9844,0,100,0,0,0,0,0,0,0,0,0,0.5453,0.5453,1,0.5453,0.5453,47.7236,8.9635,20141,90,568,135,10873.3828,3604.6641,7254.6055,0,14477.8242,10.4726,2.2628,8.3079,10.4726,2.2645,3.0561,33.3333,6.5519,22.3737,0.000600,0.021000,0.000600,0.000700,0.001600,0.021300,0.000600,0.071900,0.001100,0.019400,0.020500,0.026200,0.3805,0.1798,0.019400,0.006200,0.061400,0,0.048100,0.014600,0.072500,0.005100,0.031300,0.1442,0.016100,0.097600,0.4413,0.7809,0.3141,0.056300,2.0754,0.094200,0.030700,0.039500,0.6910,0.087100,0.001900,0.002300,0.059600,0.1956,0.050100,0.000600,0.5931,965,394354,0,0,0,0,0,0.068000,0,0.001900,0.007900,0,0,0,0,0,0,0,0,0,0,0,0,0,0,0,0,0,0,0,0,0,0,0
,0.014000,0.005300,2,73,0,71,0,0,14,233,30,0,454,3,0,0,13,2,0,0,0,0,0,0.005800,0.3900,0.005900,0.009200,0.001100,0.8741,0.1974,0.055800,0.1339,0.001000,0.028900,0.001600,1,768,256,11229,3565.7148,15494.9102,239.1602,0.001900,5,0.000400,0.008400,0.002100,0.020100,0.1902,0,0,0.064200,0.2347,2.4789,0.074500,0.000300,0.001200,0.000200,0.000400,0.009300,0.012800,0.048900,0.005700,0.035800,0.1572,0.012800,0.006700,1.6302,0.028000,0.019100,0.039200,0.011800,0.030300,0.072700,0.011000,0.066300,0.002100,0.1109,0.007500,0.066400,0.6086,0.004900,2.3803,0.000300,0.1904,0.000500,0.000300,0.029000,0.2968,0.6505,0.025600,0.9701,0.1484,0.001600,0.009600,0.000300,0.033500,0.3096,7.5216,8.7628,13.0955,634,16,0.2500,0,16,3.8438,1,0,0,629,1,0,115,102,13,0,-1,-1,0,-1,-1,13.9904,4.9185,0,1525.2227,1525.2227,1525.0977,95,845,535,317,0,0,0.001000,0,0,0.014100,0.098500,0.000600,0.011600,0.072500,0.044800,0.000900,0.001600,0.000300,0.001600,0.006200,0.001300,0.004000,0.022800,0.1412,0.055200,0.078800,0.1559,0.040300,0.1983,0.018100,0.4257,0.000300,0.001800,0.063300,0.009400,0.001300,0.000500,0.041200,0.006600,0.012500,0.001100,0.1603,0.015000,0.042100,0.2142,0.069500,0.001400,0.044900,0.002400,0.034000,0.025800,0.018100,6.8579,0.060700,0.007800,0.000100,0,10.7903,0,0,0,0,0,0,0,50,0,0,0,0,1,1,9,9,2,1,1,4,1,1,1,1,1,1,7,7,1,1,50,9,6,42,76,794,950,0,0,0,0,0,-100,-100,-100,-100,600,1440,107.7673,0,0,-0.000000,-1,0,0,0,1,0,13.7344,5,50,75.1289,13.7344,0,0,48.9844,0,100,0,0,0,0,0,0,0,0,0,0.4730,0.4730,1,0.4730,0.4730,57.1287,8.9635,20141,90,568,135,10873.3828,3604.6641,7254.6055,0,14478.0469,9.7125,2.5403,7.2515,9.7125,2.5403,3.0676,33.3333,6.5279,23.0214,0.000200,0.022600,0.000600,0.000600,0.001800,0.011600,0.000500,0.075400,0,0.018400,0.033000,0.034700,0.7914,0.3145,0.021500,0.007200,0.067300,0,0.045500,0.025800,0.066900,0.006100,0.036300,0.1797,0.028700,0.1105,0.4205,0.6981,0.3856,0.055300,2.0567,0.094200,0.030800,0.038100,0.6900,0.090200,0.001900,0.002700,0.063300,0.1977,0.050100,0.000700,0.6234,962,396648,0,0,0,0,0,0,0.007300,0,0.007500,0,0,0,0,0,0,0,0,0,0,0,0,0,0,0,0,0,0,0,0,0,0,0
,0.016300,0.007300,2,64,0,62,0,0,13,233,46,0,454,3,0,0,12,2,0,0,0,0,0.037900,0.009200,0.3286,0.005500,0.010100,0.001000,0.8643,0.1941,0.049100,0.1367,0.001000,0.028200,0,0,768,256,11229,3565.7148,15494.9102,239.1602,0.001800,5,0.000300,0.012600,0.002100,0.020000,0.2110,0,0,0.058500,0.4023,2.8239,0.062600,0.000300,0.001100,0.000200,0.000200,0.010000,0.006800,0.042800,0.004900,0.034700,0.1377,0.010400,0.006700,1.3160,0.029800,0.009600,0.040900,0.012100,0.019100,0.087800,0.010900,0.1354,0.002400,0.1134,0.008300,0.070200,0.6239,0.005300,2.3765,0.000300,0.1997,0.000600,0.000300,0.030400,0.3080,1.1171,0.026700,1.0314,0.1150,0.002400,0.010500,0.000600,0.038500,0.054400,9.1464,8.7628,13.0955,634,16,0.2500,0,16,3.8438,1,0,0,629,1,0,115,102,13,0,-1,-1,0,-1,-1,13.9904,4.9185,0,1525.2227,1525.2227,1441.5039,95,880,535,317,0,0,0.001100,0,0,0.015700,0.091400,0.000600,0.012800,0.074000,0.043800,0.001000,0.014100,0.000300,0.001600,0.018900,0.001200,0.004000,0.023600,0.1792,0.071700,0.083500,0.1689,0.049500,0.1838,0.024400,0.1206,0.000100,0.001700,0.066900,0.009500,0.001100,0.000800,0.028300,0.006200,0.014100,0.001500,0.1639,0.014700,0.046800,0.2111,0.076100,0.001100,0.055400,0.002500,0.034100,0.022100,0.017600,8.4544,0.061200,0.007300,0.000100,0,9.4477,0,0,0,0,0,0,0,50,0,0,0,0,1,1,9,9,2,1,1,4,1,1,1,1,1,1,7,7,1,1,50,9,6,42,76,794,950,0,0,0,0,0,-100,-100,-100,-100,600,1440,107.7673,0,0,-0.000000,-1,0,0,0,1,0,13.7344,5,50,75.1289,13.7344,0,0,48.9844,0,100,0,0,0,0,0,0,0,0,0,0.5121,0.5121,1,0.5121,0.5121,4.8233,8.9635,20141,90,568,135,10873.3789,3604.6641,7254.6055,0,14478.0469,10.9095,2.4018,7.4723,10.9095,2.4018,2.9608,33.3333,6.2338,23.2418,0.000600,0.022400,0.000600,0.000700,0.001800,0.007900,0.000700,0.073500,0,0.019400,0.026300,0.049500,0.3495,0.1893,0.018500,0.005100,0.063200,0,0.052000,0.023000,0.081900,0.005200,0.032700,0.1484,0.015300,0.088700,1.1978,0.7308,0.3400,0.057200,2.5055,0.097300,0.030700,0.039700,0.7013,0.079100,0.002200,0.002300,0.063400,0.1955,0.051200,0.000600,0.6000,916,384540,0,2380,1335,0,1.0281,0,0,0,0.008300,0,0,0,0,0,0,0,0,0,0,0,0,0,0,0,0,0,0,0,0,0,0,0
,0.021300,0.005500,2,57,0,55,0,0,13,233,14,0,454,3,0,0,12,2,0,0,0,0,0.010300,0.001800,0.3559,0.005200,0.009600,0.001000,0.9919,0.1960,0.055600,0.1686,0.001300,0.036700,0,2,768,256,11229,3565.7148,15494.9102,239.1602,0.002500,2,0.000400,0.009200,0.001800,0.019200,0.1967,0,0,0.063300,0.2878,2.8981,0.064800,0.000400,0.001100,0.000300,0.000200,0.007500,0.008600,0.055900,0.005400,0.032400,0.1016,0.011200,0.005500,1.3246,0.029300,0.008700,0.035900,0.011800,0.018800,0.085700,0.013100,0.073600,0.002500,0.1017,0.009300,0.068200,0.6060,0.005300,2.3858,0.000200,0.1924,0.000500,0.000300,0.029400,0.3104,0.8243,0.025200,0.9900,0.3756,0.001900,0.011600,0.000600,0.042400,0.068700,9.6131,8.7628,13.0955,634,16,0.2500,0,16,3.8438,1,0,0,629,1,0,115,102,13,0,-1,-1,0,-1,-1,13.9904,4.9185,0,1525.2227,1525.2227,1441.5039,95,880,535,317,0,0,0.001000,0,0,0.014300,0.080400,0.000500,0.011800,0.076800,0.046600,0.000900,0.002000,0.000400,0.001500,0.007000,0.001100,0.004200,0.023900,0.1744,0.061200,0.086900,0.2153,0.040800,0.1841,0.020800,0.062400,0.000300,0.001500,0.065200,0.008100,0.001100,0.000500,0.039800,0.007000,0.012600,0.001200,0.1658,0.015500,0.056600,0.8152,0.066300,0.001200,0.023000,0.003200,0.017900,0.025000,0.022400,8.4349,0.068400,0.007100,0.000200,0,10.8690,0,0,0,0,0,0,0,50,0,0,0,0,1,1,9,9,2,1,1,4,1,1,1,1,1,1,7,7,1,1,50,9,6,42,76,794,950,0,0,0,0,0,-100,-100,-100,-100,600,1440,107.7673,0,0,-0.000000,-1,0,0,0,1,0,13.7344,5,50,75.1289,13.7344,0,0,48.9844,0,100,0,0,0,0,0,0,0,0,0,0.4170,0.4170,1,0.4170,0.4170,16.1813,8.9635,20141,90,568,135,10873.3008,3604.6641,7254.6055,0,14478.0430,11.3008,2.3586,8.0785,11.3008,2.3597,2.9078,33.3333,6.0795,22.8577,0.000300,0.019800,0.000800,0.000700,0.001400,0.008700,0.000600,0.072400,0.001100,0.019500,0.019800,0.031700,0.3578,0.3203,0.018400,0.007200,0.065100,0,0.045000,0.021400,0.089700,0.006100,0.032600,0.1344,0.015600,0.1020,0.4231,0.6946,0.3927,0.057300,2.0562,0.093200,0.031700,0.039600,0.6909,0.085600,0.002000,0.002200,0.061100,0.1966,0.049200,0.000600,0.5947,1049,397990,0,0,0,0,0,0,0,0.001200,0.007800,0,0,0,0,0,0,0,0,0,0,0,0,0,0,0,0,0,0,0,0,0,0,0
,0.017100,0.062200,2,60,0,58,0,0,13,233,28,0,454,3,0,0,12,2,0,0,0,0,0.010500,0.011200,0.3368,0.005700,0.010000,0.001000,0.8494,0.1784,0.056600,0.1254,0.001300,0.049300,0.002300,1,768,256,11229,3565.7148,15494.9102,239.1602,0.002300,8,0.000100,0.009100,0.002200,0.019300,0.1835,0,0,0.073700,0.2243,2.9060,0.066000,0.000300,0.001200,0.000200,0.000300,0.006200,0.008200,0.042400,0.005100,0.030900,0.1465,0.011100,0.005600,1.5414,0.029600,0.009100,0.039100,0.011700,0.019500,0.1155,0.012300,0.081800,0.002200,0.1003,0.008300,0.070200,0.6507,0.004800,2.4008,0.000300,0.2227,0.000700,0.000400,0.030300,0.3081,0.8028,0.026300,1.2739,0.1431,0.002100,0.011300,0.000500,0.035000,0,9.5354,8.7628,13.0955,634,16,0.2500,0,16,3.8438,1,0,0,629,1,0,115,102,13,0,-1,-1,0,-1,-1,13.9904,4.9185,0,1525.2227,1525.2227,1525.0977,95,880,535,317,0,0,0.001000,0,0,0.014500,0.080900,0.000400,0.012100,0.068800,0.041100,0.000900,0.001700,0.000300,0.009700,0.014700,0.001000,0.004000,0.034000,0.1492,0.055200,0.081900,0.1594,0.035800,0.1634,0.020700,0.1174,0.000200,0.001800,0.062300,0.008900,0.001100,0.000500,0.024300,0.006600,0.012400,0.001100,0.1391,0.014800,0.039500,0.2031,0.068400,0.001400,0.030300,0.002900,0.033700,0.021800,0.016800,9.3398,0.056600,0.006700,0.000100,0,11.3503,0,0,0,0,0,0,0,50,0,0,0,0,1,1,9,9,2,1,1,4,1,1,1,1,1,1,7,7,1,1,50,9,6,42,76,794,950,0,0,0,0,0,-100,-100,-100,-100,600,1440,107.7673,0,0,-0.000000,-1,0,0,0,1,0,13.7344,5,50,75.1289,13.7344,0,0,48.9844,0,100,0,0,0,0,0,0,0,0,0,0.4499,0.4499,1,0.4499,0.4499,27.6955,8.9635,20141,90,568,135,10873.2852,3604.6641,7254.6055,0,14477.9648,11.2013,2.8186,7.2345,11.2013,2.8197,3.0616,33.3333,6.1810,22.2286,0.000200,0.017700,0.000600,0.000700,0.001600,0.008500,0.000500,0.073100,0,0.018500,0.021200,0.026600,0.8010,0.2994,0.026600,0.007200,0.065700,0.001000,0.044500,0.008500,0.084300,0.005200,0.042600,0.1915,0.017700,0.1059,0.4255,0.6997,0.3864,0.056400,2.0801,0.094200,0.030700,0.037900,0.6882,0.1001,0.002100,0.002700,0.062900,0.1966,0.050200,0.000600,0.6235,1067,397286,0.053000,0,0,0,0,0,0.005000,0.001300,0.008100,0,0,0,0,0,0,0,0,0,0,0,0,0,0,0,0,0,0,0,0,0,0,0
,0.016200,0.006200,2,64,0,62,0,0,13,233,30,0,454,3,0,0,12,2,0,0,0,0,0,0,0.3451,0.007400,0.009500,0.001100,0.8759,0.2168,0.055700,0.1492,0.000900,0.036800,0,1,768,256,11229,3565.7148,15494.9102,239.1602,0.001500,0,0.000100,0.008300,0.001900,0.018700,0.1800,0,0,0.074600,0.2420,2.9318,0.069800,0.000200,0.001100,0.000200,0.000200,0.007300,0.007100,0.047000,0.005700,0.031500,0.1028,0.010300,0.006100,1.4436,0.030500,0.008800,0.030600,0.012600,0.019700,0.083000,0.009200,0.068100,0.002300,0.1042,0.009000,0.067800,0.6901,0.005500,2.5190,0.000400,0.2160,0.000700,0.000400,0.032900,0.3078,0.8290,0.026900,0.9870,0.1418,0.002100,0.009800,0.000500,0.035800,0.2267,8.4416,8.7628,13.0955,634,16,0.2500,0,16,3.8438,1,0,0,629,1,0,115,102,13,0,-1,-1,0,-1,-1,13.9904,4.9185,0,1525.2227,1525.2227,1525.0977,95,880,535,317,0,0,0.001000,0,0,0.015500,0.081800,0.000700,0.012900,0.072300,0.040300,0.000700,0.001400,0.000300,0.001600,0.006400,0.001000,0.003800,0.022800,0.1560,0.056600,0.078200,0.1735,0.042600,0.2884,0.018500,0.9407,0.000300,0.006200,0.067200,0.010100,0.001300,0.000700,0.028600,0.006300,0.013100,0.001300,0.1523,0.015400,0.045800,0.2094,0.085700,0.001400,0.051500,0.002400,0.034100,0.022900,0.021300,7.8050,0.072500,0.007300,0.000100,0.002600,11.5466,0,0,0,0,0,0,0,50,0,0,0,0,1,1,9,9,2,1,1,4,1,1,1,1,1,1,7,7,1,1,50,9,6,42,76,794,950,0,0,0,0,0,-100,-100,-100,-100,600,1440,107.7673,0,0,-0.000000,-1,0,0,0,1,0,13.7344,5,50,75.1289,13.7344,0,0,48.9844,0,100,0,0,0,0,0,0,0,0,0,1.3951,1.3951,1,1.3951,1.3951,38.7718,8.9635,20141,90,568,135,10873.2773,3604.6641,7254.6055,0,14477.9492,11.4269,3.1857,7.4729,11.4269,3.1857,3.0946,33.3333,5.4477,22.9014,0.000200,0.021600,0.000600,0.000600,0.001700,0.007500,0.000700,0.072400,0,0.021500,0.028400,0.039000,0.3591,0.1888,0.019500,0.006100,0.066400,0.001000,0.045500,0.010600,0.086000,0.005200,0.031800,0.1370,0.015900,0.091500,0.8839,0.7368,0.3561,0.058300,3.1110,0.097300,0.034800,0.041800,0.6867,0.096300,0.002100,0.002300,0.061300,0.1985,0.050200,0.000600,0.6412,1024,391236,0,0,0,0,0,0,0,0,0.008900,0,0,0,0,0,0,0,0,0,0,0,0,0,0,0,0,0,0,0,0,0,0,0
,0.019700,0.006700,2,57,0,55,0,0,13,233,13,0,454,3,0,0,12,2,0,0,0,0,0.008900,0.004000,0.3420,0.005500,0.009900,0.001100,0.8805,0.1777,0.057800,0.1310,0,0.028500,0,0,768,256,11229,3565.7148,15494.9102,239.1602,0,1,0,0.008700,0.002500,0.019500,0.1792,0,0,0.060500,0.3091,2.9916,0.064800,0.000400,0.001400,0.000300,0.000500,0.007000,0.008400,0.046500,0.005700,0.032500,0.1318,0.010500,0.006300,1.2337,0.026500,0.008700,0.033600,0.012700,0.018800,0.090500,0.013000,0.072200,0.002400,0.1035,0.016800,0.070800,0.6420,0.004900,2.3169,0.000400,0.1902,0.000600,0.000500,0.030700,0.3773,0.8486,0.025100,0.9671,0.1727,0.002100,0.010200,0.000700,0.036800,0.1017,9.8772,8.7628,13.0955,634,16,0.2500,0,16,3.8438,1,0,0,629,1,0,115,102,13,0,-1,-1,0,-1,-1,13.9904,4.9185,0,1525.2227,1525.2227,1525.0977,95,885,535,317,0,0,0.001100,0,0,0.016100,0.078500,0.000500,0.012100,0.066600,0.036600,0.001000,0.001600,0.000400,0.001600,0.006300,0.001200,0.004000,0.021200,0.1722,0.053100,0.080100,0.1555,0.055500,0.1592,0.026500,0.1030,0.000200,0.001500,0.062400,0.008800,0.001300,0.000500,0.024400,0.006100,0.011900,0.001100,0.1385,0.014800,0.042400,0.1956,0.068800,0.001000,0.038900,0.002600,0.017400,0.023100,0.017500,9.2226,0.061900,0.010500,0.000100,0,11.0414,0,0,0,0,0,0,0,50,0,0,0,0,1,1,9,9,2,1,1,4,1,1,1,1,1,1,7,7,1,1,50,9,6,42,76,794,950,0,0,0,0,0,-100,-100,-100,-100,600,1440,107.7673,0,0,-0.000000,-1,0,0,0,1,0,13.7344,5,50,75.1289,13.7344,0,0,48.9844,0,100,0,0,0,0,0,0,0,0,0,0.4625,0.4625,1,0.4625,0.4625,50.1718,8.9635,20141,90,568,135,10873.2773,3604.6641,7254.6055,0,14477.9414,11.4187,2.2463,8.3885,11.4187,2.2463,2.8070,33.3333,5.9296,22.1518,0.000200,0.022200,0.000600,0.000600,0.001600,0.008100,0.000600,0.072800,0,0.020600,0.025400,0.035700,0.3437,0.1925,0.019500,0.006100,0.066800,0,0.044700,0.009100,0.086400,0.005100,0.031900,0.1329,0.015400,0.088000,0.4285,0.7203,0.3335,0.056200,2.4710,0.095200,0.031800,0.039400,0.6920,0.088100,0.001900,0.002700,0.059100,0.1964,0.050200,0.000600,0.6079,1098,408072,0,0,0,0,0,0,0.008600,0,0.008200,0,0,0,0,0,0,0,0,0,0,0,0,0,0,0,0,0,0,0,0,0,0,0
,0.021900,0.029000,2,76,0,74,0,0,14,233,46,0,454,3,0,0,13,2,0,0,0,0,0.013200,0.009000,0.3435,0.004400,0.009600,0.001000,0.8952,0.2048,0.055000,0.1374,0.001700,0.026500,0.001200,0,768,256,11229,3565.7148,15494.9102,239.1602,0.003200,3,0.000100,0.010200,0.002200,0.020700,0.1873,0,0,0.060900,0.2483,3.2407,0.072000,0.000200,0.001400,0.000200,0.000200,0.006800,0.007100,0.052700,0.005800,0.033000,0.1063,0.012700,0.006200,1.5116,0.028200,0.009200,0.040100,0.012000,0.019600,0.072400,0.009300,0.074300,0.002000,0.078100,0.009800,0.079700,0.6043,0.005400,2.3348,0.000200,0.1992,0.000400,0.000300,0.030600,0.3048,0.7495,0.025200,0.9254,0.1892,0.001800,0.010100,0.000400,0.037800,0.3436,9.4684,8.7628,13.0955,634,16,0.2500,0,16,3.8438,1,0,0,629,1,0,115,102,13,0,-1,-1,0,-1,-1,13.9904,4.9185,0,1525.2227,1525.2227,1525.0977,95,908,561,322,0,0,0.000800,0,0,0.016200,0.079500,0.000500,0.017900,0.071100,0.042400,0.001000,0.001600,0.000100,0.001300,0.006100,0.001000,0.004000,0.022500,0.1733,0.059300,0.082600,0.1516,0.042400,0.1965,0.021700,0.1550,0.000300,0.001700,0.064200,0.008200,0.001300,0.000400,0.026300,0.006400,0.012600,0.001200,0.1401,0.014600,0.040400,0.2023,0.068600,0.001300,0.038900,0.003000,0.032200,0.022700,0.016900,8.8889,0.063100,0.006700,0.000100,0,11.3341,0,0,0,0,0,0,0,50,0,0,0,0,1,1,9,9,2,1,1,4,1,1,1,1,1,1,7,7,1,1,50,9,6,42,76,794,950,0,0,0,0,0,-100,-100,-100,-100,600,1440,107.7673,0,0,-0.000000,-1,0,0,0,1,0,13.7344,5,50,75.1289,13.7344,0,0,48.9844,0,100,0,0,0,0,0,0,0,0,0,0.5527,0.5527,1,0.5527,0.5527,61.2709,8.9635,20141,90,568,135,10873.2109,3604.6641,7254.6055,0,14477.9414,11.0566,2.2086,7.2531,11.0566,2.2086,3.0212,33.3333,5.9768,23.2560,0.000200,0.022700,0.000500,0.000600,0.001600,0.013800,0.000600,0.074500,0.001100,0.017300,0.027600,0.034000,0.3507,0.2170,0.019400,0.006200,0.067400,0,0.044100,0.019200,0.091000,0.006200,0.032000,0.1435,0.016700,0.095700,0.4269,0.7563,0.3318,0.055400,2.4838,0.094200,0.031700,0.037900,0.7000,0.085100,0.002100,0.002500,0.061200,0.1977,0.049100,0.000600,0.6687,1049,400188,0,0,0,0,0,0,0,0,0.007700,0,0,0,0,0,0,0,0,0,0,0,0,0,0,0,0,0,0,0,0,0,0,0
,0.013500,0.080700,2,63,0,61,0,0,13,233,28,0,454,3,0,0,12,2,0,0,0,0,0.018000,0.010600,0.3426,0.005400,0.009700,0.001000,0.8633,0.2021,0.052100,0.1271,0.001300,0.034500,0,1,768,256,11229,3565.7148,15494.9102,239.1602,0.001800,5,0.000300,0.014600,0.002200,0.012800,0.2127,0,0,0.064000,0.2867,2.6976,0.063500,0.000200,0.001200,0.000200,0.000400,0.006700,0.007200,0.040300,0.005800,0.033600,0.1688,0.010400,0.005600,1.2531,0.033000,0.010700,0.034500,0.011500,0.020200,0.087200,0.011000,0.086200,0.002100,0.079700,0.008200,0.074600,0.6135,0.005200,2.5217,0.000400,0.2133,0.000700,0.000600,0.034200,0.3226,0.7395,0.030900,0.9825,0.1668,0.002000,0.010400,0.000600,0.042000,0.090800,9.8915,8.7628,13.0955,634,16,0.2500,0,16,3.8438,1,0,0,629,1,0,115,102,13,0,-1,-1,0,-1,-1,13.9904,4.9185,0,1525.2227,1525.2227,1525.0977,95,873,561,322,0,0,0.001000,0,0,0.015600,0.082000,0.000600,0.012100,0.070000,0.042300,0.001200,0.001600,0.000500,0.001600,0.006600,0.000900,0.004000,0.024500,0.2124,0.058500,0.079400,0.1604,0.039900,0.1815,0.022300,0.1135,0.000200,0.001400,0.061700,0.008200,0.001200,0.001000,0.024200,0.005900,0.012000,0.001100,0.1320,0.013000,0.039500,0.2059,0.070400,0.001300,0.041700,0.002400,0.032900,0.022500,0.016300,9.6900,0.061400,0.006100,0.000100,0,11.1081,0,0,0,0,0,0,0,50,0,0,0,0,1,1,9,9,2,1,1,4,1,1,1,1,1,1,7,7,1,1,50,9,6,42,76,794,950,0,0,0,0,0,-100,-100,-100,-100,600,1440,107.7673,0,0,-0.000000,-1,0,0,0,1,0,13.7344,5,50,75.1289,13.7344,0,0,48.9844,0,100,0,0,0,0,0,0,0,0,0,0.5241,0.5241,1,0.5241,0.5241,8.9846,8.9635,20141,90,568,135,10872.8711,3604.6641,7254.6055,0,14477.8750,11.5359,2.1967,7.2984,11.5359,2.1967,3.1423,33.3333,6.2248,23.3580,0.000200,0.022600,0.000600,0.000700,0.001700,0.007400,0.000600,0.073400,0,0.019500,0.029400,0.038800,0.3417,0.1883,0.019400,0.006200,0.065500,0,0.046000,0.012300,0.1837,0.006100,0.032000,0.1381,0.015600,0.090000,0.4283,0.7043,0.3111,0.055300,2.6452,0.5294,0.030700,0.039100,0.6946,0.082900,0.001800,0.002500,0.062400,0.1987,0.050100,0.000600,0.6133,1073,400460,0,2345,1318,0,1.0305,0,0.002000,0,0.007900,0,0,0,0,0,0,0,0,0,0,0,0,0,0,0,0,0,0,0,0,0,0,0
,0.074500,0.018100,2,73,0,71,0,0,14,233,29,0,454,3,0,0,13,2,0,0,0,0,0,0.001500,0.3782,0.006400,0.010900,0.001300,0.9346,0.2154,0.058300,0.1474,0.001400,0.034600,0,1,768,256,11229,3565.7148,15494.9102,239.1602,0.001900,2,0.000100,0.010400,0.002200,0.017100,0.1787,0,0,0.081400,0.2515,2.6298,0.067700,0.000300,0.001200,0.000300,0.000300,0.006700,0.007100,0.043900,0.005600,0.032300,0.1255,0.011400,0.006400,1.6160,0.028200,0.009600,0.034900,0.011500,0.019600,0.088000,0.009800,0.075900,0.002100,0.084700,0.007900,0.069000,0.5937,0.004800,2.3834,0.000200,0.1837,0.001100,0.000400,0.030200,0.3051,0.6042,0.024400,0.9265,0.2222,0.002400,0.010600,0.000500,0.037700,0.3325,8.9522,8.7628,13.0955,634,16,0.2500,0,16,3.8438,1,0,0,629,1,0,115,102,13,0,-1,-1,0,-1,-1,13.9904,4.9185,0,1525.2227,1525.2227,1525.0977,95,870,551,322,0,0,0.001100,0,0,0.015400,0.082900,0.000700,0.011300,0.067800,0.039600,0.000900,0.001400,0.000300,0.001400,0.005800,0.000800,0.003900,0.022100,0.1679,0.059700,0.075600,0.1495,0.042000,0.2041,0.019600,0.070600,0.000200,0.002000,0.065100,0.008800,0.001500,0.000600,0.025900,0.006400,0.011900,0.001600,0.1420,0.015500,0.041400,0.2095,0.067000,0.001100,0.043200,0.002200,0.019200,0.023400,0.025300,8.3051,0.079400,0.006400,0.000100,0,11.8846,0,0,0,0,0,0,0,50,0,0,0,0,1,1,9,9,2,1,1,4,1,1,1,1,1,1,7,7,1,1,50,9,6,42,76,794,950,0,0,0,0,0,-100,-100,-100,-100,600,1440,107.7673,0,0,-0.000000,-1,0,0,0,1,0,13.7344,5,50,75.1289,13.7344,0,0,48.9844,0,100,0,0,0,0,0,0,0,0,0,0.4614,0.4614,1,0.4614,0.4614,19.4434,8.9635,20141,90,568,135,10872.7656,3604.7266,7254.6055,0,14477.5977,10.7989,2.1134,8.1944,10.7989,2.1134,2.9883,33.3333,6.0023,22.5153,0.000200,0.022000,0.000600,0.000700,0.001900,0.007100,0.000600,0.073100,0.001000,0.018500,0.027200,0.040600,0.3552,0.1984,0.019500,0.005100,0.062300,0,0.046200,0.011300,0.2218,0.005100,0.031700,0.1327,0.016000,0.089100,0.4244,0.7549,0.3473,0.057400,2.4291,0.094200,0.030700,0.039500,0.6859,0.097800,0.002000,0.002400,0.062100,0.1965,0.050200,0.000600,0.5982,924,385338,0,0,0,0,0,0,0,0,0.008100,0,0,0,0,0,0,0,0,0,0,0,0,0,0,0,0,0,0,0,0,0,0,0
,0.097000,0.011800,2,57,0,55,0,0,13,233,12,0,454,3,0,0,12,2,0,0,0,0,0.008900,0.001900,0.3648,0.005200,0.009500,0.000800,0.9085,0.1757,0.058200,0.1435,0.001200,0.037200,0,0,768,256,11229,3565.7148,15494.9102,239.1602,0.001400,6,0.000100,0.009100,0.002800,0.015100,0.1977,0,0,0.070600,0.2800,2.6304,0.086700,0.000300,0.001300,0.000200,0.000200,0.006900,0.008000,0.045400,0.005600,0.035400,0.1165,0.013900,0.006300,1.8368,0.027600,0.007500,0.033800,0.012000,0.018600,0.093100,0.008500,0.076800,0.002600,0.079700,0.009200,0.070300,0.5999,0.004700,2.3066,0.000200,0.1804,0.000600,0.000300,0.028800,0.3095,0.6841,0.024600,0.8474,0.1430,0.001900,0.009400,0.000600,0.033200,0.2925,9.3619,8.7628,13.0955,634,16,0.2500,0,16,3.8438,1,0,0,629,1,0,115,102,13,0,-1,-1,0,-1,-1,13.9904,4.9185,0,1525.2227,1525.2227,1525.0977,95,870,551,322,0,0,0.001100,0,0,0.015200,0.080600,0.000700,0.013200,0.067100,0.040700,0.000800,0.001700,0.000300,0.001500,0.006000,0.001100,0.004000,0.022600,0.1684,0.057700,0.079600,0.1554,0.041700,0.1639,0.022900,0.1320,0.000200,0.001600,0.060300,0.007800,0.001500,0.000400,0.023900,0.006200,0.011200,0.001000,0.1287,0.013500,0.037600,0.2176,0.064000,0.001200,0.025200,0.003000,0.046400,0.022400,0.018000,8.7699,0.059900,0.006500,0.000200,0,10.5329,0,0,0,0,0,0,0,50,0,0,0,0,1,1,9,9,2,1,1,4,1,1,1,1,1,1,7,7,1,1,50,9,6,42,76,794,950,0,0,0,0,0,-100,-100,-100,-100,600,1440,107.7673,0,0,-0.000000,-1,0,0,0,1,0,13.7344,5,50,75.1289,13.7344,0,0,48.9844,0,100,0,0,0,0,0,0,0,0,0,0.4897,0.4897,1,0.4897,0.4897,30.4052,8.9635,20141,90,568,135,10871.0859,3604.7305,7254.6055,0,14477.4961,10.9911,2.2446,7.3945,10.9911,2.2459,3.0440,33.3333,6.0296,23.1490,0.000200,0.022100,0.000600,0.000600,0.001600,0.013800,0.000700,0.072200,0.001000,0.019400,0.026800,0.035100,0.3410,0.1875,0.021500,0.005100,0.066200,0,0.043700,0.011300,0.2160,0,0.032500,0.1367,0.015000,0.089300,0.4274,0.7025,0.3680,0.055400,2.4801,0.095200,0.034800,0.039700,0.6898,0.085500,0.002000,0.002600,0.060700,0.1976,0.050200,0.000800,0.6452,924,385188,0,0,0,0,0,0,0.002700,0.001500,0.009700,0,0,0,0,0,0,0,0,0,0,0,0,0,0,0,0,0,0,0,0,0,0,0
,0.019500,0.006100,2,57,0,55,0,0,13,233,15,0,454,3,0,0,12,2,0,0,0,0,0.021200,0.014000,0.3427,0.005300,0.008300,0.001100,0.8663,0.2290,0.061600,0.1288,0.001100,0.045700,0.002700,0,768,256,11229,3565.7148,15494.9102,239.1602,0.002200,6,0.000100,0.007400,0.001500,0.013200,0.1944,0,0,0.054600,0.2275,2.9008,0.075500,0.000200,0.001100,0.000200,0.000200,0.006300,0.006600,0.044900,0.004900,0.033200,0.1750,0.013300,0.006600,1.4583,0.028100,0.008500,0.039700,0.012200,0.018800,0.077400,0.008500,0.064000,0.002000,0.080000,0.017300,0.070500,0.6063,0.004800,2.3703,0.000400,0.1902,0.000700,0.000300,0.031000,0.3014,0.7865,0.026300,0.9110,0.1153,0.002000,0.010100,0.000600,0.037800,0.3753,9.2033,8.7628,13.0955,634,16,0.2500,0,16,3.8438,1,0,0,629,1,0,115,102,13,0,-1,-1,0,-1,-1,13.9904,4.9185,0,1525.2227,1525.2227,1525.0977,95,879,535,318,0,0,0.000800,0,0,0.015900,0.082900,0.000400,0.011100,0.074000,0.055100,0.001300,0.001500,0.000300,0.001800,0.006300,0.001000,0.004400,0.037900,0.1568,0.057200,0.087900,0.1471,0.044900,0.2161,0.033800,0.1385,0.000500,0.001700,0.064300,0.008900,0.001300,0.000700,0.027500,0.006500,0.012600,0.001000,0.1362,0.014100,0.038700,0.2039,0.066100,0.000900,0.031100,0.002000,0.031200,0.023600,0.016800,8.7227,0.1099,0.006300,0.000100,0,11.0158,0,0,0,0,0,0,0,50,0,0,0,0,1,1,9,9,2,1,1,4,1,1,1,1,1,1,7,7,1,1,50,9,6,42,76,794,950,0,0,0,0,0,-100,-100,-100,-100,600,1440,107.7673,0,0,-0.000000,-1,0,0,0,1,0,13.7344,5,50,75.1289,13.7344,0,0,48.9844,0,100,0,0,0,0,0,0,0,0,0,0.5613,0.5613,1,0.5613,0.5613,41.5319,8.9635,20141,90,568,135,10871.0859,3604.7344,7254.6055,0,14475.8203,11.0138,2.3533,7.3264,11.0138,2.3552,3.0403,33.3333,5.4110,23.7483,0.000200,0.022300,0.000600,0.000700,0.001700,0.007700,0.000800,0.073600,0,0.022600,0.029800,0.038400,0.3573,0.1878,0.019400,0.005200,0.065000,0.001100,0.046600,0.011600,0.2186,0,0.032600,0.1362,0.015500,0.088400,0.4286,0.6921,0.3697,0.058400,3.0978,0.099300,0.033800,0.039700,0.6893,0.064700,0.001900,0.002600,0.061600,0.1976,0.050200,0.000600,0.6134,919,385128,0.050300,0,0,0,0,0,0,0.002000,0.008800,0,300000,0,0,0,0,0.8000,50000,1,0,0,0,0,0,0,0,0,0,0,0,0,0,0
,0.019500,0.006600,2,57,0,55,0,0,13,233,10,0,454,3,0,0,12,2,0,0,0,0,0.009100,0.006800,0.3265,0.005900,0.009500,0.000900,0.8433,0.1870,0.053300,0.1326,0.001200,0.024700,0,1,768,256,11229,3565.7148,15494.9102,239.1602,0.001400,4,0.000100,0.008200,0.001900,0.013600,0.1866,0,0,0.060800,0.4337,2.8440,0.070900,0.000300,0.001200,0.000200,0.000200,0.007000,0.007700,0.046200,0.005400,0.031300,0.1256,0.011200,0.006400,0.6981,0.042200,0.009300,0.025100,0.011400,0.019200,0.085100,0.011000,0.072800,0.002500,0.071800,0.007700,0.068600,0.5955,0.004800,2.6665,0.000500,0.2132,0.000700,0.000400,0.031700,0.3126,0.9886,0.025900,0.9851,0.1989,0.001900,0.013500,0.000400,0.040600,0.3694,9.4285,8.7628,13.0955,634,16,0.2500,0,16,3.8438,1,0,0,629,1,0,115,102,13,0,-1,-1,0,-1,-1,13.9904,4.9185,0,1525.2227,1525.2227,1441.5039,95,879,535,318,0,0,0.001200,0,0,0.016800,0.081400,0.000700,0.014000,0.070400,0.043400,0.001000,0.001800,0.000100,0.001700,0.006600,0.001200,0.003900,0.023100,0.1455,0.071000,0.077000,0.1700,0.055900,0.1581,0.019100,0.1449,0.000300,0.001600,0.062600,0.008500,0.001200,0.000500,0.026800,0.006200,0.012500,0.001300,0.1440,0.016300,0.041100,0.1936,0.069300,0.001200,0.043400,0.002500,0.017000,0.023100,0.017000,8.7975,0.057400,0.007100,0.000100,0,11.0716,0,0,0,0,0,0,0,50,0,0,0,0,1,1,9,9,2,1,1,4,1,1,1,1,1,1,7,7,1,1,50,9,6,42,76,794,950,0,0,0,0,0,-100,-100,-100,-100,600,1440,107.7673,0,0,-0.000000,-1,0,0,0,1,0,13.7344,5,50,75.1289,13.7344,0,0,48.9844,0,100,0,0,0,0,0,0,0,0,0,0.4570,0.4570,1,0.4570,0.4570,52.5769,8.9635,20141,90,568,135,10871.0859,3604.7500,7255.1055,0,14475.8359,11.1723,2.2761,8.0459,11.1723,2.2761,2.8465,33.3333,5.2008,23.9651,0.000600,0.022000,0.000600,0.000600,0.001700,0.007900,0.000600,0.073100,0,0.016500,0.028000,0.036500,0.3376,0.3161,0.020500,0.006100,0.061900,0,0.047100,0.017000,0.1008,0.005100,0.033000,0.1372,0.015500,0.090700,0.4319,0.6938,0.3927,0.056300,2.0621,0.092200,0.031700,0.039500,0.6997,0.083800,0.002200,0.002500,0.059300,0.1966,0.050100,0.000600,0.6087,1046,405998,0,0,0,0,0,0.055400,0,0,0.021000,0,0,0,0,0,0,0,0,0,0,0,0,0,0,0,0,0,0,0,0,0,0,0
,0.4272,0.008700,2,64,0,62,0,0,13,233,39,0,454,3,0,0,12,2,0,0,0,0,0.010400,0.004100,0.3469,0.006500,0.009300,0.001000,0.8871,0.2180,0.053800,0.1369,0.000900,0.044300,0.013600,0,768,256,11229,3565.7148,15494.9102,239.1602,0.002500,5,0.000300,0.007700,0.002000,0.013900,0.1780,0,0,0.066700,0.2393,2.8585,0.065900,0.000200,0.001400,0.000400,0.000300,0.006900,0.007800,0.043000,0.005400,0.031600,0.1087,0.011200,0.006100,1.5822,0.030800,0.009000,0.037900,0.012400,0.019500,0.097200,0.008700,0.066700,0.002100,0.080300,0.008900,0.066900,0.5965,0.004700,2.3391,0.000400,0.1950,0.000500,0.000400,0.028100,0.3091,0.7244,0.023800,0.9451,0.1542,0.001800,0.009400,0.000500,0.035600,0,9.6389,8.7628,13.0955,634,16,0.2500,0,16,3.8438,1,0,0,629,1,0,115,102,13,0,-1,-1,0,-1,-1,13.9904,4.9185,0,1525.2227,1525.2227,1525.0977,95,880,535,318,0,0,0.001100,0,0,0.015600,0.099300,0.000700,0.013200,0.068800,0.040100,0.000800,0.001700,0.000300,0.001400,0.006600,0.001000,0.003900,0.021300,0.1379,0.054600,0.076900,0.1577,0.040900,0.2102,0.019700,0.084600,0.000300,0.001800,0.063200,0.007800,0.001300,0.000300,0.028100,0.006600,0.012000,0.001000,0.1393,0.016200,0.041600,0.2098,0.072400,0.001200,0.045400,0.002200,0.035600,0.026300,0.016400,9.0040,0.061000,0.006300,0.000100,0,11.0400,0,0,0,0,0,0,0,50,0,0,0,0,1,1,9,9,2,1,1,4,1,1,1,1,1,1,7,7,1,1,50,9,6,42,76,794,950,0,0,0,0,0,-100,-100,-100,-100,600,1440,107.7673,0,0,-0.000000,-1,0,0,0,1,0,13.7344,5,50,75.1289,13.7344,0,0,48.9844,0,100,0,0,0,0,0,0,0,0,0,0.4464,0.4464,1,0.4464,0.4464,63.7977,8.9635,20141,90,568,135,10871.0859,3604.7500,7255.1055,0,14475.8359,11.1836,2.1758,7.2418,11.1836,2.1769,2.9274,33.3333,5.5735,23.7228,0.000200,0.022300,0.000500,0.000600,0.001700,0.007100,0.000600,0.073600,0.001000,0.028700,0.027400,0.040300,0.7857,0.1886,0.021500,0.006100,0.065900,0,0.045900,0.014300,0.081800,0.005100,0.034600,0.1360,0.015800,0.089100,0.4298,0.7155,0.3466,0.056100,2.5192,0.095300,0.030700,0.038900,0.6886,0.076400,0.002000,0.002500,0.059200,0.1987,0.050200,0.000700,0.6261,1025,390540,0,0,0,0,0,0,0,0.001300,0.008800,0,0,0,0,0,0,0,0,0,0,0,0,0,0,0,0,0,0,0,0,0,0,0
,0.021000,0.005300,2,57,0,55,0,0,13,233,16,0,454,3,0,0,12,2,0,0,0,0,0.009600,0.015300,0.3589,0.006800,0.009500,0.001100,0.8576,0.1757,0.048300,0.1220,0.001000,0.032300,0.004300,0,768,256,11229,3565.7148,15494.9102,239.1602,0.001500,3,0.000200,0.008400,0.002000,0.014400,0.2358,0,0,0.063600,0.2466,2.9275,0.067400,0.000200,0.001100,0.000300,0.000200,0.006400,0.007300,0.042700,0.005200,0.032400,0.1386,0.011900,0.006900,1.2553,0.027200,0.008700,0.031700,0.011100,0.018400,0.099900,0.010300,0.078300,0.002100,0.084600,0.007900,0.067600,0.7023,0.005800,2.3845,0.000300,0.1882,0.000400,0.000200,0.030700,0.3097,0.7329,0.026900,0.9325,0.1502,0.002300,0.009700,0.000600,0.037900,0.3344,9.1134,8.7628,13.0955,634,16,0.2500,0,16,3.8438,1,0,0,629,1,0,115,102,13,0,-1,-1,0,-1,-1,13.9904,4.9185,0,1525.2227,1525.2227,1525.0977,95,880,535,318,0,0,0.000900,0,0,0.015700,0.078700,0.000600,0.011700,0.074900,0.053100,0.001000,0.001900,0.000200,0.001600,0.006700,0.001200,0.004700,0.027200,0.1640,0.066400,0.077700,0.1609,0.046200,0.1626,0.024400,0.1164,0.000300,0.005400,0.065500,0.008600,0.001600,0.000700,0.027300,0.006500,0.012800,0.001100,0.1441,0.014500,0.041600,0.2064,0.069900,0.001200,0.039900,0.002700,0.032900,0.021900,0.018600,8.5576,0.056800,0.006300,0.000100,0,11.2785,0,0,0,0,0,0,0,50,0,0,0,0,1,1,9,9,2,1,1,4,1,1,1,1,1,1,7,7,1,1,50,9,6,42,76,794,950,0,0,0,0,0,-100,-100,-100,-100,600,1440,107.7673,0,0,-0.000000,-1,0,0,0,1,0,13.7344,5,50,75.1289,13.7344,0,0,48.9844,0,100,0,0,0,0,0,0,0,0,0,0.4676,0.4676,1,0.4676,0.4676,11.4057,8.9635,20141,90,568,135,10871.0859,3604.7539,7255.1055,0,14475.8398,10.8375,2.3355,7.7076,10.8375,2.3355,3.4860,33.3333,5.2690,24.1214,0.000200,0.021400,0.000600,0.000600,0.001600,0.008200,0.001600,0.073700,0,0.019400,0.019300,0.034200,0.3574,0.1930,0.019400,0.006200,0.065600,0,0.044500,0.013700,0.078600,0.006200,0.032900,0.1358,0.015100,0.086400,0.4273,0.7424,0.3296,0.057300,3.4185,0.097300,0.032700,0.039700,0.6904,0.098400,0.002200,0.002300,0.062300,0.1976,0.051200,0.000800,0.6053,1042,394644,0,2141,1217,0,1.5255,0,0,0,0.008300,0,0,0,0,0,0,0,0,0,0,0,0,0,0,0,0,0,0,0,0,0,0,0
,0.024400,0.005900,2,60,0,58,0,0,13,233,27,0,454,3,0,0,12,2,0,0,0,0,0.008500,0,0.3327,0.004900,0.008400,0.000900,0.8700,0.1951,0.053300,0.1255,0.001100,0.035100,0,0,768,256,11229,3565.7148,15494.9102,239.1602,0.002100,2,0.000100,0.007700,0.002100,0.013900,0.1866,0,0,0.063400,0.3522,3.0481,0.063000,0.000200,0.001400,0.000300,0.000300,0.007000,0.009100,0.040500,0.005000,0.037200,0.1059,0.010900,0.005800,1.1988,0.027500,0.008600,0.034000,0.011700,0.019000,0.072900,0.012400,0.074300,0.002000,0.079000,0.008300,0.070300,0.5856,0.004400,2.3608,0.000300,0.1854,0.000600,0.000300,0.028400,0.3069,0.7675,0.023800,1.0311,0.4271,0.002200,0.011900,0.000400,0.054400,0.1056,9.3982,8.7628,13.0955,634,16,0.2500,0,16,3.8438,1,0,0,629,1,0,115,102,13,0,-1,-1,0,-1,-1,13.9904,4.9185,0,1525.2227,1525.2227,1441.6289,95,907,561,321,0,0,0.000900,0,0,0.014300,0.081500,0.000500,0.011600,0.068800,0.040000,0.001000,0.001900,0.000300,0.001500,0.007100,0.001000,0.003700,0.022600,0.1538,0.066200,0.074500,0.1575,0.042200,0.1805,0.030900,0.070800,0.000200,0.001500,0.063400,0.008200,0.001200,0.000300,0.026000,0.006500,0.011900,0.001000,0.1469,0.016300,0.044100,0.1896,0.069900,0.001300,0.042300,0.002700,0.017800,0.022200,0.016400,8.8289,0.061400,0.006800,0.000100,0,10.8184,0,0,0,0,0,0,0,50,0,0,0,0,1,1,9,9,2,1,1,4,1,1,1,1,1,1,7,7,1,1,50,9,6,42,76,794,950,0,0,0,0,0,-100,-100,-100,-100,600,1440,107.7673,0,0,-0.000000,-1,0,0,0,1,0,13.7344,5,50,75.1289,13.7344,0,0,48.9844,0,100,0,0,0,0,0,0,0,0,0,0.4358,0.4358,1,0.4358,0.4358,22.5221,8.9635,20141,90,568,135,10871.0859,3604.7578,7255.1055,0,14475.8438,11.0766,2.1884,8.2048,11.0766,2.1884,2.7920,33.3333,5.4001,23.7371,0.000200,0.021600,0.000600,0.000700,0.001600,0.008500,0.000700,0.076600,0,0.017500,0.023200,0.035300,0.3408,0.1997,0.019500,0.006100,0.062400,0,0.047100,0.012400,0.082600,0.005100,0.030600,0.1272,0.015500,0.090700,0.4347,0.6714,0.3021,0.056300,2.3110,0.094200,0.031700,0.039600,0.6870,0.095700,0.002300,0.004800,0.061100,0.1946,0.050200,0.000600,0.5969,1051,398424,0,0,0,0,0,0,0,0,0.008700,0,0,0,0,0,0,0,0,0,0,0,0,0,0,0,0,0,0,0,0,0,0,0
,0.016000,0.093000,2,64,0,62,0,0,13,233,28,0,454,3,0,0,12,2,0,0,0,0,0.009300,0.005800,0.3489,0.005800,0.010900,0.001500,0.9124,0.1609,0.065000,0.1290,0.001100,0.2516,0.001900,1,768,256,11229,3565.7148,15494.9102,239.1602,0.001200,4,0.000200,0.007300,0.002100,0.014100,0.1790,0,0,0.064100,0.2802,2.6086,0.068900,0.000200,0.001300,0.000200,0.000400,0.006600,0.007100,0.043100,0.005100,0.032200,0.1112,0.011200,0.006200,1.8736,0.028800,0.008200,0.033100,0.012700,0.018800,0.085400,0.008800,0.084100,0.002000,0.1121,0.008300,0.081500,0.6065,0.005100,2.3483,0.000400,0.1869,0.000500,0.000400,0.027100,0.3289,0.8383,0.024700,0.9284,0.3826,0.001700,0.012000,0.000500,0.080600,0,9.5263,8.7628,13.0955,634,16,0.2500,0,16,3.8438,1,0,0,629,1,0,115,102,13,0,-1,-1,0,-1,-1,13.9904,4.9185,0,1525.2227,1525.2227,1441.5039,95,880,561,321,0,0,0.001000,0,0,0.014400,0.081800,0.000600,0.011800,0.069000,0.040400,0.001000,0.001200,0.000300,0.001600,0.006000,0.001000,0.004000,0.022800,0.1326,0.056800,0.087200,0.1535,0.038300,0.1505,0.026000,0.1936,0.000300,0.001600,0.064100,0.008600,0.001200,0.000400,0.027800,0.007200,0.011900,0.001100,0.1392,0.015000,0.041700,0.2052,0.068400,0.001100,0.040800,0.002800,0.034400,0.023100,0.017300,8.9348,0.065200,0.006500,0.000100,0,11.0323,0,0,0,0,0,0,0,50,0,0,0,0,1,1,9,9,2,1,1,4,1,1,1,1,1,1,7,7,1,1,50,9,6,42,76,794,950,0,0,0,0,0,-100,-100,-100,-100,600,1440,107.7673,0,0,-0.000000,-1,0,0,0,1,0,13.7344,5,50,75.1289,13.7344,0,0,48.9844,0,100,0,0,0,0,0,0,0,0,0,0.5020,0.5020,1,0.5020,0.5020,33.6460,8.9635,20141,90,568,135,10870.8359,3604.7656,7255.1055,0,14475.8516,11.1939,2.2642,7.2731,11.1939,2.2655,2.8902,33.3333,5.4630,23.9313,0.000300,0.018000,0.000700,0.000600,0.001600,0.007700,0.000500,0.075000,0.001000,0.017300,0.022700,0.025600,1.1540,0.2084,0.021500,0.006200,0.062200,0,0.043200,0.022300,0.2173,0.006100,0.034000,0.1360,0.016200,0.096900,0.4300,0.7059,0.2888,0.063400,2.0898,0.093200,0.030700,0.048200,0.6851,0.088600,0.001900,0.002500,0.063000,0.1987,0.049100,0.000500,0.6171,1027,390310,0,0,0,0,0,0,0,0.001500,0.008900,0,0,0,0,0,0,0,0,0,0,0,0,0,0,0,0,0,0,0,0,0,0,0
,0.017700,0.006300,2,57,0,55,0,0,13,233,13,0,454,3,0,0,12,2,0,0,0,0,0.027300,0.024000,0.3241,0.005500,0.008900,0.001000,0.8461,0.1925,0.050500,0.1203,0.001300,0.036400,0.001700,1,768,256,11229,3565.7148,15494.9102,239.1602,0.001800,7,0.000400,0.008600,0.001900,0.019100,0.2046,0,0,0.064500,0.3126,3.0530,0.060200,0.000300,0.001200,0.000200,0.000400,0.005700,0.006500,0.055000,0.004900,0.032700,0.1221,0.015300,0.005900,0.5324,0.027200,0.008600,0.026300,0.011000,0.018600,0.2571,0.016100,0.087100,0.002200,0.1250,0.009400,0.073500,0.6565,0.005000,2.3569,0.000300,0.1926,0.000600,0.000300,0.031800,0.3061,1.2222,0.024300,0.9606,0.1574,0.002000,0.010700,0.000500,0.039000,0,9.7226,8.7628,13.0955,634,16,0.2500,0,16,3.8438,1,0,0,629,1,0,115,102,13,0,-1,-1,0,-1,-1,13.9904,4.9185,0,1525.2227,1525.2227,1441.5039,95,905,561,321,0,0,0.000900,0,0,0.018400,0.078900,0.000700,0.012600,0.066700,0.042300,0.001000,0.001700,0.000300,0.001500,0.006000,0.001000,0.004200,0.024200,0.1460,0.060600,0.079700,0.1506,0.070900,0.1766,0.030700,0.067100,0.000300,0.001500,0.062200,0.008700,0.001400,0.000300,0.024900,0.006100,0.012900,0.001100,0.1378,0.014100,0.039300,0.2033,0.071300,0.001100,0.021400,0.003000,0.033200,0.022600,0.016900,9.3808,0.060700,0.006900,0.000100,0,11.1891,0,0,0,0,0,0,0,50,0,0,0,0,1,1,9,9,2,1,1,4,1,1,1,1,1,1,7,7,1,1,50,9,6,42,76,794,950,0,0,0,0,0,-100,-100,-100,-100,600,1440,107.7673,0,0,-0.000000,-1,0,0,0,1,0,13.7344,5,50,75.1289,13.7344,0,0,48.9844,0,100,0,0,0,0,0,0,0,0,0,0.4419,0.4419,1,0.4419,0.4419,45.1825,8.9635,20141,90,568,135,10870.8359,3604.7656,7255.1055,0,14475.6016,11.3237,2.1912,8.2169,11.3237,2.1921,3.0786,33.3333,5.3487,24.0285,0.000600,0.022400,0.000600,0.000600,0.001600,0.008700,0.001600,0.076800,0,0.036800,0.019400,0.036700,0.3404,0.2202,0.018500,0.006100,0.063500,0,0.046400,0.026500,0.1974,0.006100,0.031500,0.1350,0.015100,0.096300,0.4535,0.7246,0.2946,0.056400,2.9725,0.096300,0.031700,0.038900,0.6887,0.079000,0.001800,0.002500,0.063500,0.1986,0.050200,0.000600,0.6266,965,391122,0,0,0,0,0,0,0.008000,0.001100,0.008200,0,0,0,0,0,0,0,0,0,0,0,0,0,0,0,0,0,0,0,0,0,0,0
,0.025300,0.1059,2,60,0,58,0,0,13,233,27,0,454,3,0,0,12,2,0,0,0,0,0.009000,0.007300,0.3969,0.005900,0.008500,0.000900,0.8174,1.2270,0.046400,0.1510,0.001800,0.024900,0,1,768,256,11229,3565.7148,15494.9102,239.1602,0.001500,5,0.000100,0.010600,0.002000,0.018900,0.1766,0,0,0.055100,0.2455,2.8605,0.058600,0.000300,0.001300,0.000300,0.000200,0.007300,0.006800,0.040900,0.004700,0.031900,0.1406,0.011600,0.006100,0.3393,0.025400,0.008700,0.040600,0.011800,0.019200,0.1231,0.011600,0.071200,0.002200,0.1258,0.008400,0.069400,0.6288,0.004900,2.3812,0.000500,0.1916,0.000500,0.000300,0.030000,0.2995,0.9044,0.023200,0.9084,0.5782,0.002000,0.015000,0.000600,0.038500,0,8.1564,8.7628,13.0955,634,16,0.2500,0,16,3.8438,1,0,0,629,1,0,115,102,13,0,-1,-1,0,-1,-1,13.9904,4.9185,0,1525.2227,1525.2227,1525.0977,95,880,535,317,0,0,0.001000,0,0,0.015800,0.098100,0.000500,0.011000,0.075100,0.038800,0.000900,0.001200,0.000300,0.001500,0.005700,0.001000,0.003700,0.022000,0.1533,0.054100,0.071000,0.1626,0.040700,1.1158,0.016600,0,0.000500,0.002200,0.072500,0.010100,0.001900,0.000800,0.032400,0.006700,0.012600,0.001200,0.1750,0.019000,0.045500,0.2175,0.081100,0.001100,0.037100,0.002000,0.018400,0.036200,0.025200,7.5634,0.058000,0.007400,0,0,11.5237,0,0,0,0,0,0,0,50,0,0,0,0,1,1,9,9,2,1,1,4,1,1,1,1,1,1,7,7,1,1,50,9,6,42,76,794,950,0,0,0,0,0,-100,-100,-100,-100,600,1440,107.7673,0,0,-0.000000,-1,0,0,0,1,0,13.7344,5,50,75.1289,13.7344,0,0,48.9844,0,100,0,0,0,0,0,0,0,0,0,0.4339,0.4339,1,0.4339,0.4339,55.8438,8.9635,20141,90,568,135,10870.8359,3604.7734,7255.1055,0,14475.6094,10.8426,2.9936,8.3692,10.8426,2.9936,2.8629,33.3333,5.6282,23.6665,0.000200,0.021500,0.000600,0.000600,0.001600,0.011000,0.000600,0.074500,0,0.018500,0.022600,0.033700,0.3638,0.1843,0.019500,0.006100,0.062000,0,0.046000,0.022800,0.2129,0.005100,0.033600,0.1364,0.015900,0.091500,0.4297,0.7777,0.3162,0.056300,2.4681,0.095200,0.030700,0.039700,0.6927,0.074600,0.002200,0.002500,0.062400,0.1967,0.050200,0.000500,0.6108,1049,399310,0.064100,0,0,0,0,0.3189,0.007600,0,0.008400,0,0,0,0,0,0,0,0,0,0,0,0,0,0,0,0,0,0,0,0,0,0,0
,0.3947,0.014700,2,64,0,62,0,0,13,233,28,0,454,3,0,0,12,2,0,0,0,0,0.009300,0.9448,0.3254,0.005800,0.009200,0.001000,0.9213,1.3230,0.052800,0.1270,0.001300,0.036500,0.005000,0,768,256,11229,3565.7148,15494.9102,239.1602,0.002000,2,0.000600,0.007500,0.001500,0.019200,0.2027,0,0,0.068400,0.3049,3.0725,0.069100,0.000200,0.001400,0.000200,0.000300,0.006400,0.008100,0.045100,0.005300,0.033800,0.1511,0.014400,0.006500,0.1547,0.029700,0.010100,0.035100,0.012000,0.020400,0.096500,0.010300,0.088300,0.002300,0.1233,0.010000,0.071800,0.6647,0.006200,2.4260,0.000200,0.2036,0.000600,0.000300,0.031200,0.3199,0.7948,0.024600,0.9574,0.1566,0.002100,0.012000,0.000400,0.035300,0,8.0341,8.7628,13.0955,634,16,0.2500,0,16,3.8438,1,0,0,629,1,0,115,102,13,0,-1,-1,0,-1,-1,13.9904,4.9185,0,1525.2227,1525.2227,1525.0977,95,880,535,317,0,0,0.000800,0,0,0.014600,0.093300,0.000600,0.016400,0.077200,0.041300,0.001000,0.001700,0.000100,0.001500,0.006500,0.001300,0.004000,0.022800,0.1386,0.063200,0.079500,0.1708,0.037400,1.2315,0.016900,0,0.000300,0.001500,0.069200,0.010000,0.001100,0.000500,0.027000,0.007200,0.013100,0.001500,0.1638,0.018600,0.046700,0.2020,0.070700,0.001200,0.046900,0.002400,0.035100,0.021000,0.020000,7.3650,0.065700,0.006000,0.000100,0,10.7054,0,0,0,0,0,0,0,50,0,0,0,0,1,1,9,9,2,1,1,4,1,1,1,1,1,1,7,7,1,1,50,9,6,42,76,794,950,0,0,0,0,0,-100,-100,-100,-100,600,1440,107.7673,0,0,-0.000000,-1,0,0,0,1,0,13.7344,5,50,75.1289,13.7344,0,0,48.9844,0,100,0,0,0,0,0,0,0,0,0,0.4310,0.4310,1,0.4310,0.4310,3.9648,8.9635,20141,90,568,135,10870.8359,3604.7734,7255.1055,0,14475.6094,10.6561,3.2644,7.4723,10.6561,3.2656,2.8659,33.3333,5.6399,23.4935,0.000200,0.023400,0.000700,0.000600,0.001600,0.009100,0.000600,0.076700,0.001100,0.019500,0.023800,0.039200,0.3773,0.2172,0.030700,0.005100,0.067500,0,0.056000,0.022700,0.083300,0.005200,0.033300,0.6784,0.021900,0.1056,0.4367,0.8110,0.3021,0.055200,2.3175,0.095300,0.031700,0.038700,0.6929,0.087300,0.002000,0.002500,0.061700,0.2008,0.049200,0.000600,0.6441,1024,389548,0,2252,1264,0,1.0681,0,0,0.001400,0.007800,0,0,0,0,0,0,0,0,0,0,0,0,0,0,0,0,0,0,0,0,0,0,0
,0.014600,0.006100,2,56,0,54,0,0,13,233,15,0,454,3,0,0,12,2,0,0,0,0,0.009900,0.005700,0.3463,0.006100,0.009500,0.001100,0.8617,1.0424,0.053700,0.1240,0.000800,0.060100,0,1,768,256,11229,3565.7148,15494.9102,239.1602,0.001600,7,0.000400,0.008400,0.002100,0.018800,0.1945,0,0,0.056300,0.3321,2.9539,0.087500,0.000200,0.001600,0.000200,0.000300,0.007200,0.006900,0.046400,0.005800,0.031800,0.1423,0.011900,0.006000,1.6651,0.031500,0.009500,0.041000,0.012000,0.019900,0.089100,0.011400,0.079100,0.002200,0.1034,0.008200,0.069400,0.6088,0.006000,2.3540,0.000400,0.2034,0.000600,0.000300,0.030800,0.3129,0.9912,0.024900,0.9474,0.1441,0.002100,0.015200,0.000500,0.041000,0.1207,7.4428,8.7628,13.0955,634,16,0.2500,0,16,3.8438,1,0,0,629,1,0,115,102,13,0,-1,-1,0,-1,-1,13.9904,4.9185,0,1525.2227,1525.2227,1441.5039,95,880,535,317,0,0,0.000900,0,0,0.019500,0.097900,0.000600,0.011200,0.089900,0.042800,0.001000,0.002200,0.000200,0.001600,0.007100,0.001200,0.003900,0.027500,0.1415,0.070300,0.084400,0.2175,0.047200,1.1897,0.016700,0,0.000400,0.001700,0.070600,0.011000,0.001800,0.000600,0.033000,0.007300,0.014200,0.001100,0.1429,0.013600,0.043700,0.1999,0.066500,0.001300,0.042000,0.002300,0.031700,0.022200,0.020400,6.9066,0.058200,0.006700,0,0,10.5628,0,0,0,0,0,0,0,50,0,0,0,0,1,1,9,9,2,1,1,4,1,1,1,1,1,1,7,7,1,1,50,9,6,42,76,794,950,0,0,0,0,0,-100,-100,-100,-100,600,1440,107.7673,0,0,-0.000000,-1,0,0,0,1,0,13.7344,5,50,75.1289,13.7344,0,0,48.9844,0,100,0,0,0,0,0,0,0,0,0,0.4488,0.4488,1,0.4488,0.4488,14.0747,8.9635,20141,90,568,135,10870.8359,3604.7891,7255.1055,0,14475.6250,10.0319,3.2700,7.8114,10.0319,3.2700,2.8403,33.3333,5.7577,23.5558,0.000500,0.021100,0.000600,0.000600,0.001600,0.007600,0.000600,0.073900,0,0.019500,0.028500,0.040000,0.3680,0.1945,0.018400,0.006200,0.064600,0,0.043000,0.008300,0.1042,0.005100,0.031700,0.1229,0.015600,0.091300,0.4300,0.7424,0.3443,0.057300,2.4801,0.095200,0.030800,0.039300,1.5008,0.082700,0.002200,0.002500,0.064100,0.1986,0.047200,0.000500,0.5921,1071,399672,0,0,0,0,0,0,0,0,0.008700,0,0,0,0,0,0,0,0,0,0,0,0,0,0,0,0,0,0,0,0,0,0,0
,0.3023,0.019300,2,73,0,71,0,0,14,233,25,0,454,3,0,0,13,2,0,0,0,0,0.009200,0.4102,0.3391,0.006500,0.009900,0.000900,0.8681,0.2133,0.052200,0.1200,0.001300,0.029500,0.003600,1,768,256,11229,3565.7148,15494.9102,239.1602,0.002200,5,0.000100,0.009200,0.002100,0.018500,0.1855,0,0,0.063600,0.2187,2.8284,0.066100,0.000200,0.001400,0.000300,0.000200,0.006800,0.007000,0.041500,0.005800,0.034800,0.1402,0.012000,0.010100,1.2051,0.041200,0.010100,0.042100,0.012500,0.018800,0.080300,0.008100,0.071600,0.002000,0.1092,0.009000,0.067500,0.6237,0.005100,2.3333,0.000400,0.1891,0.000900,0.000400,0.029400,0.3065,0.6866,0.024000,0.9491,0.1645,0.001800,0.010600,0.000500,0.037700,0,9.8006,8.7628,13.0955,634,16,0.2500,0,16,3.8438,1,0,0,629,1,0,115,102,13,0,-1,-1,0,-1,-1,13.9904,4.9185,0,1525.2227,1525.2227,1525.0977,95,880,535,317,0,0,0.000900,0,0,0.014400,0.095800,0.000400,0.011300,0.074100,0.043500,0.000700,0.001600,0.000100,0.001400,0.005700,0.000900,0.004200,0.021400,0.1696,0.063500,0.078300,0.1484,0.041300,0.1980,0.035900,0.070100,0.000300,0.002000,0.081500,0.009800,0.001400,0.000600,0.032700,0.006700,0.013800,0.001300,0.1491,0.019100,0.057400,0.1949,0.067700,0.001200,0.041200,0.002900,0.018700,0.023600,0.017700,9.4687,0.060600,0.006200,0.000200,0,10.1391,0,0,0,0,0,0,0,50,0,0,0,0,1,1,9,9,2,1,1,4,1,1,1,1,1,1,7,7,1,1,50,9,6,42,76,794,950,0,0,0,0,0,-100,-100,-100,-100,600,1440,107.7673,0,0,-0.000000,-1,0,0,0,1,0,13.7344,5,50,75.1289,13.7344,0,0,48.9844,0,100,0,0,0,0,0,0,0,0,0,0.4731,0.4731,1,0.4731,0.4731,25.8248,8.9635,20141,90,568,135,10870.7734,3604.7930,7255.1055,0,14475.6289,11.5905,2.2505,8.0714,11.5905,2.2505,3.0163,33.3333,5.5815,23.2124,0.000200,0.022200,0.000800,0.000600,0.001500,0.007800,0.001700,0.072000,0,0.020500,0.027500,0.037400,0.3466,0.1969,0.019500,0.006100,0.064500,0,0.045600,0.008600,0.078400,0.005100,0.033300,0.1363,0.016100,0.092100,0.4359,0.7166,0.3647,0.056300,2.4606,0.095200,0.030700,0.038300,0.6893,0.095300,0.002100,0.002400,0.060300,0.1955,0.049200,0.000600,0.6063,1084,402572,0,0,0,0,0,0,0.003200,0,0.007800,0,0,0,0,0,0,0,0,0,0,0,0,0,0,0,0,0,0,0,0,0,0,0
,0.023200,0.005900,2,73,0,71,0,0,13,233,41,0,454,3,0,0,12,2,0,0,0,0,0.009700,0,0.3509,0.005200,0.009700,0.000900,0.8602,0.2237,0.054700,0.1221,0.001100,0.021500,0.002200,1,768,256,11229,3565.7148,15494.9102,239.1602,0.001200,0,0.000300,0.008700,0.002100,0.030900,0.1915,0,0,0.064200,0.3741,2.9873,0.066700,0.000300,0.001500,0.000300,0.000400,0.007200,0.007700,0.052300,0.005400,0.032900,0.1447,0.011300,0.005800,1.4067,0.038000,0.008300,0.030000,0.012200,0.020200,0.091200,0.012700,0.070800,0.002000,0.082800,0.016000,0.068600,0.6083,0.005300,2.3198,0.000200,0.1976,0.000700,0.000500,0.030700,0.3031,0.9804,0.024900,0.9513,0.1645,0.002300,0.012000,0.000700,0.043600,0.052900,8.4980,8.7628,13.0955,634,16,0.2500,0,16,3.8438,1,0,0,629,1,0,115,102,13,0,-1,-1,0,-1,-1,13.9904,4.9185,0,1525.2227,1525.2227,1441.5039,95,885,535,317,0,0,0.001300,0,0,0.016000,0.082000,0.000600,0.012200,0.069500,0.038800,0.000900,0.001600,0.000200,0.001600,0.006100,0.000900,0.004100,0.022100,0.1281,0.057100,0.076500,0.1622,0.042800,0.4432,0.015500,0,0.000400,0.001800,0.065200,0.008900,0.001100,0.000300,0.026000,0.006400,0.012200,0.001200,0.1399,0.015900,0.045100,0.2091,0.071200,0.001000,0.042300,0.002400,0.033900,0.023000,0.019300,7.8417,0.063300,0.008500,0.000100,0.007100,11.7681,0,0,0,0,0,0,0,50,0,0,0,0,1,1,9,9,2,1,1,4,1,1,1,1,1,1,7,7,1,1,50,9,6,42,76,794,950,0,0,0,0,0,-100,-100,-100,-100,600,1440,107.7673,0,0,-0.000000,-1,0,0,0,1,0,13.7344,5,50,75.1289,13.7344,0,0,48.9844,0,100,0,0,0,0,0,0,0,0,0,0.4302,0.4302,1,0.4302,0.4302,36.0365,8.9635,20141,90,568,135,10870.8242,3604.7969,7255.1055,0,14475.5703,10.4380,2.3733,7.2589,10.4380,2.3733,3.1025,33.3333,5.2574,24.1297,0.000200,0.021700,0.000600,0.000600,0.001600,0.008200,0.000600,0.074400,0,0.029700,0.032000,0.042100,0.3789,0.2056,0.022500,0.005100,0.062300,0,0.044400,0.006900,0.071100,0.005100,0.031000,0.1248,0.018300,0.096200,0.4143,0.7510,0.3065,0.055200,2.4144,0.095200,0.030700,0.039400,0.6908,0.094100,0.001800,0.002600,0.060800,0.1955,0.049200,0.000600,0.7073,1021,390099,0,0,0,0,0,0,0.011000,0,0.008300,0,0,0,0,0,0,0,0,0,0,0,0,0,0,0,0,0,0,0,0,0,0,0
,0.3286,0.004600,2,57,0,55,0,0,13,233,12,0,454,3,0,0,12,2,0,0,0,0,0.009700,0.016600,0.3943,0.004900,0.009500,0.001400,0.8587,0.2356,0.053300,0.1283,0.001200,0.025600,0,2,768,256,11229,3565.7148,15494.9102,239.1602,0.002600,3,0,0.009900,0.002100,0.017700,0.1742,0,0,0.070600,0.2199,3.1667,0.065500,0.000300,0.001300,0.000200,0.000300,0.007500,0.007300,0.041600,0.005100,0.035000,0.1422,0.012400,0.005600,0.4561,0.028500,0.009200,0.025300,0.011700,0.019200,0.083500,0.008500,0.067100,0.002400,0.076900,0.012300,0.074900,0.6162,0.005300,2.3970,0.000300,0.2110,0.000700,0.000300,0.032900,0.3087,0.8143,0.026800,1.0241,0.1700,0.002000,0.009600,0.000500,0.038200,0.1425,9.4968,8.7628,13.0955,634,16,0.2500,0,16,3.8438,1,0,0,629,1,0,115,102,13,0,-1,-1,0,-1,-1,13.9904,4.9185,0,1525.2227,1525.2227,1525.0977,95,907,561,322,0,0,0.000800,0,0,0.014600,0.083500,0.000600,0.011000,0.092200,0.041900,0.000900,0.001700,0.000200,0.001500,0.006300,0.001300,0.003800,0.023200,0.1591,0.059300,0.088800,0.1578,0.038700,0.2661,0.019900,0.077100,0.000400,0.006500,0.082200,0.009600,0.001400,0.000700,0.029200,0.006900,0.012600,0.001500,0.1490,0.014300,0.042000,0.2227,0.070700,0.001300,0.045200,0.003300,0.034800,0.023200,0.017900,8.9455,0.058800,0.006800,0.000100,0,10.1970,0,0,0,0,0,0,0,50,0,0,0,0,1,1,9,9,2,1,1,4,1,1,1,1,1,1,7,7,1,1,50,9,6,42,76,794,950,0,0,0,0,0,-100,-100,-100,-100,600,1440,107.7673,0,0,-0.000000,-1,0,0,0,1,0,13.7344,5,50,75.1289,13.7344,0,0,48.9844,0,100,0,0,0,0,0,0,0,0,0,0.4574,0.4574,1,0.4574,0.4574,47.3465,8.9635,20141,90,568,135,10870.8242,3604.8008,7255.1055,0,14475.6250,11.2554,2.3445,7.6513,11.2554,2.3445,2.9205,33.3333,5.5505,23.7393,0.000600,0.022100,0.000500,0.000600,0.001700,0.008100,0.000600,0.074100,0.001000,0.018400,0.028200,0.049700,0.3556,0.2012,0.020500,0.007200,0.062900,0,0.045000,0.029900,0.095500,0.006200,0.030200,0.1336,0.015700,0.097700,0.4248,0.6963,0.2860,0.057400,2.0549,0.094300,0.030700,0.038400,1.2548,0.098000,0.001800,0.002600,0.065300,0.2283,0.048100,0.000600,0.6194,1100,412305,0,0,0,0,0,0.016100,0,0,0.008200,0,0,0,0,0,0,0,0,0,0,0,0,0,0,0,0,0,0,0,0,0,0,0
,0.015200,0.030400,2,80,0,78,0,0,14,233,56,0,454,3,0,0,13,2,0,0,0,0,0.009700,0,0.3441,0.006400,0.009900,0.001000,0.8844,0.1779,0.052500,0.1243,0.001100,0.023000,0,1,768,256,11229,3565.7148,15494.9102,239.1602,0.001600,2,0.000400,0.015100,0.002100,0.014700,0.1849,0,0,0.062200,0.3281,2.6907,0.062000,0.000200,0.001300,0.000300,0.000300,0.006700,0.012100,0.044100,0.004600,0.032000,0.1549,0.012100,0.006100,0.3532,0.025100,0.008100,0.029500,0.011700,0.018600,0.087400,0.008700,0.073200,0.002300,0.076800,0.008700,0.074900,0.6261,0.005200,2.3567,0.000300,0.2003,0.000600,0.000400,0.029900,0.2975,0.9404,0.024300,0.9196,0.4736,0.002400,0.013500,0.000600,0.038700,0.3235,7.3949,8.7628,13.0955,634,16,0.2500,0,16,3.8438,1,0,0,629,1,0,115,102,13,0,-1,-1,0,-1,-1,13.9904,4.9185,0,1525.2227,1525.2227,1441.6289,95,884,561,322,0,0,0.001200,0,0,0.014700,0.086100,0.000700,0.011800,0.077200,0.048200,0.000900,0.001400,0.000200,0.001600,0.006100,0.001300,0.003600,0.024700,0.1360,0.074900,0.1022,0.1588,0.049200,0.1504,0.019500,1.4491,0.000300,0.001800,0.069200,0.010700,0.001600,0.000500,0.028400,0.006300,0.013400,0.001200,0.1515,0.015000,0.045700,0.2079,0.076900,0.001500,0.026600,0.003000,0.019700,0.024600,0.030400,6.7955,0.060900,0.007800,0.000100,0,11.3413,0,0,0,0,0,0,0,50,0,0,0,0,1,1,9,9,2,1,1,4,1,1,1,1,1,1,7,7,1,1,50,9,6,42,76,794,950,0,0,0,0,0,-100,-100,-100,-100,600,1440,107.7673,0,0,-0.000000,-1,0,0,0,1,0,13.7344,5,50,75.1289,13.7344,0,0,48.9844,0,100,0,0,0,0,0,0,0,0,0,1.7628,1.7628,1,1.7628,1.7628,57.7698,8.9635,20141,90,568,135,10870.8242,3604.8086,7255.1055,0,14475.6328,10.4368,3.6405,7.9169,10.4368,3.6405,3.1238,33.3333,5.6375,23.1781,0.000600,0.018900,0.000600,0.000600,0.001800,0.008700,0.000600,0.075500,0.001000,0.022400,0.019800,0.025500,0.3410,0.1940,0.019400,0.005200,0.062400,0,0.047300,0.011900,0.1925,0.005200,0.032400,0.1392,0.015600,0.090200,0.4307,0.7073,0.3549,0.064600,2.5121,0.094300,0.031700,0.039100,0.6900,0.088000,0.002100,0.002500,0.063000,0.1954,0.049200,0.000700,0.6045,1027,390088,0,0,0,0,0,0,0,0,0.008000,0,0,0,0,0,0,0,0,0,0,0,0,0,0,0,0,0,0,0,0,0,0,0
,0.016200,0.006400,2,57,0,55,0,0,13,233,13,0,454,3,0,0,12,2,0,0,0,0,0.008600,0.012200,0.3391,0.006700,0.009200,0.001100,0.8559,0.2132,0.053600,0.1224,0.001000,0.026300,0,1,768,256,11229,3565.7148,15494.9102,239.1602,0.002100,3,0.000400,0.010800,0.001900,0.013000,0.1741,0,0,0.059900,0.2296,2.9071,0.061600,0.000200,0.001300,0.000300,0.000300,0.006400,0.007500,0.040500,0.005100,0.031100,0.1188,0.011400,0.006200,0.5903,0.027500,0.008400,0.038500,0.012100,0.018300,0.087500,0.009500,0.085800,0.002000,0.088600,0.009200,0.073000,0.6194,0.005200,2.3304,0.000300,0.1821,0.000500,0.000400,0.029400,0.2981,0.6790,0.024800,0.9111,0.1196,0.001900,0.010500,0.000500,0.035200,0,8.8564,8.7628,13.0955,634,16,0.2500,0,16,3.8438,1,0,0,629,1,0,115,102,13,0,-1,-1,0,-1,-1,13.9904,4.9185,0,1525.2227,1525.2227,1525.0977,95,895,561,322,0,0,0.001300,0,0,0.014600,0.079600,0.000600,0.012000,0.066600,0.040200,0.000900,0.001900,0.000200,0.001500,0.006600,0.000900,0.004100,0.022900,0.1409,0.053700,0.081900,0.1438,0.037200,0.2864,0.018800,0,0.000200,0.001800,0.060900,0.007400,0.001200,0.000600,0.025500,0.006100,0.011900,0.001000,0.1384,0.016200,0.042000,0.2123,0.071500,0.001300,0.039300,0.002400,0.035200,0.023200,0.019400,8.2700,0.060700,0.006700,0.000100,0,10.2994,0,0,0,0,0,0,0,50,0,0,0,0,1,1,9,9,2,1,1,4,1,1,1,1,1,1,7,7,1,1,50,9,6,42,76,794,950,0,0,0,0,0,-100,-100,-100,-100,600,1440,107.7673,0,0,-0.000000,-1,0,0,0,1,0,13.7344,5,50,75.1289,13.7344,0,0,48.9844,0,100,0,0,0,0,0,0,0,0,0,0.4430,0.4430,1,0.4430,0.4430,6.0797,8.9635,20141,90,568,135,10870.8242,3604.8086,7255.1055,0,14475.6328,10.3871,2.0881,7.3146,10.3871,2.0894,2.9075,33.3333,6.2649,23.4558,0.000200,0.021300,0.000600,0.000600,0.001500,0.007700,0.000600,0.083000,0.001000,0.020600,0.028400,0.041200,0.3591,0.2073,0.019500,0.006100,0.064100,0,0.046700,0.012400,0.1917,0.005100,0.032700,0.1426,0.015700,0.093400,0.4312,1.5234,0.3422,0.055200,2.4717,0.094200,0.031700,0.039700,0.6906,0.066400,0.002000,0.002500,0.061400,0.1955,0.049200,0.000600,0.6160,1028,401210,0.2102,2368,1332,0,1.1710,0,0,0.001600,0.008800,0,0,0,0,0,0,0,0,0,0,0,0,0,0,0,0,0,0,0,0,0,0,0
,0.015900,0.017300,2,76,0,74,0,0,14,233,42,0,454,3,0,0,13,2,0,0,0,0,0.007200,0,0.3174,0.005400,0.009300,0.000900,0.8210,0.1659,0.052500,0.1245,0.001500,0.034300,0.002200,1,768,256,11229,3565.7148,15494.9102,239.1602,0.001500,4,0.000100,0.007700,0.001700,0.013700,0.1912,0,0,0.055400,0.3307,2.8992,0.076200,0.000300,0.001200,0.000200,0.000200,0.006800,0.007600,0.053400,0.006000,0.032200,0.1249,0.012000,0.006100,1.2623,0.030800,0.009300,0.032500,0.012200,0.018600,0.077800,0.009100,0.073300,0.002000,0.074300,0.008400,0.079200,0.5949,0.004400,2.3707,0.000500,0.1961,0.000700,0.000300,0.031000,0.3987,1.0627,0.024400,0.9375,0.1458,0.002100,0.011500,0.000700,0.048700,0.3057,8.1010,8.7628,13.0955,634,16,0.2500,0,16,3.8438,1,0,0,629,1,0,115,102,13,0,-1,-1,0,-1,-1,13.9904,4.9185,0,1525.2227,1525.2227,1441.6289,95,879,535,318,0,0,0.001300,0,0,0.013900,0.079700,0.000600,0.011500,0.069700,0.040400,0.000800,0.001700,0.000200,0.001700,0.006700,0.000900,0.004000,0.022100,0.1531,0.061600,0.098800,0.1661,0.042400,0.1491,0.025400,0.1244,0.000200,0.001700,0.066800,0.008800,0.001400,0.000400,0.025600,0.005800,0.011600,0.001200,0.1370,0.016000,0.039600,0.2091,0.070500,0.001200,0.044600,0.002500,0.032700,0.021900,0.019600,7.8973,0.058300,0.006100,0.000100,0,10.4305,0,0,0,0,0,0,0,50,0,0,0,0,1,1,9,9,2,1,1,4,1,1,1,1,1,1,7,7,1,1,50,9,6,42,76,794,950,0,0,0,0,0,-100,-100,-100,-100,600,1440,107.7673,0,0,-0.000000,-1,0,0,0,1,0,13.7344,5,50,75.1289,13.7344,0,0,48.9844,0,100,0,0,0,0,0,0,0,0,0,0.4484,0.4484,1,0.4484,0.4484,16.1889,8.9635,20141,90,568,135,10870.8242,3604.8086,7255.1055,0,14475.6328,9.7545,2.2229,7.3146,9.7545,2.2229,2.9748,33.3333,5.8222,23.5008,0.000200,0.027000,0.000500,0.000900,0.001800,0.008300,0.000700,0.073900,0,0.019400,0.028800,0.034600,0.3479,0.2017,0.021500,0.005100,0.063100,0,0.044900,0.012200,0.1968,0.006200,0.032600,0.1402,0.016100,0.097500,0.4271,0.7130,0.3000,0.062400,2.5568,0.096200,0.030700,0.038900,0.6985,0.071600,0.001900,0.002400,0.060100,0.1957,0.049200,0.000600,0.6305,1018,397240,0,0,0,0,0,0,0,0,0.008300,0,0,0,0,0,0,0,0,0,0,0,0,0,0,0,0,0,0,0,0,0,0,0
,0.011600,0.004400,2,64,0,62,0,0,13,233,26,0,454,3,0,0,12,2,0,0,0,0,0.008600,0.004900,0.3596,0.006800,0.009600,0.001200,0.8806,0.1845,0.054100,0.1328,0.001000,0.030100,0,0,768,256,11229,3565.7148,15494.9102,239.1602,0.001200,4,0,0.008400,0.002200,0.015000,0.1797,0,0,0.070100,0.2205,2.8257,0.087200,0.000300,0.001000,0.000300,0.000300,0.007100,0.006400,0.039500,0.004600,0.033000,0.5102,0.010300,0.006100,0.7640,0.028200,0.009300,0.027700,0.012200,0.019400,0.074500,0.009900,0.066000,0.002200,0.078800,0.007800,0.067900,0.6023,0.004800,2.3562,0.000200,0.1871,0.000500,0.000400,0.029400,0.3254,0.7568,0.024700,0.9155,0.1758,0.001900,0.009500,0.000300,0.035600,0.1609,9.3372,8.7628,13.0955,634,16,0.2500,0,16,3.8438,1,0,0,629,1,0,115,102,13,0,-1,-1,0,-1,-1,13.9904,4.9185,0,1525.2227,1525.2227,1525.0977,95,879,535,318,0,0,0.000900,0,0,0.029700,0.095300,0.000900,0.013400,0.071500,0.040200,0.001000,0.001400,0.000400,0.002300,0.007400,0.001200,0.004000,0.025300,0.1489,0.065300,0.078600,0.1570,0.039400,0.1742,0.017900,0.1305,0.000200,0.001700,0.064600,0.008900,0.001500,0.000700,0.025700,0.006600,0.011800,0.001200,0.1378,0.013500,0.040800,0.1985,0.067800,0.001100,0.042500,0.002700,0.018300,0.027500,0.017000,9.0620,0.059900,0.006900,0.000100,0,10.1542,0,0,0,0,0,0,0,50,0,0,0,0,1,1,9,9,2,1,1,4,1,1,1,1,1,1,7,7,1,1,50,9,6,42,76,794,950,0,0,0,0,0,-100,-100,-100,-100,600,1440,107.7673,0,0,-0.000000,-1,0,0,0,1,0,13.7344,5,50,75.1289,13.7344,0,0,48.9844,0,100,0,0,0,0,0,0,0,0,0,0.3949,0.3949,1,0.3949,0.3949,27.5288,8.9635,20141,90,568,135,10870.8242,3604.8164,7255.1055,0,14475.6406,11.3940,2.2763,7.3915,11.3940,2.2773,3.1827,33.3333,5.4205,23.9060,0.000600,0.022800,0.000500,0.000600,0.001600,0.007500,0.000600,0.074500,0.001000,0.019500,0.027500,0.035700,0.3946,0.1889,0.020500,0.005100,0.061500,0,0.046600,0.011000,0.081300,0.005100,0.033100,0.1320,0.015900,0.092900,0.4271,0.7432,0.3277,0.057400,2.4761,0.094200,0.031800,0.039900,0.6910,0.097500,0.002000,0.002300,0.061400,0.1956,0.050100,0.000700,0.6739,1023,389588,0,0,0,0,0,0,0,0.001200,0.008300,0,0,0,0,0,0,0,0,0,0,0,0,0,0,0,0,0,0,0,0,0,0,0
,0.019300,0.064900,2,57,0,55,0,0,13,233,14,0,454,3,0,0,12,2,0,0,0,0,0,0.002500,0.3211,0.005300,0.008100,0.001000,0.8640,0.1714,0.049600,0.1232,0.001400,0.026800,0.001000,2,768,256,11229,3565.7148,15494.9102,239.1602,0.002900,3,0.000100,0.008500,0.002100,0.012600,0.1823,0,0,0.054000,0.2919,3.4332,0.061100,0.000200,0.002100,0.000200,0.000200,0.007000,0.007100,0.039500,0.005300,0.031600,0.1880,0.010200,0.005800,1.4606,0.027800,0.008600,0.031900,0.013800,0.021300,0.076800,0.010500,0.077900,0.002400,0.076400,0.021000,0.075100,0.6597,0.005500,2.3374,0.000300,0.1904,0.000700,0.000300,0.031000,0.3285,0.7467,0.024800,0.9639,0.1374,0.002300,0.010300,0.000500,0.037300,0.022400,8.4922,8.7628,13.0955,634,16,0.2500,0,16,3.8438,1,0,0,629,1,0,115,102,13,0,-1,-1,0,-1,-1,13.9904,4.9185,0,1525.2227,1525.2227,1525.0977,95,907,561,322,0,0,0.001100,0,0,0.015200,0.081900,0.001100,0.012700,0.069900,0.039100,0.000800,0.001800,0.000600,0.001800,0.007100,0.001100,0.003700,0.023500,0.1247,0.060300,0.080200,0.1573,0.038200,0.4686,0.014800,0,0.000200,0.001600,0.066100,0.009300,0.001000,0.000400,0.024800,0.006200,0.012600,0.001200,0.1391,0.014700,0.040800,0.2031,0.066100,0.001400,0.044500,0.002300,0.031100,0.021800,0.021700,7.8512,0.059900,0.007200,0.000100,0,11.3232,0,0,0,0,0,0,0,50,0,0,0,0,1,1,9,9,2,1,1,4,1,1,1,1,1,1,7,7,1,1,50,9,6,42,76,794,950,0,0,0,0,0,-100,-100,-100,-100,600,1440,107.7673,0,0,-0.000000,-1,0,0,0,1,0,13.7344,5,50,75.1289,13.7344,0,0,48.9844,0,100,0,0,0,0,0,0,0,0,0,0.4244,0.4244,1,0.4244,0.4244,37.7493,8.9635,20141,90,568,135,10870.8242,3604.8164,7255.1055,0,14475.6406,10.5415,2.3683,7.3546,10.5415,2.3701,3.0720,33.3333,5.4373,23.9833,0.000700,0.021300,0.000600,0.000600,0.001800,0.006900,0.000600,0.073800,0,0.019400,0.020500,0.041100,0.3373,0.1865,0.019500,0.006100,0.065900,0,0.045200,0.016100,0.081100,0.005200,0.031900,0.1272,0.016000,0.092700,0.4303,0.6973,0.3347,0.056400,3.4131,0.095300,0.030700,0.039500,0.6910,0.082300,0.002000,0.002400,0.062400,0.1956,0.050200,0.000500,0.6126,1093,405808,0,0,0,0,0,0,0,0.002000,0.008000,0,0,0,0,0,0,0,0,0,0,0,0,0,0,0,0,0,0,0,0,0,0,0
,0.016000,0.007100,2,75,0,73,0,0,14,233,43,0,454,3,0,0,13,2,0,0,0,0,0.021500,0.008600,0.3325,0.005800,0.008600,0.001200,0.8693,0.1992,0.052200,0.1259,0.000900,0.037600,0,0,768,256,11229,3565.7148,15494.9102,239.1602,0.002200,5,0.000100,0.008100,0.001700,0.013000,0.1727,0,0,0.058600,0.2442,2.9534,0.1340,0.000300,0.001200,0.000300,0.000300,0.007300,0.006700,0.055700,0.005300,0.030900,0.1221,0.010700,0.006200,1.2692,0.026300,0.008800,0.028600,0.011400,0.019200,0.086400,0.011900,0.075400,0.002200,0.078600,0.007800,0.085400,0.5875,0.004800,2.3063,0.000200,0.1761,0.000500,0.000300,0.030300,0.3870,0.7359,0.030400,0.9549,0.1781,0.002000,0.010500,0.000400,0.039100,0.1708,10.0482,8.7628,13.0955,634,16,0.2500,0,16,3.8438,1,0,0,629,1,0,115,102,13,0,-1,-1,0,-1,-1,13.9904,4.9185,0,1525.2227,1525.2227,1525.0977,95,907,561,322,0,0,0.001000,0,0,0.015800,0.077500,0.000400,0.011600,0.065800,0.037500,0.000800,0.001500,0.000100,0.001600,0.005900,0.000800,0.003500,0.022900,0.1280,0.054500,0.083900,0.1434,0.037900,0.2610,0.016200,0,0.000200,0.001500,0.062800,0.008400,0.001100,0.000400,0.024000,0.005400,0.011500,0.001100,0.1362,0.014400,0.038700,0.2011,0.068300,0.001200,0.038900,0.003000,0.032400,0.023400,0.016800,9.4840,0.057700,0.007000,0.000100,0,10.1243,0,0,0,0,0,0,0,50,0,0,0,0,1,1,9,9,2,1,1,4,1,1,1,1,1,1,7,7,1,1,50,9,6,42,76,794,950,0,0,0,0,0,-100,-100,-100,-100,600,1440,107.7673,0,0,-0.000000,-1,0,0,0,1,0,13.7344,5,50,75.1289,13.7344,0,0,48.9844,0,100,0,0,0,0,0,0,0,0,0,0.4078,0.4078,1,0.4078,0.4078,49.2525,8.9635,20141,90,568,135,10870.8242,3604.8164,7255.1055,0,14475.6406,11.4991,2.0313,8.1732,11.4991,2.0324,2.7667,33.3333,5.1804,23.9339,0.000200,0.021400,0.000700,0.000600,0.001600,0.007800,0.000700,0.072500,0,0.018400,0.028900,0.038300,0.3563,0.1922,0.019500,0.006100,0.065300,0.001000,0.046000,0.014400,0.1894,0.006100,0.032300,0.1329,0.015900,0.090200,0.4304,0.7106,0.3028,0.057400,2.4126,0.094200,0.031800,0.038300,0.6924,0.093100,0.003400,0.004300,0.060700,0.1977,0.050200,0.000700,0.5981,1087,402528,0,0,0,0,0,0,0,0.001300,0.007700,0,0,0,0,0,0,0,0,0,0,0,0,0,0,0,0,0,0,0,0,0,0,0
,0.015700,0.015000,2,73,0,71,0,0,13,233,41,0,454,3,0,0,12,2,0,0,0,0,0,0.002400,0.3366,0.006000,0.007900,0.001100,0.8791,0.1830,0.053000,0.1311,0.001000,0.027400,0,1,768,256,11229,3565.7148,15494.9102,239.1602,0.001800,3,0.000300,0.012300,0.002700,0.015400,0.1749,0,0,0.060200,0.2710,3.5602,0.061400,0.000200,0.001100,0.000200,0.000400,0.007600,0.011400,0.041100,0.005300,0.031200,0.1466,0.010400,0.006100,0.5316,0.028200,0.008800,0.034700,0.012500,0.019600,0.084500,0.019600,0.085900,0.002800,0.092300,0.010200,0.086800,0.6692,0.006700,2.4761,0.000200,0.1981,0.000500,0.000300,0.033200,0.3020,0.8294,0.026700,0.9711,0.1354,0.002000,0.009900,0.000500,0.037800,0.3263,9.3993,8.7628,13.0955,634,16,0.2500,0,16,3.8438,1,0,0,629,1,0,115,102,13,0,-1,-1,0,-1,-1,13.9904,4.9185,0,1525.2227,1525.2227,1525.0977,95,894,561,322,0,0,0.000600,0,0,0.015200,0.078400,0.000500,0.011300,0.067900,0.041100,0.000800,0.001600,0.000300,0.001600,0.006300,0.001000,0.004000,0.022300,0.1710,0.056100,0.077900,0.1432,0.044500,0.1688,0.024300,0.094800,0.000300,0.001500,0.059500,0.008100,0.001100,0.000400,0.025600,0.005700,0.012300,0.001100,0.1414,0.015200,0.041900,0.1947,0.069700,0.001100,0.040800,0.002300,0.017200,0.022600,0.018700,8.8137,0.059300,0.006800,0.000200,0,11.5327,0,0,0,0,0,0,0,50,0,0,0,0,1,1,9,9,2,1,1,4,1,1,1,1,1,1,7,7,1,1,50,9,6,42,76,794,950,0,0,0,0,0,-100,-100,-100,-100,600,1440,107.7673,0,0,-0.000000,-1,0,0,0,1,0,13.7344,5,50,75.1289,13.7344,0,0,48.9844,0,100,0,0,0,0,0,0,0,0,0,0.4689,0.4689,1,0.4689,0.4689,60.1820,8.9635,20141,90,568,135,10870.8242,3604.8164,7255.1055,0,14475.6406,10.9086,2.1066,7.3681,10.9086,2.1075,2.9266,33.3333,5.3604,23.8899,0.000300,0.025300,0.000600,0.000600,0.001600,0.007200,0.000600,0.076400,0,0.020500,0.019200,0.026000,0.3213,0.2093,0.021600,0.005100,0.061800,0,0.045100,0.013400,0.2000,0.005100,0.032700,0.1445,0.015900,0.089800,0.4263,0.7363,0.3465,0.077700,2.5077,0.095200,0.031800,0.039000,0.6922,0.092500,0.001800,0.002300,0.062500,0.1966,0.050200,0.000500,0.8144,1027,390106,0,0,0,0,0,0,0,0.001100,0.008300,0,0,0,0,0,0,0,0,0,0,0,0,0,0,0,0,0,0,0,0,0,0,0
,0.025000,0.010700,2,57,0,55,0,0,13,233,16,0,454,3,0,0,12,2,0,0,0,0,0.008300,0.006000,0.3290,0.005700,0.010100,0.001100,0.8719,0.1790,0.053800,0.1315,0.001000,0.024600,0,1,768,256,11229,3565.7148,15494.9102,239.1602,0.001800,5,0.000200,0.010300,0.002300,0.014500,0.1878,0,0,0.060600,0.2877,3.0673,0.069700,0.000200,0.001400,0.000200,0.000300,0.006700,0.010000,0.044200,0.005400,0.034100,0.1364,0.012200,0.006000,1.3485,0.030000,0.009300,0.040200,0.012000,0.019600,0.078400,0.012700,0.084800,0.002400,0.084400,0.009300,0.076500,0.6214,0.005500,2.3648,0.000200,0.1956,0.000600,0.000400,0.031100,0.3091,0.6123,0.024700,0.9642,0.1528,0.002200,0.010100,0.000400,0.037000,0.2966,7.9710,8.7628,13.0955,634,16,0.2500,0,16,3.8438,1,0,0,629,1,0,115,102,13,0,-1,-1,0,-1,-1,13.9904,4.9185,0,1525.2227,1525.2227,1525.0977,95,874,561,321,0,0,0.001000,0,0,0.014500,0.086500,0.000600,0.014900,0.082900,0.041700,0.000900,0.001500,0.000200,0.001600,0.006600,0.001000,0.003600,0.022200,0.1575,0.055700,0.074100,0.1890,0.044900,0.2259,0.019400,1.7225,0.000500,0.001800,0.077000,0.012100,0.002000,0.000700,0.032600,0.007200,0.016100,0.001100,0.1629,0.018000,0.062000,0.2502,0.1053,0.001500,0.030800,0.014900,0.036700,0.024100,0.026700,7.2829,0.059000,0.006500,0.000100,0,10.8911,0,0,0,0,0,0,0,50,0,0,0,0,1,1,9,9,2,1,1,4,1,1,1,1,1,1,7,7,1,1,50,9,6,42,76,794,950,0,0,0,0,0,-100,-100,-100,-100,600,1440,107.7673,0,0,-0.000000,-1,0,0,0,1,0,13.7344,5,50,75.1289,13.7344,0,0,48.9844,0,100,0,0,0,0,0,0,0,0,0,1.2173,1.2173,1,1.2173,1.2173,8.0859,8.9635,20141,90,568,135,10871.5273,3604.8164,7255.1055,0,14475.6406,11.2083,3.8387,7.4679,11.2083,3.8395,3.0343,33.3333,5.5570,21.6732,0.000200,0.022200,0.000500,0.000600,0.001900,0.006900,0.000600,0.072900,0,0.018400,0.030700,0.037700,0.3557,0.1903,0.019500,0.005100,0.064900,0,0.045400,0.013800,0.2354,0.005200,0.032200,0.1328,0.018500,0.096000,0.4164,0.6195,0.3806,0.056300,2.7415,0.094200,0.031800,0.038900,0.7192,0.082300,0.002500,0.004500,0.062100,0.2008,0.050200,0.000600,0.6124,983,388938,0,2333,1318,0,1.3178,0,0,0.000900,0.008200,0,0,0,0,0,0,0,0,0,0,0,0,0,0,0,0,0,0,0,0,0,0,0
,0.020500,0.006300,2,56,0,54,0,0,13,233,11,0,454,3,0,0,12,2,0,0,0,0,0.017800,0.005600,0.3470,0.005700,0.010000,0.000800,0.8667,0.1825,0.051000,0.1318,0.001100,0.026600,0,1,768,256,11229,3565.7148,15494.9102,239.1602,0.001500,3,0.000200,0.008600,0.002300,0.014700,0.1865,0,0,0.065400,0.2714,2.7560,0.073300,0.000200,0.002300,0.000200,0.000200,0.006100,0.008200,0.066300,0.005500,0.035400,0.1473,0.012100,0.007500,1.6788,0.033300,0.010600,0.041300,0.013500,0.020500,0.082100,0.009800,0.068200,0.002200,0.1182,0.009100,0.071200,0.6215,0.005000,2.3513,0.000300,0.1961,0.000500,0.000300,0.034200,0.3274,0.7778,0.031000,1.2775,0.2649,0.002400,0.012300,0.000500,0.044000,0.3277,9.5517,8.7628,13.0955,634,16,0.2500,0,16,3.8438,1,0,0,629,1,0,115,102,13,0,-1,-1,0,-1,-1,13.9904,4.9185,0,1525.2227,1525.2227,1525.0977,95,876,561,321,0,0,0.001000,0,0,0.016000,0.083400,0.000700,0.012900,0.067600,0.038700,0.001000,0.001900,0.000300,0.001600,0.006800,0.001000,0.004100,0.022600,0.1316,0.056900,0.094900,0.1444,0.046100,0.2221,0.019500,0.044500,0.000300,0.005700,0.062000,0.008100,0.001300,0.000600,0.025200,0.006500,0.011400,0.001200,0.1344,0.014600,0.051700,0.2216,0.085800,0.001200,0.035600,0.002500,0.036200,0.035100,0.017200,8.9406,0.075800,0.006000,0.000200,0,11.2956,0,0,0,0,0,0,0,50,0,0,0,0,1,1,9,9,2,1,1,4,1,1,1,1,1,1,7,7,1,1,50,9,6,42,76,794,950,0,0,0,0,0,-100,-100,-100,-100,600,1440,107.7673,0,0,-0.000000,-1,0,0,0,1,0,13.7344,5,50,75.1289,13.7344,0,0,48.9844,0,100,0,0,0,0,0,0,0,0,0,0.4276,0.4276,1,0.4276,0.4276,19.1893,8.9635,20141,90,568,135,10871.7539,3604.8164,7255.1055,0,14476.3438,11.1639,2.2212,8.1167,11.1639,2.2230,3.2350,33.3333,5.4477,22.4496,0.000600,0.021200,0.000500,0.000600,0.001900,0.007200,0.000600,0.072500,0,0.018300,0.027300,0.036500,0.3370,0.1892,0.019400,0.005100,0.061900,0,0.046200,0.015400,0.1872,0.005100,0.032000,0.1341,0.015200,0.093000,0.4393,0.7235,0.3535,0.057400,2.4892,0.095300,0.031700,0.048900,0.6959,0.090000,0.001900,0.002500,0.060100,0.1956,0.050200,0.000600,0.6097,932,387160,0.051100,0,0,0,0,0,0.010800,0.002000,0.008100,0,0,0,0,0,0,0,0,0,0,0,0,0,0,0,0,0,0,0,0,0,0,0
,0.015800,0.006400,2,56,0,54,0,0,13,233,15,0,454,3,0,0,12,2,0,0,0,0,0,0.012000,0.3650,0.006100,0.010400,0.001100,0.9996,0.2106,0.063700,0.1594,0,0.042900,0,1,768,256,11229,3565.7148,15494.9102,239.1602,0,3,0.000200,0.010000,0.002100,0.019600,0.1708,0,0,0.065000,0.3568,2.6081,0.069300,0.000300,0.001500,0.000300,0.000300,0.007700,0.008800,0.048500,0.005600,0.034200,0.1156,0.012500,0.006400,1.4341,0.029300,0.008000,0.039900,0.011900,0.019200,0.078000,0.012300,0.076200,0.002300,0.1127,0.008500,0.069600,0.5900,0.004800,2.3618,0.000200,0.1825,0.000500,0.000300,0.029600,0.3030,0.8705,0.024100,0.9434,0.1389,0.002300,0.012700,0.000500,0.037500,0.1337,9.8916,8.7628,13.0955,634,16,0.2500,0,16,3.8438,1,0,0,629,1,0,115,102,13,0,-1,-1,0,-1,-1,13.9904,4.9185,0,1525.2227,1525.2227,1441.5039,95,876,561,321,0,0,0.001200,0,0,0.014600,0.081100,0.000600,0.011200,0.073600,0.042700,0.000900,0.001600,0.000500,0.001400,0.006500,0.001300,0.004100,0.024800,0.1517,0.073200,0.080600,0.1525,0.052800,0.1977,0.017700,0.3526,0.000300,0.001400,0.066700,0.008500,0.001400,0.000500,0.026900,0.007300,0.012400,0.001400,0.1467,0.016400,0.041500,0.1927,0.068400,0.001300,0.045200,0.002700,0.018400,0.024400,0.017700,9.2855,0.063500,0.011000,0.000100,0,11.1967,0,0,0,0,0,0,0,50,0,0,0,0,1,1,9,9,2,1,1,4,1,1,1,1,1,1,7,7,1,1,50,9,6,42,76,794,950,0,0,0,0,0,-100,-100,-100,-100,600,1440,107.7673,0,0,-0.000000,-1,0,0,0,1,0,13.7344,5,50,75.1289,13.7344,0,0,48.9844,0,100,0,0,0,0,0,0,0,0,0,0.7057,0.7057,1,0.7057,0.7057,31.0039,8.9635,20141,90,568,135,10871.0781,3604.8164,7255.1055,0,14476.5703,11.8168,2.5864,7.3355,11.8168,2.5864,3.1504,33.3333,5.1268,21.9937,0.000200,0.022600,0.000500,0.000600,0.001800,0.010200,0.000600,0.074400,0,0.021500,0.020200,0.033300,0.3713,0.1926,0.019500,0.005100,0.061800,0,0.045900,0.025900,0.1873,0.006100,0.032300,0.1379,0.015300,0.090100,0.4335,0.7369,0.3027,0.057400,2.4200,0.095200,0.030700,0.039500,0.6929,0.094500,0.003900,0.004600,0.061100,0.1987,0.049100,0.000600,0.6192,988,398546,0,0,0,0,0,0,0.002500,0,0.008200,0,0,0,0,0,0,0,0,0,0,0,0,0,0,0,0,0,0,0,0,0,0,0
,0.019700,0.008400,2,73,0,71,0,0,14,233,27,0,454,3,0,0,13,2,0,0,0,0,0.017500,0.007400,0.3236,0.005100,0.010700,0.001000,0.8661,0.1805,0.052900,0.1221,0.002300,0.028500,0,1,768,256,11229,3565.7148,15494.9102,239.1602,0.003100,4,0.000300,0.013300,0.002200,0.019300,0.2097,0,0,0.062200,0.2122,2.5971,0.064400,0.000200,0.001400,0.000200,0.000200,0.006600,0.008200,0.050600,0.005400,0.032000,0.1054,0.010900,0.006000,1.1335,0.025800,0.009300,0.033500,0.011800,0.018000,0.081300,0.099200,0.083300,0.002500,0.1172,0.008600,0.075200,0.6196,0.005700,2.3730,0.000400,0.1911,0.000800,0.000400,0.030800,0.2972,0.7397,0.025800,0.9164,0.1490,0.002100,0.009700,0.000400,0.037000,0,9.2686,8.7628,13.0955,634,16,0.2500,0,16,3.8438,1,0,0,629,1,0,115,102,13,0,-1,-1,0,-1,-1,13.9904,4.9185,0,1525.2227,1525.2227,1525.0977,95,878,561,321,0,0,0.001100,0,0,0.015900,0.082000,0.001000,0.013600,0.073900,0.041800,0.000900,0.001900,0.000300,0.003100,0.008600,0.001200,0.004700,0.025900,0.1525,0.059600,0.078800,0.1663,0.046800,0.1791,0.023000,0.2054,0.000400,0.001600,0.064700,0.009000,0.001400,0.000400,0.028200,0.006100,0.011700,0.001200,0.1460,0.014700,0.047100,0.2184,0.069600,0.001400,0.041000,0.002700,0.035200,0.025200,0.019100,8.8151,0.059800,0.006200,0.000100,0,11.5820,0,0,0,0,0,0,0,50,0,0,0,0,1,1,9,9,2,1,1,4,1,1,1,1,1,1,7,7,1,1,50,9,6,42,76,794,950,0,0,0,0,0,-100,-100,-100,-100,600,1440,107.7673,0,0,-0.000000,-1,0,0,0,1,0,13.7344,5,50,75.1289,13.7344,0,0,48.9844,0,100,0,0,0,0,0,0,0,0,0,0.5637,0.5637,1,0.5637,0.5637,41.9689,8.9635,20141,90,568,135,10871.9336,3604.8164,7255.1055,0,14475.8945,10.8334,2.1323,7.3972,10.8334,2.1333,3.0996,33.3333,5.7348,23.0348,0.000300,0.021500,0.000700,0.000600,0.001700,0.008600,0.000600,0.074700,0,0.018400,0.021700,0.040300,0.3382,0.1932,0.020400,0.006200,0.063500,0,0.046100,0.022700,0.1953,0.005200,0.032500,0.1401,0.015500,0.092200,0.4309,0.6760,0.3027,0.058200,3.2654,0.096300,0.031700,0.039400,0.6924,0.072000,0.002000,0.002300,0.062500,0.1957,0.050200,0.000700,0.6202,985,400442,0,0,0,0,0,0,0.004100,0.001200,0.008400,0,0,0,0,0,0,0,0,0,0,0,0,0,0,0,0,0,0,0,0,0,0,0
,0.022300,0.006500,0,0,0,0,0,0,0,0,0,0,0,0,0,0,0,0,0,0,0,0,0,0.011900,0.3316,0.005600,0.009500,0.001100,0.9203,0.1937,0.050700,0.1316,0.001100,0.023300,0,1,768,256,11229,3565.7148,15494.9102,239.1602,0.002000,3,0,0.008000,0.002100,0.019500,0.1747,0,0,0.058500,0.3599,2.5011,0.062200,0.000300,0.001100,0.000200,0.000200,0.006600,0.007800,0.061600,0.005100,0.031700,0.1325,0.010700,0.005800,1.1737,0.026100,0.008400,0.030600,0.011900,0.019500,0.078500,0.007900,0.071900,0.002000,0.1019,0.008000,0.069700,0.5859,0.004200,2.3154,0.000300,0.1789,0.000700,0.000300,0.027900,0.3664,0.6372,0.023800,0.9225,0.4228,0.002400,0.013900,0.000500,0.036500,0.1006,8.6784,8.7628,13.0955,634,16,0.2500,0,16,3.8438,1,0,0,629,1,0,115,102,13,0,-1,-1,0,-1,-1,13.9904,4.9185,0,1525.2227,1525.2227,1441.5039,95,875,561,321,0,0,0.000900,0,0,0.014700,0.083500,0.000600,0.011400,0.067600,0.039300,0.001000,0.001800,0.000200,0.001600,0.006400,0.001400,0.004200,0.022700,0.1541,0.059900,0.075700,0.1533,0.043700,0.1801,0.033700,0.067100,0.000200,0.002000,0.063800,0.008400,0.001400,0.000500,0.027600,0.006800,0.012800,0.001100,0.1389,0.016200,0.039700,0.2135,0.070800,0.001100,0.041100,0.002300,0.034400,0.022600,0.018900,8.0580,0.057400,0.007300,0.000200,0,11.0222,0,0,0,0,0,0,0,50,0,0,0,0,1,1,9,9,2,1,1,4,1,1,1,1,1,1,7,7,1,1,50,9,6,42,76,794,950,0,0,0,0,0,-100,-100,-100,-100,600,1440,107.7673,0,0,-0.000000,-1,0,0,0,1,0,13.7344,5,50,75.1289,13.7344,0,0,48.9844,0,100,0,0,0,0,0,0,0,0,0,0.4375,0.4375,1,0.4375,0.4375,52.0574,8.9635,20141,90,568,135,10871.9492,3604.8164,7255.1055,0,14476.7500,10.2406,2.0376,7.3972,10.2406,2.0385,2.9410,33.3333,5.2855,24.0148,0.000500,0.020800,0.000500,0.000600,0.001400,0.008600,0.000600,0.073300,0,0.025500,0.029500,0.036900,0.3456,0.1862,0.018400,0.006200,0.062400,0,0.045900,0.019800,0.1827,0.005200,0.031700,0.1414,0.015400,0.088800,0.4286,0.7405,0.3009,0.056200,2.4088,0.094200,0.031700,0.039300,0.6831,0.097000,0.002300,0.004700,0.060700,0.1985,0.049200,0.000800,0.6040,998,400270,0,0,0,0,0,0,0,0.001100,0.008300,0,0,0,0,0,0,0,0,0,0,0,0,0,0,0,0,0,0,0,0,0,0,0
,0.014600,0.078500,4,136,0,132,0,0,27,466,74,0,908,6,0,0,25,4,0,0,0,0,0.017700,0.007200,0.3352,0.006600,0.009700,0.000900,0.8781,0.1688,0.060500,0.1355,0.001000,0.040600,0.002600,2,768,256,11229,3565.7148,15494.9102,239.1602,0.001400,2,0.000200,0.008700,0.002400,0.019200,0.1882,0,0,0.072300,0.2602,2.6526,0.070000,0.000300,0.001700,0.000200,0.000300,0.007000,0.007300,0.044900,0.005200,0.034600,0.1419,0.011600,0.006200,1.5096,0.028900,0.009700,0.030300,0.012000,0.019000,0.088400,0.014700,0.096200,0.003000,0.1024,0.008300,0.071500,0.6073,0.005000,2.3608,0.000300,0.1964,0.000700,0.000300,0.028600,0.3090,0.9242,0.024700,0.9408,0.1248,0.002100,0.013500,0.000400,0.070400,0.2451,8.9234,8.7628,13.0955,634,16,0.2500,0,16,3.8438,1,0,0,629,1,0,115,102,13,0,-1,-1,0,-1,-1,13.9904,4.9185,0,1525.2227,1525.2227,1441.6289,95,876,561,321,0,0,0.000900,0,0,0.014900,0.077800,0.000900,0.012400,0.066700,0.042000,0.000900,0.001400,0.000200,0.001700,0.006100,0.001100,0.003900,0.022600,0.1571,0.056500,0.083400,0.1498,0.043800,0.1628,0.021700,0.1138,0.000400,0.001400,0.063200,0.008300,0.001400,0.000300,0.023800,0.006000,0.012000,0.000800,0.1385,0.014500,0.041500,0.1845,0.068200,0.001400,0.039800,0.002600,0.016600,0.022000,0.016700,8.3680,0.064000,0.006200,0.000200,0,10.1502,0,0,0,0,0,0,0,50,0,0,0,0,1,1,9,9,2,1,1,4,1,1,1,1,1,1,7,7,1,1,50,9,6,42,76,794,950,0,0,0,0,0,-100,-100,-100,-100,600,1440,107.7673,0,0,-0.000000,-1,0,0,0,1,0,13.7344,5,50,75.1289,13.7344,0,0,48.9844,0,100,0,0,0,0,0,0,0,0,0,0.4499,0.4499,1,0.4499,0.4499,62.4976,8.9635,20141,90,568,135,10871.9492,3604.8164,7255.1055,0,14476.7656,10.3728,2.1066,7.3481,10.3728,2.1066,2.6652,33.3333,5.7876,23.6300,0.000200,0.022100,0.000600,0.000700,0.001700,0.008400,0.000600,0.074800,0,0.023500,0.020500,0.026500,0.7939,0.1966,0.021500,0.005100,0.062300,0,0.047900,0.008400,0.1936,0.005100,0.034400,0.1419,0.015700,0.089700,0.4305,0.7134,0.3073,0.058400,2.5371,0.095200,0.030700,0.038300,0.6886,0.1001,0.001800,0.002900,0.061900,0.1987,0.049200,0.000600,0.6123,952,390946,0,0,0,0,0,0,0,0,0.008700,0,0,0,0,0,0,0,0,0,0,0,0,0,0,0,0,0,0,0,0,0,0,0
,0.019000,0.009100,2,59,0,57,0,0,13,233,27,0,454,3,0,0,12,2,0,0,0,0,0.008800,0.013900,0.3242,0.005900,0.007600,0.001000,0.8689,0.2171,0.051100,0.1234,0.001000,0.029700,0,1,768,256,11229,3565.7148,15494.9102,239.1602,0.001700,6,0.000400,0.008100,0.002000,0.017800,0.5769,0,0,0.061000,0.2032,2.5643,0.060400,0.000200,0.001400,0.000200,0.000300,0.007500,0.007200,0.041100,0.004600,0.031000,0.097200,0.010600,0.006000,0.5866,0.028900,0.009000,0.025300,0.011200,0.018800,0.088400,0.009500,0.074900,0.002000,0.097100,0.011200,0.072000,0.6555,0.005700,2.4592,0.000500,0.2167,0.000600,0.000300,0.034500,0.3093,0.6944,0.025000,0.9274,0.1497,0.002000,0.010000,0.000700,0.036300,0,9.4088,8.7628,13.0955,634,16,0.2500,0,16,3.8438,1,0,0,629,1,0,115,102,13,0,-1,-1,0,-1,-1,13.9904,4.9185,0,1525.2227,1525.2227,1525.0977,95,874,561,321,0,0,0.001000,0,0,0.014900,0.082600,0.000700,0.011400,0.069700,0.040900,0.001200,0.001300,0.000300,0.001600,0.006300,0.001200,0.003900,0.021700,0.1505,0.056300,0.079800,0.1527,0.043700,0.2043,0.018900,0.1814,0.000500,0.001600,0.062000,0.008800,0.001300,0.000400,0.025300,0.006400,0.012100,0.001100,0.1559,0.014400,0.040800,0.2082,0.070900,0.001100,0.041600,0.002300,0.033000,0.022400,0.017300,8.9555,0.058000,0.006900,0.000100,0,10.5038,0,0,0,0,0,0,0,50,0,0,0,0,1,1,9,9,2,1,1,4,1,1,1,1,1,1,7,7,1,1,50,9,6,42,76,794,950,0,0,0,0,0,-100,-100,-100,-100,600,1440,107.7673,0,0,-0.000000,-1,0,0,0,1,0,13.7344,5,50,75.1289,13.7344,0,0,48.9844,0,100,0,0,0,0,0,0,0,0,0,0.5170,0.5170,1,0.5170,0.5170,11.6640,8.9635,20141,90,568,135,10871.9492,3604.8164,7255.1055,0,14476.7656,11.1693,2.2417,7.7710,11.1693,2.2417,3.0001,33.3333,5.4909,23.9676,0.000200,0.021700,0.000500,0.000600,0.001800,0.010400,0.000600,0.074100,0,0.016300,0.028800,0.036300,0.3414,0.1910,0.020400,0.006200,0.063500,0,0.045200,0.007200,0.2022,0.005100,0.032700,0.1392,0.015700,0.091900,0.4367,0.6152,0.3605,0.057400,2.0941,0.9769,0.030700,0.040200,0.6901,0.085300,0.001800,0.002500,0.062500,0.1966,0.049200,0.000600,0.6127,1008,405426,0,2175,1244,0,1.6242,0,0,0,0.008800,0,0,0,0,0,0,0,0,0,0,0,0,0,0,0,0,0,0,0,0,0,0,0
,0.017400,0.009800,2,76,0,74,0,0,14,233,41,0,454,3,0,0,13,2,0,0,0,0,0.008500,0.006300,0.3364,0.006800,0.008800,0.001300,0.8794,0.1840,0.048200,0.1270,0.001000,0.043100,0,2,768,256,11229,3565.7148,15494.9102,239.1602,0.001700,4,0.000200,0.008600,0.002200,0.019600,0.1808,0,0,0.058000,0.2430,2.6155,0.063400,0.000200,0.001200,0.000200,0.000200,0.005900,0.006600,0.046800,0.005500,0.033200,0.1454,0.011200,0.006500,1.1843,0.026700,0.008400,0.029800,0.011300,0.018400,0.094200,0.012500,0.066900,0.002200,0.085100,0.008200,0.070400,0.5757,0.005700,2.3319,0.000200,0.1873,0.000500,0.000400,0.030100,0.3511,0.5954,0.023100,0.8749,0.1696,0.001900,0.010400,0.000600,0.035700,0.4331,7.5778,8.7628,13.0955,634,16,0.2500,0,16,3.8438,1,0,0,629,1,0,115,102,13,0,-1,-1,0,-1,-1,13.9904,4.9185,0,1525.2227,1525.2227,1525.0977,95,880,561,321,0,0,0.000800,0,0,0.014600,0.084200,0.000600,0.011500,0.066800,0.038400,0.001100,0.001700,0.000400,0.001700,0.006600,0.000800,0.003800,0.020800,0.1185,0.054700,0.077600,0.1626,0.040300,0.5892,0.016200,0,0.000200,0.001600,0.066700,0.009100,0.001200,0.000600,0.025500,0.006700,0.012600,0.001500,0.1448,0.020100,0.046000,0.2026,0.069100,0.001100,0.029300,0.003300,0.032700,0.021000,0.020000,7.0254,0.063400,0.006600,0.000100,0,11.2505,0,0,0,0,0,0,0,50,0,0,0,0,1,1,9,9,2,1,1,4,1,1,1,1,1,1,7,7,1,1,50,9,6,42,76,794,950,0,0,0,0,0,-100,-100,-100,-100,600,1440,107.7673,0,0,-0.000000,-1,0,0,0,1,0,13.7344,5,50,75.1289,13.7344,0,0,48.9844,0,100,0,0,0,0,0,0,0,0,0,0.4336,0.4336,1,0.4336,0.4336,21.1805,8.9635,20141,90,568,135,10871.9492,3604.8164,7255.1055,0,14476.7656,9.6373,2.4990,7.7710,9.6373,2.4990,2.8242,33.3333,5.6102,23.5423,0.000600,0.021100,0.000500,0.000600,0.001700,0.009400,0.000600,0.077100,0,0.019400,0.022300,0.038000,0.3600,0.1964,0.019500,0.005100,0.066600,0,0.046000,0.009200,0.1939,0.006200,0.032300,0.1406,0.014900,0.093700,0.4287,0.6856,0.3561,0.057400,2.5058,0.095200,0.031800,0.039600,0.6940,0.086600,0.002000,0.002600,0.062600,0.1986,0.049200,0.000700,0.6157,966,390930,0,0,0,0,0,0,0.001800,0,0.009100,0,0,0,0,0,0,0,0,0,0,0,0,0,0,0,0,0,0,0,0,0,0,0
,0.017300,0.006700,2,69,0,67,0,0,13,233,26,0,454,3,0,0,12,2,0,0,0,0,0.009700,0.010000,0.3241,0.006200,0.009100,0.000900,0.8643,0.2150,0.050100,0.1206,0.001000,0.033000,0,0,768,256,11229,3565.7148,15494.9102,239.1602,0.001800,6,0.000400,0.008600,0.002300,0.017300,0.2869,0,0,0.063900,0.2895,2.7640,0.062000,0.000200,0.001700,0.000200,0.000300,0.006800,0.019700,0.044900,0.005200,0.032400,0.1288,0.011000,0.006000,0.5870,0.025700,0.008400,0.026700,0.012400,0.018900,0.1000,0.014300,0.078900,0.002200,0.082600,0.009400,0.072200,0.6083,0.005500,2.3218,0.000300,0.1870,0.000500,0.000500,0.028700,0.3030,0.6771,0.022900,0.8944,0.1116,0.002100,0.012000,0.000500,0.033300,0.2045,8.8437,8.7628,13.0955,634,16,0.2500,0,16,3.8438,1,0,0,629,1,0,115,102,13,0,-1,-1,0,-1,-1,13.9904,4.9185,0,1525.2227,1525.2227,1525.0977,95,878,561,322,0,0,0.001100,0,0,0.014700,0.078900,0.000600,0.012300,0.067300,0.038900,0.000900,0.002100,0.000200,0.001400,0.006500,0.001000,0.003900,0.024000,0.1468,0.055200,0.078200,0.1613,0.045700,0.1959,0.032800,0.063100,0.000200,0.001600,0.064900,0.008200,0.001200,0.000400,0.026400,0.006500,0.011700,0.001500,0.1357,0.014000,0.038400,0.1883,0.071800,0.001200,0.030300,0.002700,0.017800,0.021900,0.015800,8.2387,0.084600,0.006900,0.000100,0,9.5612,0,0,0,0,0,0,0,50,0,0,0,0,1,1,9,9,2,1,1,4,1,1,1,1,1,1,7,7,1,1,50,9,6,42,76,794,950,0,0,0,0,0,-100,-100,-100,-100,600,1440,107.7673,0,0,-0.000000,-1,0,0,0,1,0,13.7344,5,50,75.1289,13.7344,0,0,48.9844,0,100,0,0,0,0,0,0,0,0,0,0.4374,0.4374,1,0.4374,0.4374,31.6258,8.9635,20141,90,568,135,10871.9414,3604.8164,7255.1055,0,14476.7656,10.4368,2.2206,7.3815,10.4368,2.2206,2.8233,33.3333,5.4866,23.9491,0.000200,0.021700,0.000700,0.000600,0.001900,0.008300,0.001700,0.075300,0,0.017300,0.020000,0.033400,0.3409,0.2044,0.019500,0.005100,0.062200,0,0.045200,0.019200,0.1796,0.005100,0.032900,0.1412,0.014100,0.1133,0.4181,0.6921,0.3141,0.057400,2.1409,0.093200,0.031800,0.039500,0.6905,0.063500,0.001900,0.002400,0.060800,0.1935,0.050200,0.000700,0.6064,952,392056,0.067900,0,0,0,0,0,0,0,0.008300,0,0,0,0,0,0,0,0,0,0,0,0,0,0,0,0,0,0,0,0,0,0,0
,0.018300,0.010700,2,60,0,58,0,0,13,233,27,0,454,3,0,0,12,2,0,0,0,0,0.008400,0.003400,0.3411,0.004800,0.009200,0.000900,0.8897,0.1727,0.052900,0.1344,0.000900,0.024700,0,1,768,256,11229,3565.7148,15494.9102,239.1602,0.001700,4,0.000300,0.009700,0.002600,0.013100,0.1814,0,0,0.061000,0.2376,2.5713,0.065500,0.000300,0.001100,0.000200,0.000400,0.007200,0.020000,0.041300,0.005700,0.039700,0.1263,0.010100,0.006200,0.6919,0.024300,0.008800,0.028600,0.012300,0.019200,0.089300,0.008500,0.069800,0.002000,0.075900,0.008000,0.068700,0.5873,0.005600,2.4333,0.000300,0.2050,0.000600,0.000300,0.029200,0.3772,0.6536,0.026700,0.9917,0.1166,0.002400,0.011000,0.000500,0.037700,0.097400,6.9260,8.7628,13.0955,634,16,0.2500,0,16,3.8438,1,0,0,629,1,0,115,102,13,0,-1,-1,0,-1,-1,13.9904,4.9185,0,1525.2227,1525.2227,1525.0977,95,874,561,322,0,0,0.001000,0,0,0.014500,0.084300,0.000900,0.012800,0.077400,0.046900,0.000900,0.001700,0.000300,0.001600,0.007000,0.001000,0.004000,0.020800,0.1542,0.056800,0.081900,0.1684,0.037800,0.1846,0.025500,1.3308,0.000400,0.001900,0.068900,0.010800,0.001500,0.000400,0.031200,0.006400,0.014500,0.001200,0.1489,0.014600,0.046600,0.2039,0.068100,0.001200,0.049900,0.002400,0.031800,0.022200,0.019500,6.3733,0.057400,0.006900,0.000100,0,10.4069,0,0,0,0,0,0,0,50,0,0,0,0,1,1,9,9,2,1,1,4,1,1,1,1,1,1,7,7,1,1,50,9,6,42,76,794,950,0,0,0,0,0,-100,-100,-100,-100,600,1440,107.7673,0,0,-0.000000,-1,0,0,0,1,0,13.7344,5,50,75.1289,13.7344,0,0,48.9844,0,100,0,0,0,0,0,0,0,0,0,1.6870,1.6870,1,1.6870,1.6870,41.4902,8.9635,20141,90,568,135,10871.9414,3604.8164,7255.1055,0,14476.7578,9.8411,3.4652,7.9710,9.8411,3.4670,2.9598,33.3333,5.9453,23.6855,0.000600,0.021500,0.000500,0.000600,0.001700,0.007900,0.001700,0.072400,0,0.020500,0.021300,0.034700,0.3558,0.1966,0.019500,0.006100,0.066200,0,0.043900,0.010600,0.1642,0.005100,0.033400,0.1361,0.015200,0.089600,0.4412,0.6883,0.3002,0.057400,2.3314,0.095200,0.034900,0.042000,0.7240,0.1039,0.001900,0.002900,0.062200,0.2163,0.050100,0.000600,0.6192,976,399852,0,0,0,0,0,0.049300,0,0.002000,0.008700,0,0,0,0,0,0,0,0,0,0,0,0,0,0,0,0,0,0,0,0,0,0,0
,0.016600,0.008600,2,64,0,62,0,0,13,233,23,0,454,3,0,0,12,2,0,0,0,0,0,0.004500,0.3327,0.006200,0.008700,0.001400,0.8684,0.1987,0.059100,0.1468,0,0.033900,0,0,768,256,11229,3565.7148,15494.9102,239.1602,0,5,0,0.008300,0.002500,0.022500,0.1921,0,0,0.063500,0.2457,2.7527,0.066800,0.000400,0.001500,0.000200,0.000300,0.008600,0.008600,0.050600,0.007300,0.041700,0.1907,0.012300,0.007000,0.4130,0.027400,0.008100,0.027700,0.011800,0.019500,0.1054,0.009300,0.069800,0.002600,0.078200,0.008600,0.072100,0.6331,0.005500,2.3586,0.000300,0.1949,0.001400,0.000400,0.031100,0.3782,0.6831,0.026700,0.9832,0.4855,0.002000,0.018100,0.000600,0.058100,0.3726,8.2546,8.7628,13.0955,634,16,0.2500,0,16,3.8438,1,0,0,629,1,0,115,102,13,0,-1,-1,0,-1,-1,13.9904,4.9185,0,1525.2227,1525.2227,1525.0977,95,875,561,322,0,0,0.000900,0,0,0.017600,0.078800,0.000600,0.011900,0.069200,0.039400,0.001000,0.001600,0.000300,0.001500,0.006300,0.001000,0.003700,0.022500,0.1578,0.056400,0.081600,0.1537,0.047700,0.1884,0.032600,0.054400,0.000100,0.001400,0.063200,0.007900,0.001100,0.000500,0.026100,0.006300,0.012600,0.001000,0.1375,0.014300,0.041500,0.2031,0.070700,0.001200,0.041900,0.002500,0.032700,0.022000,0.016300,7.7647,0.061800,0.006800,0.000100,0,9.8709,0,0,0,0,0,0,0,50,0,0,0,0,1,1,9,9,2,1,1,4,1,1,1,1,1,1,7,7,1,1,50,9,6,42,76,794,950,0,0,0,0,0,-100,-100,-100,-100,600,1440,107.7673,0,0,-0.000000,-1,0,0,0,1,0,13.7344,5,50,75.1289,13.7344,0,0,48.9844,0,100,0,0,0,0,0,0,0,0,0,0.4365,0.4365,1,0.4365,0.4365,51.4305,8.9635,20141,90,568,135,10876.4883,3604.8164,7255.1055,0,14476.7578,9.8951,2.1802,7.4334,9.8951,2.1802,2.8284,33.3333,5.8910,22.7191,0.000300,0.020500,0.000600,0.000600,0.001800,0.007400,0.000600,0.074700,0,0.021500,0.021000,0.027500,0.3555,0.1940,0.018400,0.006100,0.062200,0,0.045600,0.011000,0.1850,0.006100,0.031000,0.1365,0.015700,0.089200,0.4253,0.7020,0.3707,0.057300,2.4830,0.095200,0.030800,0.038600,0.6897,0.095300,0.001900,0.002600,0.062300,0.1976,0.049200,0.000700,0.6540,933,387568,0,0,0,0,0,0.074300,0,0,0.007900,0,0,0,0,0,0,0,0,0,0,0,0,0,0,0,0,0,0,0,0,0,0,0
,0.015600,0.070500,2,57,0,55,0,0,13,233,14,0,454,3,0,0,12,2,0,0,0,0,0.011400,0.004300,0.3155,0.004900,0.008900,0.000900,0.8316,0.1916,0.053800,0.1318,0.002600,0.032300,0,0,768,256,11229,3565.7148,15494.9102,239.1602,0.001300,2,0.000200,0.007600,0.002200,0.013700,0.1763,0,0,0.068800,0.2972,2.7142,0.065700,0.000200,0.001300,0.000200,0.000300,0.006600,0.008400,0.042200,0.005300,0.031700,0.1294,0.011700,0.006600,0.8548,0.024500,0.008000,0.028700,0.012100,0.019600,0.093300,0.014000,0.076400,0.002100,0.076500,0.013300,0.068400,0.6317,0.005100,2.3795,0.000400,0.2032,0.000600,0.000300,0.031000,0.3135,1.0329,0.027300,1.0169,0.1153,0.001800,0.014200,0.000500,0.040800,0,8.7935,8.7628,13.0955,634,16,0.2500,0,16,3.8438,1,0,0,629,1,0,115,102,13,0,-1,-1,0,-1,-1,13.9904,4.9185,0,1525.2227,1525.2227,1441.5039,95,878,561,322,0,0,0.001100,0,0,0.015400,0.082500,0.000800,0.014000,0.074700,0.048500,0.000900,0.002500,0.000300,0.001600,0.007400,0.001100,0.004800,0.027500,0.1389,0.062400,0.087200,0.1705,0.051900,0.2421,0.020500,0.051700,0.000300,0.006500,0.069800,0.008700,0.002700,0.000600,0.029600,0.006900,0.012800,0.001100,0.1477,0.015500,0.041800,0.1958,0.074700,0.001100,0.042200,0.002400,0.017800,0.024000,0.017700,8.2213,0.063600,0.005900,0,0,9.9224,0,0,0,0,0,0,0,50,0,0,0,0,1,1,9,9,2,1,1,4,1,1,1,1,1,1,7,7,1,1,50,9,6,42,76,794,950,0,0,0,0,0,-100,-100,-100,-100,600,1440,107.7673,0,0,-0.000000,-1,0,0,0,1,0,13.7344,5,50,75.1289,13.7344,0,0,48.9844,0,100,0,0,0,0,0,0,0,0,0,0.4631,0.4631,1,0.4631,0.4631,61.9123,8.9635,20141,90,568,135,10875.6211,3600.0664,7255.1055,0,14476.5547,10.5691,2.2565,7.3903,10.5691,2.2565,2.9904,33.3333,5.9378,21.1804,0.000200,0.022400,0.000600,0.000600,0.001600,0.008000,0.000700,0.073500,0,0.022500,0.030400,0.039700,0.3595,0.2001,0.019500,0.005100,0.061600,0,0.045300,0.011100,0.1915,0.005100,0.032300,0.1361,0.015600,0.088500,0.4305,0.7622,0.3348,0.056300,2.4863,0.1014,0.9328,0.039100,0.7242,0.084900,0.002200,0.002500,0.063000,0.2006,0.049200,0.000600,0.5933,937,388084,0,0,0,0,0,0,0,0,0.008600,0,0,0,0,0,0,0,0,0,0,0,0,0,0,0,0,0,0,0,0,0,0,0
,0.015600,0.008500,2,57,0,55,0,0,13,233,13,0,454,3,0,0,12,2,0,0,0,0,0.011500,0.006500,0.3433,0.004600,0.009200,0.000800,0.8906,0.2004,0.054300,0.1279,0.001100,0.026200,0,1,768,256,11229,3565.7148,15494.9102,239.1602,0.003200,5,0.000100,0.008600,0.002200,0.015100,0.5223,0,0,0.064800,0.2244,2.6287,0.066500,0.000200,0.001200,0.000300,0.000200,0.006300,0.007800,0.041300,0.005000,0.032600,0.1010,0.010300,0.006100,0.6787,0.026300,0.008500,0.026300,0.011700,0.018000,0.089700,0.008800,0.073400,0.002400,0.084900,0.008600,0.072700,0.6214,0.005100,2.4287,0.000200,0.2062,0.000500,0.000300,0.029700,0.3125,0.6752,0.026700,0.9393,0.4529,0.002100,0.012000,0.000400,0.036100,0,9.0273,8.7628,13.0955,634,16,0.2500,0,16,3.8438,1,0,0,629,1,0,115,102,13,0,-1,-1,0,-1,-1,13.9904,4.9185,0,1525.2227,1525.2227,1525.0977,95,877,561,322,0,0,0.000900,0,0,0.014600,0.086000,0.000900,0.012600,0.076800,0.043000,0.000900,0.001600,0.000300,0.002000,0.006900,0.000900,0.004400,0.023200,0.1572,0.060500,0.081100,0.1560,0.045300,0.1896,0.032900,0.060200,0.000200,0.001700,0.069500,0.009000,0.001900,0.000600,0.027600,0.006600,0.012800,0.001100,0.1538,0.016100,0.041100,0.2110,0.069600,0.001300,0.042300,0.001900,0.033500,0.023500,0.017700,8.4356,0.062600,0.006100,0,0,10.2883,0,0,0,0,0,0,0,50,0,0,0,0,1,1,9,9,2,1,1,4,1,1,1,1,1,1,7,7,1,1,50,9,6,42,76,794,950,0,0,0,0,0,-100,-100,-100,-100,600,1440,107.7673,0,0,-0.000000,-1,0,0,0,1,0,13.7344,5,50,75.1289,13.7344,0,0,48.9844,0,100,0,0,0,0,0,0,0,0,0,0.4415,0.4415,1,0.4415,0.4415,9.5037,8.9635,20141,90,568,135,10875.6211,3598.8281,7248.4805,0,14474.4492,10.4421,2.0034,8.2891,10.4421,2.0034,2.9118,33.3333,5.7063,22.2682,0.000200,0.022800,0.000500,0.000600,0.001600,0.010300,0.000600,0.075200,0,0.020500,0.022000,0.040500,0.3435,0.1946,0.018400,0.006100,0.062100,0,0.047100,0.010500,0.1866,0.005100,0.032400,0.1428,0.015300,0.091800,0.4269,0.7159,0.3333,0.057300,2.4720,0.096300,0.030700,0.038800,0.6995,0.074700,0.002000,0.002700,0.060100,0.1976,0.049200,0.000600,0.6075,1031,409716,0,2584,1435,0,2.3561,0,0,0,0.008600,0,0,0,0,0,0,0,0,0,0,0,0,0,0,0,0,0,0,0,0,0,0,0
,0.016300,0.005300,2,80,0,78,0,0,14,233,43,0,454,3,0,0,13,2,0,0,0,0,0.009700,0.004700,0.3688,0.006400,0.010200,0.000900,0.8728,0.1853,0.052700,0.1402,0.001100,0.085900,0,0,768,256,11229,3565.7148,15494.9102,239.1602,0,6,0.000400,0.009000,0.002500,0.014000,0.1775,0,0,0.065700,0.3404,2.6708,0.087500,0.000200,0.001600,0.000300,0.000400,0.006900,0.007200,0.043100,0.005600,0.033800,0.1117,0.012500,0.006100,1.0378,0.028200,0.008900,0.036400,0.013100,0.020700,0.1032,0.011200,0.092100,0.002400,0.082800,0.008000,0.079500,0.6044,0.004700,2.3662,0.000400,0.1922,0.000600,0.000300,0.028500,0.3059,1.2004,0.029100,1.0059,0.1780,0.001900,0.010800,0.000600,0.038900,0,7.7133,8.7628,13.0955,634,16,0.2500,0,16,3.8438,1,0,0,629,1,0,115,102,13,0,-1,-1,0,-1,-1,13.9904,4.9185,0,1525.2227,1525.2227,1441.5039,95,881,561,322,0,0,0.001200,0,0,0.017500,0.080500,0.000500,0.012300,0.075000,0.040900,0.000800,0.001500,0.000200,0.001700,0.006200,0.001000,0.004200,0.022600,0.1376,0.057000,0.082500,0.1566,0.044300,0.1745,0.024600,0.9872,0.000300,0.001600,0.069300,0.009400,0.001800,0.000700,0.030200,0.006600,0.013700,0.001700,0.1434,0.015300,0.042200,0.2030,0.073200,0.001200,0.044900,0.002400,0.033200,0.021300,0.019200,7.0662,0.060300,0.006700,0.000100,0,10.4987,0,0,0,0,0,0,0,50,0,0,0,0,1,1,9,9,2,1,1,4,1,1,1,1,1,1,7,7,1,1,50,9,6,42,76,794,950,0,0,0,0,0,-100,-100,-100,-100,600,1440,107.7673,0,0,-0.000000,-1,0,0,0,1,0,13.7344,5,50,75.1289,13.7344,0,0,48.9844,0,100,0,0,0,0,0,0,0,0,0,0.4935,0.4935,1,0.4935,0.4935,19.5109,8.9635,20141,90,568,135,10875.6055,3598.8320,7248.4805,0,14474.4531,10.0203,2.9499,7.3636,10.0203,2.9517,2.9301,33.3333,5.8736,22.1496,0.000200,0.021000,0.000600,0.000700,0.001700,0.009100,0.000600,0.074900,0,0.016400,0.020000,0.032000,0.3688,0.6548,0.019400,0.005200,0.062200,0,0.047100,0.015600,0.1956,0.005100,0.032000,0.5832,0.029000,0.097200,0.4335,0.6734,0.2983,0.057400,2.3185,0.094200,0.031700,0.038700,0.6927,0.081400,0.001800,0.002500,0.061600,0.1978,0.049100,0.000700,0.7241,950,391180,0,0,0,0,0,0,0.004100,0.002000,0.007700,0,0,0,0,0,0,0,0,0,0,0,0,0,0,0,0,0,0,0,0,0,0,0
,0.016100,0.059900,2,57,0,55,0,0,13,233,16,0,454,3,0,0,12,2,0,0,0,0,0.017600,0.008300,0.3624,0.005800,0.008500,0.001200,0.8913,0.2075,0.060800,0.1379,0.001600,0.040100,0.002000,2,768,256,11229,3565.7148,15494.9102,239.1602,0.007100,4,0.000100,0.007300,0.001900,0.012100,0.2080,0,0,0.078500,0.2101,2.7836,0.075900,0.000200,0.001200,0.000300,0.000300,0.007200,0.007200,0.041800,0.005200,0.030600,0.3248,0.011500,0.006400,0.8871,0.031800,0.009400,0.041500,0.012000,0.019300,0.089200,0.012800,0.083800,0.002500,0.089300,0.009000,0.069100,0.5934,0.004700,2.3678,0.000300,0.1980,0.000600,0.000300,0.031300,0.3253,0.7157,0.024400,0.9623,0.1498,0.001800,0.010800,0.000500,0.038600,0,8.4620,8.7628,13.0955,634,16,0.2500,0,16,3.8438,1,0,0,629,1,0,115,102,13,0,-1,-1,0,-1,-1,13.9904,4.9185,0,1525.2227,1525.2227,1525.0977,95,883,561,322,0,0,0.000900,0,0,0.017600,0.081200,0.000500,0.012800,0.076500,0.041600,0.001000,0.001600,0.000200,0.002200,0.007000,0.000900,0.003800,0.022600,0.1851,0.056800,0.086200,0.1606,0.046200,0.1931,0.023400,0.9180,0.000400,0.002400,0.072100,0.010100,0.001500,0.000500,0.031900,0.006800,0.014500,0.001400,0.1457,0.014800,0.044000,0.2108,0.065900,0.001200,0.027600,0.003300,0.018200,0.024200,0.018100,7.8914,0.063300,0.006400,0.000200,0,10.0020,0,0,0,0,0,0,0,50,0,0,0,0,1,1,9,9,2,1,1,4,1,1,1,1,1,1,7,7,1,1,50,9,6,42,76,794,950,0,0,0,0,0,-100,-100,-100,-100,600,1440,107.7673,0,0,-0.000000,-1,0,0,0,1,0,13.7344,5,50,75.1289,13.7344,0,0,48.9844,0,100,0,0,0,0,0,0,0,0,0,0.5155,0.5155,1,0.5155,0.5155,30.3410,8.9635,20141,90,568,135,10875.6055,3598.8320,7248.4805,0,14474.4375,10.8060,2.9510,8.1399,10.8060,2.9510,2.8286,33.3333,5.8258,21.8225,0.000300,0.020600,0.000700,0.000600,0.001600,0.007000,0.000600,0.073200,0,0.020500,0.021600,0.032700,0.3452,0.2000,0.019500,0.006100,0.064600,0,0.048000,0.015200,0.1825,0.005100,0.031800,0.1355,0.015600,0.088900,0.4262,0.6826,0.3447,0.056300,2.4699,0.096300,0.030700,0.038800,0.7019,0.091600,0.001800,0.002400,0.063800,0.2028,0.050200,0.000700,0.6103,1008,419814,0,0,0,0,0,0,0,0,0.008400,0,0,0,0,0,0,0,0,0,0,0,0,0,0,0,0,0,0,0,0,0,0,0
,0.1012,0.017800,2,64,0,62,0,0,13,233,43,0,454,3,0,0,12,2,0,0,0,0,0.009800,0.007900,0.3465,0.005400,0.008800,0.000900,0.8804,0.1789,0.052900,0.1229,0,0.026000,0.001800,1,768,256,11229,3565.7148,15494.9102,239.1602,0,7,0.000400,0.012700,0.002600,0.015500,0.1900,0,0,0.055800,0.2813,2.6761,0.063900,0.000200,0.001300,0.000200,0.000400,0.006600,0.007300,0.040900,0.004900,0.029500,0.099500,0.010800,0.005900,1.3071,0.029800,0.010100,0.032700,0.012100,0.021100,0.085900,0.011800,0.066700,0.001900,0.076100,0.008300,0.070800,0.5978,0.004800,2.4631,0.000400,0.2524,0.000700,0.000400,0.034200,0.3431,0.9671,0.028900,1.0049,0.1599,0.002300,0.011400,0.000500,0.038200,0.049900,8.2375,8.7628,13.0955,634,16,0.2500,0,16,3.8438,1,0,0,629,1,0,115,102,13,0,-1,-1,0,-1,-1,13.9904,4.9185,0,1525.2227,1525.2227,1525.0977,95,881,561,322,0.001700,0.001700,0.000900,0,0,0.015500,0.085900,0.000500,0.012100,0.078300,0.043900,0.000900,0.001700,0.000200,0.001600,0.006300,0.001100,0.004300,0.023400,0.1626,0.059900,0.080500,0.1675,0.043600,0.1640,0.022900,0.7380,0.000400,0.001900,0.073400,0.009900,0.001600,0.000600,0.030300,0.007400,0.014600,0.001500,0.1550,0.015400,0.044000,0.2205,0.073400,0.001200,0.034500,0.002600,0.034400,0.022700,0.021900,7.5712,0.058800,0.006500,0.000100,0.002100,10.8258,0,0,0,0,0,0,0,50,0,0,0,0,1,1,9,9,2,1,1,4,1,1,1,1,1,1,7,7,1,1,50,9,6,42,76,794,950,0,0,0,0,0,-100,-100,-100,-100,600,1440,107.7673,0,0,-0.000000,-1,0,0,0,1,0,13.7344,5,50,75.1289,13.7344,0,0,48.9844,0,100,0,0,0,0,0,0,0,0,0,0.5605,0.5605,1,0.5605,0.5605,40.6582,8.9635,20141,90,568,135,10875.6133,3598.8320,7248.4805,0,14474.4375,10.3402,2.6994,7.3491,10.3402,2.7003,3.0338,33.3333,5.4219,22.1248,0.000200,0.021400,0.000600,0.000800,0.001400,0.008600,0.000700,0.072600,0,0.019500,0.026700,0.038500,0.3484,0.1900,0.018400,0.006200,0.066300,0,0.047400,0.013700,0.1851,0.005100,0.032600,0.1354,0.015900,0.090300,0.4262,0.6970,0.3666,0.056300,2.4779,0.096300,0.030700,0.039100,0.6931,0.085400,0.002100,0.002400,0.062500,0.2018,0.050200,0.000600,1.0319,966,408670,0.2974,0,0,0,0,0,0,0.001000,0.007800,0,0,0,0,0,0,0,0,0,0,0,0,0,0,0,0,0,0,0,0,0,0,0
,0.018200,0.007300,2,56,0,54,0,0,13,233,12,0,454,3,0,0,12,2,0,0,0,0,0.016000,0.004900,0.3472,0.005800,0.009400,0.001000,0.9412,0.1918,0.057400,0.1389,0.000800,0.034700,0.003900,1,768,256,11229,3565.7148,15494.9102,239.1602,0.003700,3,0.000200,0.008900,0.002300,0.016500,0.1695,0,0,0.059100,0.3110,3.0275,0.069200,0.000200,0.001200,0.000200,0.000300,0.007800,0.008300,0.057600,0.005600,0.035700,0.1316,0.011600,0.006100,0.6979,0.026900,0.010900,0.029800,0.012200,0.021000,0.094400,0.010200,0.089000,0.002700,0.089900,0.012100,0.078800,0.6437,0.005600,2.3484,0.000400,0.1873,0.000700,0.000300,0.029700,0.3021,0.7295,0.028300,1.1586,0.1677,0.002100,0.010700,0.000800,0.038800,0.1961,9.5755,8.7628,13.0955,634,16,0.2500,0,16,3.8438,1,0,0,629,1,0,115,102,13,0,-1,-1,0,-1,-1,13.9904,4.9185,0,1525.2227,1525.2227,1525.0977,95,879,561,321,0,0,0.001300,0,0,0.015300,0.081600,0.000600,0.012200,0.069900,0.041700,0.000900,0.001300,0.000100,0.001500,0.005900,0.000900,0.003600,0.023400,0.1446,0.054400,0.077500,0.1532,0.045700,0.2218,0.018500,0.037000,0.000300,0.001400,0.062700,0.008500,0.001300,0.000600,0.025700,0.005600,0.012400,0.001300,0.1432,0.015300,0.043500,0.2118,0.069800,0.001100,0.045800,0.002700,0.033000,0.022400,0.019100,8.9261,0.061100,0.007500,0.000100,0,10.3395,0,0,0,0,0,0,0,50,0,0,0,0,1,1,9,9,2,1,1,4,1,1,1,1,1,1,7,7,1,1,50,9,6,42,76,794,950,0,0,0,0,0,-100,-100,-100,-100,600,1440,107.7673,0,0,-0.000000,-1,0,0,0,1,0,13.7344,5,50,75.1289,13.7344,0,0,48.9844,0,100,0,0,0,0,0,0,0,0,0,0.4212,0.4212,1,0.4212,0.4212,51.6097,8.9635,20141,90,568,135,10875.4805,3598.8320,7248.4805,0,14474.4453,10.9388,2.0440,7.8351,10.9405,2.0440,2.8224,33.3333,5.3863,21.2103,0.000300,0.021200,0.000700,0.000800,0.002000,0.007800,0.000600,0.072800,0.001000,0.018500,0.028100,0.038100,0.3551,0.2293,0.019400,0.006200,0.063200,0,0.048100,0.013400,0.1974,0.005200,0.030900,0.1257,0.017800,0.1040,0.8503,0.7618,0.3357,0.057400,2.4311,0.094200,0.031800,0.039200,0.6887,0.090100,0.002000,0.002300,0.063100,0.1955,0.051200,0.000600,0.6115,1034,409060,0,0,0,0,0,0,0.007500,0,0.008200,0,0,0,0,0,0,0,0,0,0,0,0,0,0,0,0,0,0,0,0,0,0,0
,0.020100,0.008100,2,76,0,74,0,0,14,233,44,0,454,3,0,0,13,2,0,0,0,0,0.008500,0.021100,0.3695,0.005700,0.009200,0.001000,0.9951,0.2594,0.056200,0.1429,0.002800,0.026800,0,2,768,256,11229,3565.7148,15494.9102,239.1602,0.001300,4,0.000300,0.010800,0.002500,0.015800,0.2044,0,0,0.065400,0.3131,2.6583,0.066300,0.000300,0.001200,0.000200,0.000200,0.005900,0.007900,0.045100,0.005700,0.034600,0.1344,0.012600,0.006800,0.7226,0.026500,0.008500,0.029200,0.010900,0.018300,0.085000,0.009400,0.070100,0.002100,0.1100,0.018800,0.074900,0.6248,0.005100,2.7598,0.000300,0.1874,0.000500,0.000200,0.029900,0.3180,0.6589,0.027900,1.0188,0.1411,0.002200,0.009300,0.000600,0.038900,0.3179,9.2097,8.7628,13.0955,634,16,0.2500,0,16,3.8438,1,0,0,629,1,0,115,102,13,0,-1,-1,0,-1,-1,13.9904,4.9185,0,1525.2227,1525.2227,1525.0977,95,879,561,321,0,0,0.000900,0,0,0.014700,0.088200,0.000700,0.012600,0.069700,0.040700,0.000900,0.001600,0.000200,0.001400,0.006700,0.000700,0.003800,0.022500,0.1255,0.056800,0.089700,0.1592,0.043300,0.2903,0.020200,0,0.000200,0.001700,0.062200,0.008800,0.001500,0.000400,0.025500,0.006400,0.012000,0.001300,0.1431,0.013600,0.041700,0.2149,0.075100,0.001500,0.053900,0.002200,0.020000,0.027900,0.020600,8.5084,0.064500,0.006700,0.000100,0,11.0885,0,0,0,0,0,0,0,50,0,0,0,0,1,1,9,9,2,1,1,4,1,1,1,1,1,1,7,7,1,1,50,9,6,42,76,794,950,0,0,0,0,0,-100,-100,-100,-100,600,1440,107.7673,0,0,-0.000000,-1,0,0,0,1,0,13.7344,5,50,75.1289,13.7344,0,0,48.9844,0,100,0,0,0,0,0,0,0,0,0,0.4186,0.4186,1,0.4186,0.4186,62.3343,8.9635,20141,90,568,135,10875.5859,3598.8320,7248.4805,0,14474.3125,10.7028,2.1879,7.7818,10.7028,2.1890,3.2218,33.3333,5.8868,21.7450,0.000200,0.021100,0.000600,0.000600,0.001600,0.008700,0.000600,0.075900,0,0.017500,0.022900,0.032700,0.3457,0.1844,0.019400,0.006200,0.067200,0,0.042200,0.022800,0.1988,0.005100,0.032600,0.1306,0.016000,0.093500,0.4401,0.6761,0.3054,0.057400,2.3346,0.094200,0.030700,0.048900,0.7665,0.087800,0.002200,0.002600,0.062500,0.2028,0.050100,0.000600,0.6198,975,423764,0,0,0,0,0,0,0,0.001300,0.007900,0,0,0,0,0,0,0,0,0,0,0,0,0,0,0,0,0,0,0,0,0,0,0
,0.023800,0.005600,2,63,0,61,0,0,13,233,25,0,454,3,0,0,12,2,0,0,0,0,0.007800,0.004200,0.3234,0.007000,0.008700,0.001200,0.8995,0.2197,0.058100,0.1329,0.001300,0.030100,0,1,768,256,11229,3565.7148,15494.9102,239.1602,0.001600,3,0.002000,0.010300,0.002400,0.020100,0.1759,0,0,0.066500,0.2339,2.7441,0.070100,0.000200,0.001200,0.000200,0.000300,0.006000,0.008200,0.044500,0.005000,0.034900,0.1301,0.011200,0.006400,1.2704,0.024200,0.007200,0.035300,0.011200,0.019600,0.078100,0.009600,0.066400,0.002400,0.1121,0.008200,0.068500,0.5814,0.004900,2.3506,0.000200,0.1896,0.000500,0.000400,0.027800,0.3127,0.6719,0.024000,0.9242,0.1140,0.002100,0.009900,0.000600,0.033900,0.3771,9.0486,8.7628,13.0955,634,16,0.2500,0,16,3.8438,1,0,0,629,1,0,115,102,13,0,-1,-1,0,-1,-1,13.9904,4.9185,0,1525.2227,1525.2227,1525.0977,95,874,561,321,0,0,0.001000,0,0,0.018100,0.082100,0.000800,0.012100,0.067800,0.041200,0.000800,0.001500,0.000300,0.001600,0.007700,0.001000,0.003800,0.025500,0.1415,0.058000,0.077000,0.1545,0.040600,0.2823,0.017900,0,0.000200,0.001800,0.063800,0.008800,0.001100,0.000400,0.024600,0.006100,0.011400,0.001200,0.1408,0.014900,0.041800,0.2158,0.070300,0.001100,0.042200,0.002200,0.035700,0.024400,0.017600,8.4306,0.057500,0.006400,0.000100,0,10.7317,0,0,0,0,0,0,0,50,0,0,0,0,1,1,9,9,2,1,1,4,1,1,1,1,1,1,7,7,1,1,50,9,6,42,76,794,950,0,0,0,0,0,-100,-100,-100,-100,600,1440,107.7673,0,0,-0.000000,-1,0,0,0,1,0,13.7344,5,50,75.1289,13.7344,0,0,48.9844,0,100,0,0,0,0,0,0,0,0,0,0.4505,0.4505,1,0.4505,0.4505,9.3870,8.9635,20141,90,568,135,10876.1016,3598.8320,7248.4805,0,14474.4180,10.6503,2.2220,7.4063,10.6503,2.2220,3.0885,33.3333,5.7646,22.3392,0.000300,0.018400,0.000600,0.000700,0.001500,0.008700,0.000600,0.075700,0,0.018400,0.031800,0.035300,0.3615,0.2144,0.020500,0.006100,0.062000,0,0.047500,0.025000,0.1940,0.005100,0.032100,0.1358,0.015600,0.1015,0.5296,0.7156,0.3841,0.056400,2.0923,0.093200,0.031800,0.038700,0.6882,0.095800,0.002000,0.002500,0.060700,0.1974,0.050200,0.000700,0.6303,999,413768,0,2320,1309,0,2.2754,0,0,0,0.008900,0,0,0,0,0,0,0,0,0,0,0,0,0,0,0,0,0,0,0,0,0,0,0
,0.019800,0.009200,2,70,0,68,0,0,14,233,32,0,454,3,0,0,13,2,0,0,0,0,0,0.001900,0.3345,0.006600,0.009900,0.001000,0.8582,0.1772,0.050500,0.1265,0,0.028400,0.002000,0,768,256,11229,3565.7148,15494.9102,239.1602,0,1,0.000200,0.007900,0.002200,0.019800,0.1776,0,0,0.058400,0.3158,2.6600,0.065200,0.000200,0.001100,0.000200,0.000200,0.007000,0.006900,0.057900,0.025100,0.035300,0.1362,0.011600,0.006400,1.5381,0.029400,0.009100,0.038300,0.011500,0.019600,0.084100,0.010400,0.083100,0.002000,0.1152,0.008800,0.071400,0.6186,0.005000,2.3205,0.000300,0.1856,0.000500,0.000300,0.028100,0.3454,0.7585,0.024600,0.9091,0.1627,0.001900,0.009100,0.000400,0.062800,0.1927,9.0786,8.7628,13.0955,634,16,0.2500,0,16,3.8438,1,0,0,629,1,0,115,102,13,0,-1,-1,0,-1,-1,13.9904,4.9185,0,1525.2227,1525.2227,1441.5039,95,876,561,321,0,0,0.000900,0,0,0.015400,0.083100,0.000700,0.011700,0.066300,0.038700,0.000900,0.001500,0.000400,0.001500,0.006100,0.000900,0.003700,0.022300,0.1180,0.056500,0.077600,0.1641,0.045400,0.3346,0.019700,0,0.000200,0.001500,0.061300,0.008100,0.001300,0.000500,0.023800,0.005900,0.011700,0.001000,0.1330,0.013900,0.038700,0.1993,0.069600,0.001300,0.042500,0.002200,0.031100,0.022500,0.016500,8.5039,0.057400,0.006500,0.000100,0,10.5818,0,0,0,0,0,0,0,50,0,0,0,0,1,1,9,9,2,1,1,4,1,1,1,1,1,1,7,7,1,1,50,9,6,42,76,794,950,0,0,0,0,0,-100,-100,-100,-100,600,1440,107.7673,0,0,-0.000000,-1,0,0,0,1,0,13.7344,5,50,75.1289,13.7344,0,0,48.9844,0,100,0,0,0,0,0,0,0,0,0,0.4333,0.4333,1,0.4333,0.4333,20.0395,8.9635,20141,90,568,135,10876.1016,3598.8320,7248.4805,0,14474.9336,10.6580,2.1754,7.2709,10.6580,2.1762,2.9485,33.3333,5.4733,23.8209,0.000700,0.021200,0.000600,0.000600,0.001600,0.007500,0.000600,0.072800,0,0.018500,0.021400,0.042700,0.3406,0.1924,0.018500,0.006100,0.062600,0,0.045800,0.023000,0.1942,0.005100,0.032600,0.1380,0.016200,0.087100,0.4275,0.7240,0.3608,0.055300,3.2187,0.094200,0.031800,0.039500,0.6905,0.079600,0.001700,0.002400,0.060900,0.1966,0.050200,0.000600,0.6007,945,389974,0,0,0,0,0,0,0,0.001000,0.008400,0,0,0,0,0,0,0,0,0,0,0,0,0,0,0,0,0,0,0,0,0,0,0
,0.022700,0.006500,2,58,0,56,0,0,13,233,27,0,454,3,0,0,12,2,0,0,0,0,0.017700,0.013100,0.3447,0.005500,0.009100,0.000900,0.8649,0.4010,0.046600,0.1299,0.001700,0.027400,0,1,768,256,11229,3565.7148,15494.9102,239.1602,0.003800,7,0.000100,0.009200,0.001800,0.021600,0.1790,0,0,0.073000,0.2858,2.5626,0.063000,0.000300,0.001100,0.000300,0.000300,0.006200,0.006300,0.045700,0.005300,0.031300,0.1428,0.010600,0.006300,0.6184,0.025900,0.008200,0.027200,0.012000,0.018200,0.1031,0.009400,0.078900,0.002100,0.1161,0.009300,0.071100,0.6030,0.004300,2.3470,0.000200,0.1876,0.000700,0.000400,0.030600,0.2994,0.6498,0.026400,0.9208,0.9461,0.002000,0.015000,0.000600,0.040500,0,9.4972,8.7628,13.0955,634,16,0.2500,0,16,3.8438,1,0,0,629,1,0,115,102,13,0,-1,-1,0,-1,-1,13.9904,4.9185,0,1525.2227,1525.2227,1441.5039,95,879,561,321,0,0,0.001100,0,0,0.015800,0.082400,0.000800,0.015000,0.069500,0.038700,0.000900,0.001700,0.000200,0.001900,0.006900,0.001200,0.004500,0.026800,0.1364,0.062400,0.073600,0.1594,0.039100,0.3446,0.014700,0,0.000200,0.005700,0.064300,0.008900,0.001300,0.000500,0.025400,0.006500,0.012700,0.001100,0.1364,0.014400,0.040900,0.2008,0.070400,0.001200,0.044700,0.002700,0.019000,0.023900,0.018700,9.1646,0.058800,0.006900,0.000200,0,10.5468,0,0,0,0,0,0,0,50,0,0,0,0,1,1,9,9,2,1,1,4,1,1,1,1,1,1,7,7,1,1,50,9,6,42,76,794,950,0,0,0,0,0,-100,-100,-100,-100,600,1440,107.7673,0,0,-0.000000,-1,0,0,0,1,0,13.7344,5,50,75.1289,13.7344,0,0,48.9844,0,100,0,0,0,0,0,0,0,0,0,0.4154,0.4154,1,0.4154,0.4154,31.2955,8.9635,20141,90,568,135,10876.0391,3598.8320,7248.4805,0,14474.9336,10.9379,2.0754,8.1335,10.9379,2.0754,2.8557,33.3333,5.6171,23.5862,0.000600,0.021300,0.000600,0.000600,0.001700,0.009300,0.000600,0.079000,0,0.018500,0.021400,0.037000,0.3560,0.2923,0.019500,0.006100,0.062200,0,0.045100,0.019700,0.1947,0.005100,0.033000,0.1404,0.015600,0.091900,0.4297,0.7019,0.3834,0.057300,2.0639,0.093200,0.030700,0.039200,0.6899,0.098500,0.002900,0.003700,0.062600,0.2008,0.049100,0.000500,0.6177,1012,417740,0,0,0,0,0,0.3154,0,0,0.009000,0,0,0,0,0,0,0,0,0,0,0,0,0,0,0,0,0,0,0,0,0,0,0
,0.022700,0.027800,2,77,0,75,0,0,14,233,46,0,454,3,0,0,13,2,0,0,0,0,0.010200,0.013500,0.4294,0.005000,0.009400,0.000900,1.1382,0.1742,0.061700,0.1493,0.001500,0.2128,0.002000,0,768,256,11229,3565.7148,15494.9102,239.1602,0.002300,2,0.000400,0.010500,0.002200,0.019100,0.1985,0,0,0.066200,0.2407,2.5314,0.064800,0.000200,0.001300,0.000200,0.000200,0.007000,0.007100,0.045900,0.005600,0.034600,0.1663,0.012200,0.006600,0.8496,0.028000,0.008000,0.043500,0.011500,0.018300,0.066600,0.010900,0.073700,0.002400,0.096600,0.009800,0.067300,0.6048,0.004900,2.3661,0.000200,0.1906,0.000600,0.000400,0.030400,0.3188,0.8850,0.025300,0.9384,0.1527,0.001900,0.012100,0.000300,0.038300,0,7.8380,8.7628,13.0955,634,16,0.2500,0,16,3.8438,1,0,0,629,1,0,115,102,13,0,-1,-1,0,-1,-1,13.9904,4.9185,0,1525.2227,1525.2227,1441.5039,95,871,551,321,0,0,0.001300,0,0,0.014700,0.080700,0.000900,0.012700,0.075700,0.041300,0.000900,0.001900,0.000400,0.001900,0.007200,0.001100,0.004100,0.023800,0.1604,0.056400,0.078300,0.1615,0.042000,0.1579,0.023800,1.0648,0.000200,0.002100,0.068000,0.008900,0.001400,0.000600,0.028600,0.006400,0.012400,0.001100,0.1401,0.015400,0.044100,0.2059,0.079300,0.001200,0.025100,0.002500,0.030900,0.020600,0.022600,7.2812,0.059400,0.006700,0.000200,0,11.3890,0,0,0,0,0,0,0,50,0,0,0,0,1,1,9,9,2,1,1,4,1,1,1,1,1,1,7,7,1,1,50,9,6,42,76,794,950,0,0,0,0,0,-100,-100,-100,-100,600,1440,107.7673,0,0,-0.000000,-1,0,0,0,1,0,13.7344,5,50,75.1289,13.7344,0,0,48.9844,0,100,0,0,0,0,0,0,0,0,0,1.3997,1.3997,1,1.3997,1.3997,41.7199,8.9635,20141,90,568,135,10876.0391,3598.8945,7248.4805,0,14474.9336,10.7092,3.1433,7.3681,10.7092,3.1442,2.9479,33.3333,5.8305,23.3116,0.000300,0.022600,0.000500,0.000600,0.001600,0.015100,0.000500,0.072400,0,0.018400,0.029400,0.034500,0.3454,0.2698,0.020500,0.005100,0.065900,0,0.043400,0.008600,0.1901,0.005100,0.032800,0.1889,0.025900,0.1051,0.4338,0.7081,0.3868,0.057300,2.0746,0.094200,0.030700,0.039100,0.6934,0.065800,0.002000,0.001200,0.061200,0.1937,0.050200,0.000600,0.6424,953,392330,0,0,0,0,0,0,0,0.001100,0.007600,0,0,0,0,0,0,0,0,0,0,0,0,0,0,0,0,0,0,0,0,0,0,0
,0.014200,0.018700,2,57,0,55,0,0,13,233,12,0,454,3,0,0,12,2,0,0,0,0,0.009600,0.004500,0.3414,0.005300,0.007800,0.000800,0.8528,0.1949,0.049800,0.1225,0.000700,0.036000,0,0,768,256,11229,3565.7148,15494.9102,239.1602,0.005600,5,0.000100,0.008000,0.002300,0.018800,0.1935,0,0,0.063900,0.2796,2.5978,0.058100,0.000300,0.001400,0.000200,0.000300,0.006300,0.007100,0.042200,0.005600,0.031600,0.1269,0.011500,0.006900,0.4196,0.025900,0.008500,0.032100,0.011500,0.029500,0.1177,0.009100,0.077200,0.002300,0.1097,0.009500,0.070100,0.6050,0.005900,2.3534,0.000200,0.2035,0.000600,0.000300,0.031600,0.3132,0.6696,0.024700,0.9342,0.6110,0.002300,0.010400,0.000600,0.060600,0.075900,8.3909,8.7628,13.0955,634,16,0.2500,0,16,3.8438,1,0,0,629,1,0,115,102,13,0,-1,-1,0,-1,-1,13.9904,4.9185,0,1525.2227,1525.2227,1441.5039,95,875,561,321,0,0,0.000800,0,0,0.015800,0.087100,0.000500,0.012900,0.069600,0.042400,0.001200,0.002100,0.000200,0.002000,0.007500,0.001000,0.004100,0.024800,0.1469,0.068100,0.088200,0.1417,0.038500,0.2221,0.017800,0.052700,0.000100,0.001700,0.064300,0.008700,0.001300,0.000300,0.024100,0.006100,0.011800,0.001400,0.1423,0.014800,0.038700,0.2107,0.068300,0.001300,0.033000,0.002400,0.033300,0.021800,0.021700,7.8221,0.060300,0.005900,0.000100,0,10.4318,0,0,0,0,0,0,0,50,0,0,0,0,1,1,9,9,2,1,1,4,1,1,1,1,1,1,7,7,1,1,50,9,6,42,76,794,950,0,0,0,0,0,-100,-100,-100,-100,600,1440,107.7673,0,0,-0.000000,-1,0,0,0,1,0,13.7344,5,50,75.1289,13.7344,0,0,48.9844,0,100,0,0,0,0,0,0,0,0,0,0.4067,0.4067,1,0.4067,0.4067,51.7161,8.9635,20141,90,568,135,10876.0391,3598.8945,7248.4805,0,14474.9336,10.0084,2.1699,7.1296,10.0084,2.1699,2.8771,33.3333,5.4759,23.5517,0.000200,0.022300,0.000600,0.000600,0.001800,0.009400,0.000600,0.075000,0,0.019500,0.019700,0.025600,0.3443,0.2963,0.019500,0.005100,0.062600,0,0.047200,0.008900,0.1536,0,0.030300,0.1353,0.015200,0.096300,0.8922,0.6916,0.3942,0.057300,2.0674,0.5305,0.030700,0.039900,0.6909,0.097700,0.002000,0.002600,0.062300,0.1946,0.050100,0.000600,0.6073,924,384722,0.1745,0,0,0,0,0.3494,0,0,0.008500,0,0,0,0,0,0,0,0,0,0,0,0,0,0,0,0,0,0,0,0,0,0,0
,0.018300,0.005900,2,56,0,54,0,0,13,233,15,0,454,3,0,0,12,2,0,0,0,0,0.010900,0.002500,0.3408,0.006300,0.009600,0.001300,0.8823,0.1776,0.052100,0.1260,0.001000,0.030000,0,0,768,256,11229,3565.7148,15494.9102,239.1602,0.001500,4,0.000200,0.006900,0.002100,0.019000,1.0161,0,0,0.062000,0.2050,2.4793,0.065500,0.000200,0.001200,0.000200,0.000300,0.006400,0.007500,0.040500,0.005400,0.031500,0.1077,0.010800,0.006300,1.0285,0.028300,0.008000,0.029700,0.011800,0.018300,0.088900,0.008300,0.075800,0.002500,0.082700,0.008200,0.065500,0.5985,0.004900,2.3141,0.000300,0.1879,0.000500,0.000300,0.030000,0.3038,0.6091,0.022800,0.9260,0.1056,0.001900,0.009600,0.000500,0.032800,0,8.6925,8.7628,13.0955,634,16,0.2500,0,16,3.8438,1,0,0,629,1,0,115,102,13,0,-1,-1,0,-1,-1,13.9904,4.9185,0,1525.2227,1525.2227,1525.0977,95,876,551,321,0,0,0.001000,0,0,0.017200,0.083300,0.000500,0.011600,0.072500,0.041900,0.001100,0.001700,0.000500,0.001500,0.006600,0.001200,0.004000,0.025100,0.1304,0.061100,0.082700,0.1667,0.042900,0.1994,0.030900,0.089700,0.000200,0.001600,0.065700,0.009100,0.001400,0.000800,0.026600,0.007100,0.012100,0.001400,0.1335,0.013900,0.040100,0.1892,0.065800,0.001400,0.046200,0.002700,0.017200,0.022800,0.016900,8.1280,0.064000,0.007200,0.000100,0,10.0313,0,0,0,0,0,0,0,50,0,0,0,0,1,1,9,9,2,1,1,4,1,1,1,1,1,1,7,7,1,1,50,9,6,42,76,794,950,0,0,0,0,0,-100,-100,-100,-100,600,1440,107.7673,0,0,-0.000000,-1,0,0,0,1,0,13.7344,5,50,75.1289,13.7344,0,0,48.9844,0,100,0,0,0,0,0,0,0,0,0,0.4273,0.4273,1,0.4273,0.4273,62.0892,8.9635,20141,90,568,135,10876.0391,3598.8945,7248.4805,0,14474.9336,10.3596,2.2474,8.0772,10.3596,2.2483,2.8707,33.3333,5.9090,22.2749,0.000300,0.020600,0.000600,0.000600,0.001600,0.008300,0.000500,0.072400,0.001000,0.020400,0.027600,0.039100,0.3389,0.1898,0.018400,0.005100,0.062600,0,0.045900,0.009200,0.1940,0.005200,0.032500,0.1365,0.015400,0.090800,0.4298,0.8023,0.3021,0.054400,2.2715,0.093200,0.031700,0.039600,0.6834,0.061200,0.002200,0.004700,0.063700,0.1964,0.049200,0.000600,0.5956,931,387078,0,0,0,0,0,0,0.009900,0.001100,0.007600,0,0,0,0,0,0,0,0,0,0,0,0,0,0,0,0,0,0,0,0,0,0,0
,0.013100,0.1090,2,56,0,54,0,0,13,233,12,0,454,3,0,0,12,2,0,0,0,0,0.008500,0.017000,0.3242,0.007100,0.009500,0.001000,0.8469,0.2095,0.053100,0.1275,0.001000,0.034300,0.001100,0,768,256,11229,3565.7148,15494.9102,239.1602,0.001500,5,0,0.008500,0.001800,0.019500,0.1807,0,0,0.054900,0.2298,2.5426,0.075900,0.000300,0.001400,0.000200,0.000300,0.007500,0.006700,0.048600,0.006000,0.034800,0.1449,0.013300,0.006500,1.3850,0.029000,0.008700,0.034300,0.011100,0.019900,0.1034,0.010500,0.075000,0.002300,0.083500,0.008000,0.071600,0.6173,0.005300,2.3742,0.000400,0.1986,0.000600,0.000300,0.031400,0.3103,0.7558,0.026100,0.9313,0.1555,0.002500,0.011200,0.000500,0.041200,0.1587,7.8221,8.7628,13.0955,634,16,0.2500,0,16,3.8438,1,0,0,629,1,0,115,102,13,0,-1,-1,0,-1,-1,13.9904,4.9185,0,1525.2227,1525.2227,1525.0977,95,870,551,322,0,0,0.000900,0,0,0.014000,0.082100,0.000600,0.011300,0.068400,0.039900,0.000800,0.001800,0.000200,0.001500,0.006000,0.001200,0.003600,0.022000,0.1334,0.056400,0.080100,0.1621,0.045300,0.5378,0.015100,0,0.000300,0.001500,0.064700,0.008800,0.001700,0.000500,0.025700,0.006400,0.012800,0.001200,0.1473,0.016500,0.041400,0.2074,0.073100,0.001200,0.041200,0.002200,0.032600,0.022200,0.021300,7.5914,0.061100,0.005600,0.000100,0.007800,10.2522,0,0,0,0,0,0,0,50,0,0,0,0,1,1,9,9,2,1,1,4,1,1,1,1,1,1,7,7,1,1,50,9,6,42,76,794,950,0,0,0,0,0,-100,-100,-100,-100,600,1440,107.7673,0,0,-0.000000,-1,0,0,0,1,0,13.7344,5,50,75.1289,13.7344,0,0,48.9844,0,100,0,0,0,0,0,0,0,0,0,0.4192,0.4192,1,0.4192,0.4192,9.1328,8.9635,20141,90,568,135,10876.0391,3598.8945,7248.4805,0,14474.9336,9.6068,2.3233,7.2977,9.6068,2.3245,2.7530,33.3333,5.7264,23.4890,0.000200,0.022000,0.000600,0.000600,0.001600,0.007400,0.000600,0.074100,0.001000,0.018500,0.028700,0.039900,0.3586,0.1938,0.018500,0.006100,0.069800,0,0.050200,0.019100,0.1802,0,0.032000,0.1372,0.015600,0.092900,0.4286,1.1098,0.3133,0.057400,2.2937,0.093200,0.031700,0.039000,0.6906,0.095000,0.002200,0.002500,0.061200,0.1986,0.050200,0.000600,0.6013,970,394944,0,2421,1367,0,2.3435,0,0,0.001500,0.008500,0,0,0,0,0,0,0,0,0,0,0,0,0,0,0,0,0,0,0,0,0,0,0
Cmd: csvprofile stop##9.993702,0.019500,0.005900,2,73,0,71,0,0,14,233,26,0,454,3,0,0,13,2,0,0,0,0,0.008200,0.003500,0.3534,0.005200,0.009800,0.000800,0.8995,0.1663,0.063700,0.1438,0,0.024400,0,0,768,256,11229,3565.7148,15494.9102,239.1602,0.001800,2,0,0.008000,0.001900,0.013300,0.2088,0,0,0.063900,0.3123,2.5606,0.067400,0.000200,0.001300,0.000200,0.000200,0.007100,0.008300,0.043800,0.005700,0.032200,0.1286,0.011200,0.006500,1.2763,0.027600,0.010200,0.044400,0.012200,0.019200,0.083700,0.011100,0.068600,0.002100,0.1193,0.008800,0.064400,0.6331,0.004600,2.2995,0.000200,0.1953,0.000600,0.000300,0.030000,0.3295,0.7283,0.025500,0.9568,0.5119,0.002300,0.011800,0.000500,0.043100,0.1778,8.6921,8.7628,13.0955,634,16,0.2500,0,16,3.8438,1,0,0,629,1,0,115,102,13,0,-1,-1,0,-1,-1,13.9904,4.9185,0,1525.2227,1525.2227,1441.6289,95,870,551,322,0,0,0.001100,0,0,0.017200,0.083500,0.000700,0.012500,0.071500,0.039600,0.000900,0.001800,0.000400,0.002000,0.007200,0.001100,0.004000,0.025600,0.1493,0.059300,0.072500,0.1588,0.042600,0.2138,0.022900,0.011100,0.000300,0.001600,0.064800,0.009700,0.001400,0.000600,0.027000,0.006400,0.012400,0.001300,0.1453,0.014300,0.042100,3.0288,0.068900,0.001100,0.041700,0.002400,0.034000,0.025000,0.025600,5.2361,0.082600,0.007900,0.000100,0.003200,10.0297,0,0,0,0,0,0,0,50,0,0,0,0,1,1,9,9,2,1,1,4,1,1,1,1,1,1,7,7,1,1,50,9,6,42,76,794,950,0,0,0,0,0,-100,-100,-100,-100,600,1440,107.7673,0,0,-0.000000,-1,0,0,0,1,0,13.7344,5,50,75.1289,13.7344,0,0,48.9844,0,100,0,0,0,0,0,0,0,0,0,0.3945,0.3945,1,0.3945,0.3945,19.4056,8.9635,20141,90,568,135,10875.6133,3598.8945,7248.4805,0,14474.9336,10.5982,2.1538,8.2235,10.5982,2.1538,2.9243,33.3333,5.7540,22.5826,0.000300,0.018800,0.000600,0.000600,0.001800,0.007800,0.000700,0.074000,0,0.020400,0.021700,0.033100,0.3377,0.1938,0.020500,0.007100,0.065900,0,0.046800,0.011800,0.1787,0,0.032600,0.1363,0.015200,0.089500,0.4287,0.6843,0.3041,0.057400,2.2352,0.2007,0.047100,0.039600,0.6981,0.1050,0.001900,0.002300,0.061000,0.1986,0.050200,0.000700,0.6122,961,397188,0,0,0,0,0,0,0,0,0.008400,0,0,0,0,0,0,0,0,0,0,0,0,0,0,0,0,0,0,0,0,0,6,0
EVENTS,Exclusive/AllWorkers/RenderPrePass,Exclusive/AllWorkers/RenderVelocities,DrawCall/SlateUI,DrawCall/Basepass,DrawCall/CustomDepth,DrawCall/Prepass,DrawCall/Distortion,DrawCall/Fog,DrawCall/FrontLayerTranslucencyGBuffer,DrawCall/Lights,DrawCall/BeginOcclusionTests,DrawCall/ScreenSpaceReflections,DrawCall/ShadowDepths,DrawCall/DistanceFieldShadows,DrawCall/SingleLayerWaterDepthPrepass,DrawCall/SingleLayerWater,DrawCall/Translucency,DrawCall/RenderVelocities,DrawCall/WaterInfoTexture,DrawCall/FXSystemPreInitViews,DrawCall/FXSystemPreRender,DrawCall/FXSystemPostRenderOpaque,SceneCulling/AllWorkers/PostSceneUpdate,Scheduler/AllWorkers/SignalStandbyThread,Exclusive/AllWorkers/RenderShadows,Exclusive/AllWorkers/UpdateGPUScene,Exclusive/AllWorkers/PrepareDistanceFieldScene,Exclusive/AllWorkers/FXSystem,Exclusive/AllWorkers/RenderLighting,Exclusive/AllWorkers/Physics,Exclusive/AllWorkers/RenderTranslucency,Exclusive/AllWorkers/RenderPostProcessing,Exclusive/AllWorkers/Material_UpdateDeferredCachedUniformExpressions,Exclusive/AllWorkers/RenderBasePass,Scheduler/RHIThread/SignalStandbyThread,TransientResourceCreateCount,TransientMemoryUsedMB,TransientMemoryAliasedMB,GPUMem/LocalBudgetMB,GPUMem/LocalUsedMB,GPUMem/SystemBudgetMB,GPUMem/SystemUsedMB,SceneCulling/AllWorkers/PreSceneUpdate,Scheduler/Oversubscription,Exclusive/AllWorkers/PrepareForwardLightData,Exclusive/AllWorkers/ComputeLightGrid,Exclusive/AllWorkers/LightFunctionAtlasGeneration,Exclusive/AllWorkers/SkyAtmosphere,Exclusive/AllWorkers/ShadowInitDynamic,ShadowCacheUsageMB,LightCount/UpdatedShadowMaps,Exclusive/AllWorkers/Slate,Exclusive/RenderThread/RenderThreadOther,Exclusive/RenderThread/RenderOther,Exclusive/RenderThread/STAT_SkinningSceneExtension,Exclusive/RenderThread/RemovePrimitiveSceneInfos,Exclusive/RenderThread/UpdatePrimitiveInstances,Exclusive/RenderThread/ConsolidateInstanceDataAllocations,Exclusive/RenderThread/AddPrimitiveSceneInfos,Exclusive/RenderThread/UpdatePrimitiveTransform,Exclusive/RenderThread/PreRender,Exclusive/RenderThread/UpdateGPUScene,Exclusive/RenderThread/VirtualTextureSystem_Update,Exclusive/RenderThread/PrepareDistanceFieldScene,Exclusive/RenderThread/InitViews_Scene,Exclusive/RenderThread/Niagara,Exclusive/RenderThread/InitViews_Shadows,Exclusive/RenderThread/EventWait/Visibility,Exclusive/RenderThread/FXSystem,Exclusive/RenderThread/GPUSort,Exclusive/RenderThread/RayTracing_FinishGatherInstances,Exclusive/RenderThread/RenderPrePass,Exclusive/RenderThread/RenderVelocities,Exclusive/RenderThread/ShadowInitDynamic,Exclusive/RenderThread/PrepareForwardLightData,Exclusive/RenderThread/ComputeLightGrid,Exclusive/RenderThread/LightFunctionAtlasGeneration,Exclusive/RenderThread/SkyAtmosphere,Exclusive/RenderThread/DeferredShadingSceneRenderer_DBuffer,Exclusive/RenderThread/RenderBasePass,Exclusive/RenderThread/RenderShadows,Exclusive/RenderThread/AfterBasePass,Exclusive/RenderThread/RenderLighting,Exclusive/RenderThread/RenderIndirectCapsuleShadows,Exclusive/RenderThread/RenderTranslucency,Exclusive/RenderThread/RenderFog,Exclusive/RenderThread/RenderLocalFogVolume,Exclusive/RenderThread/RenderOpaqueFX,Exclusive/RenderThread/RenderPostProcessing,Exclusive/RenderThread/RDG,Exclusive/RenderThread/STAT_RDG_FlushResourcesRHI,Exclusive/RenderThread/RDG_CollectResources,Exclusive/RenderThread/RDG_Execute,Exclusive/RenderThread/PostRenderCleanUp,Exclusive/RenderThread/RayTracingGeometryManager_Tick,Exclusive/RenderThread/Material_UpdateDeferredCachedUniformExpressions,Exclusive/RenderThread/Slate,Exclusive/RenderThread/EventWait,DrawSceneCommand_StartDelay,RayTracingGeometry/ReferencedSizeMB,RayTracingGeometry/RequestedSizeMB,GPUSceneInstanceCount,DistanceField/AtlasMB,DistanceField/IndirectionTableMB,DistanceField/IndirectionAtlasMB,NaniteStreaming/RootAllocationMB,NaniteStreaming/RootDataSizeMB,SceneCulling/NumUpdatedInstances,SceneCulling/NumAddedInstances,SceneCulling/NumRemovedInstances,SceneCulling/NumStaticInstances,SceneCulling/NumDynamicInstances,RayTracing/DynamicGeometrySharedVertexBufferMB,LightCount/All,LightCount/Batched,LightCount/Unbatched,PSO/PSOMisses,PSO/PSOMissesOnHitch,PSO/PSOPrevFrameMissesOnHitch,PSO/PSOComputeMisses,PSO/PSOComputeMissesOnHitch,PSO/PSOComputePrevFrameMissesOnHitch,RayTracingGeometry/TotalResidentSizeMB,RayTracingGeometry/TotalAlwaysResidentSizeMB,RenderTargetPool/UnusedMB,RenderTargetPool/PeakUsedMB,RenderTargetPoolSize,RenderTargetPoolUsed,RenderTargetPoolCount,RDGCount/Passes,RDGCount/Buffers,RDGCount/Textures,RenderThreadIdle/Total,RenderThreadIdle/CriticalPath,RenderThreadIdle/SwapBuffer,RenderThreadIdle/NonCriticalPath,RenderThreadIdle/GPUQuery,Exclusive/GameThread/Input,Exclusive/GameThread/EngineTickMisc,FileIO/GameThread/AsyncLoadingTime,Exclusive/GameThread/AsyncLoading,Exclusive/GameThread/WorldTickMisc,Exclusive/GameThread/Effects,Exclusive/GameThread/NetworkIncoming,NavigationBuildDetailed/GameThread/Navigation_RebuildDirtyAreas,NavigationBuildDetailed/GameThread/Navigation_TickAsyncBuild,NavigationBuildDetailed/GameThread/Navigation_CrowdManager,Exclusive/GameThread/NavigationBuild,Exclusive/GameThread/ResetAsyncTraceTickTime,Exclusive/GameThread/WorldPreActorTick,Exclusive/GameThread/QueueTicks,Exclusive/GameThread/TickActors,Exclusive/GameThread/PlayerControllerTick,Exclusive/GameThread/CharacterMovement,Exclusive/GameThread/Animation,Exclusive/GameThread/Physics,Exclusive/GameThread/EventWait/EndPhysics,Exclusive/GameThread/SyncBodies,Exclusive/GameThread/EventWait/PostPhysics,Exclusive/GameThread/FlushLatentActions,Exclusive/GameThread/TimerManager,Exclusive/GameThread/Tickables,Exclusive/GameThread/Landscape,Exclusive/GameThread/AIPerception,Exclusive/GameThread/EnvQueryManager,Exclusive/GameThread/Camera,Exclusive/GameThread/UpdateStreamingState,Exclusive/GameThread/RecordTickCountsToCSV,Exclusive/GameThread/RecordActorCountsToCSV,Exclusive/GameThread/ViewportMisc,Exclusive/GameThread/PostProcessSettings,Exclusive/GameThread/EndOfFrameUpdates,Exclusive/GameThread/UI,Exclusive/GameThread/DebugHUD,Exclusive/GameThread/UpdateLevelStreaming,Exclusive/GameThread/RenderAssetStreaming,Exclusive/GameThread/EventWait/RenderAssetStreaming,Slate/GameThread/TickPlatform,Slate/GameThread/DrawPrePass,Slate/GameThread/DrawWindows_Private,Exclusive/GameThread/EventWait,Exclusive/GameThread/DeferredTickTime,Exclusive/GameThread/CsvProfiler,Exclusive/GameThread/LLM,Scheduler/GameThread/SignalStandbyThread,FrameTime,FileIO/QueuedPackagesQueueDepth,FileIO/ExistingQueuedPackagesQueueDepth,StreamableManager/JITLoadersActive,StreamableManager/StreamablesInFlight,StreamableManager/TotalStreamablesQueued,StreamableManager/TotalStreamablesCancelled,StreamableManager/AvgStreamableProcessingTime,Basic/TicksQueued,ChaosPhysics/AABBTreeDirtyElementCount,ChaosPhysics/AABBTreeDirtyGridOverflowCount,ChaosPhysics/AABBTreeDirtyElementTooLargeCount,ChaosPhysics/AABBTreeDirtyElementNonEmptyCellCount,Ticks/ChaosDebugDrawComponent,Ticks/AbstractNavData,Ticks/CineCameraActor,Ticks/CineCameraComponent,Ticks/CameraComponent,Ticks/Character,Ticks/CharacterMovementComponent,Ticks/LineBatchComponent,Ticks/SkeletalMeshComponent,Ticks/SpringArmComponent,Ticks/HUD,Ticks/PhysicsFieldComponent,Ticks/PlayerController,Ticks/ArmoryViewToggleComponent,Ticks/FNiagaraWorldManagerTickFunction,Ticks/ParticleSystemManager,Ticks/StartPhysicsTick,Ticks/EndPhysicsTick,Ticks/Total,ActorCount/CineCameraActor,ActorCount/PointLight,ActorCount/RectLight,ActorCount/SpotLight,ActorCount/StaticMeshActor,ActorCount/TotalActorCount,LevelStreaming/NumLevelsLoading,LevelStreaming/NumLevelsMakingVisible,LevelStreaming/NumLevelsMakingInvisible,LevelStreaming/NumLevelsPendingPurge,LevelStreaming/NumActorsPendingPurge,DynamicResolutionVSMNanite,DynamicTranslucencyResolution,DynamicNaniteScalingShadow,DynamicNaniteScalingPrimary,View/PosX,View/PosY,View/PosZ,View/Speed,View/Speed2D,View/ForwardX,View/ForwardY,View/ForwardZ,View/UpX,View/UpY,View/UpZ,LevelStreamingProfiling/NumStreamingLevelsToConsider,TextureStreaming/StreamingPool,TextureStreaming/SafetyPool,TextureStreaming/TemporaryPool,TextureStreaming/CachedMips,TextureStreaming/WantedMips,TextureStreaming/ResidentMeshMem,TextureStreaming/StreamedMeshMem,TextureStreaming/NonStreamingMips,TextureStreaming/PendingStreamInData,TextureStreaming/DesiredDataLoadedPercent,IoDispatcher/PendingIoRequests,HttpManager/RequestsInQueue,HttpManager/MaxRequestsInQueue,HttpManager/RequestsInFlight,HttpManager/MaxRequestsInFlight,HttpManager/MaxTimeToWaitInQueue,HttpManager/DownloadedMB,HttpManager/BandwidthMbps,HttpManager/DurationMsAvg,AnimationParallelEvaluation/TotalTaskTime,AnimationParallelEvaluation/AverageTaskTime,AnimationParallelEvaluation/NumberOfTasks,AnimationParallelEvaluation/MinTaskTime,AnimationParallelEvaluation/MaxTaskTime,CsvProfiler/UpdateLatencyMs,Shaders/ShaderMemoryMB,Shaders/NumShadersLoaded,Shaders/NumShaderMaps,Shaders/NumShadersCreated,Shaders/NumShaderMapsUsedForRendering,MemoryFreeMB,PhysicalUsedMB,VirtualUsedMB,ExtendedUsedMB,SystemMaxMB,RenderThreadTime,GameThreadTime,GPUTime,RenderThreadTime_CriticalPath,GameThreadTime_CriticalPath,RHIThreadTime,MaxFrameTime,CPUUsage_Process,CPUUsage_Idle,GPU/RayTracingGeometry,GPU/DistanceFields,GPU/AllocateRendertargets,GPU/VisibilityCommands,GPU/UpdateLumenSceneBuffers,GPU/GPUSceneUpdate,GPU/NaniteStreaming,GPU/NaniteReadback,GPU/FXSystemPreRender,GPU/BuildRenderingCommandsDeferred,GPU/Prepass,GPU/RenderVelocities,GPU/NaniteVisBuffer,GPU/NaniteBasePass,GPU/HZB,GPU/BeginOcclusionTests,GPU/LightGrid,GPU/LightFunctionAtlasGeneration,GPU/SkyAtmosphereLUTs,GPU/CaptureConvolveSkyEnvMap,GPU/LumenSceneUpdate,GPU/BuildRenderingCommands,GPU/RayTracingDynamicGeometry,GPU/RayTracingScene,GPU/LumenScreenProbeGather,GPU/Basepass,GPU/RenderDeferredLighting,GPU/ShadowDepths,GPU/LumenReflections,GPU/TranslucentLighting,GPU/Lights,GPU/ShadowProjection,GPU/DistanceFieldShadows,GPU/FrontLayerTranslucencyGBuffer,GPU/TemporalSuperResolution,GPU/SkyAtmosphere,GPU/PostRenderOpsFX,GPU/FXSystemPostRenderOpaque,GPU/Translucency,GPU/Postprocessing,GPU/MotionBlur,GPU/VirtualTextureUpdate,GPU/Unaccounted,RHI/DrawCalls,RHI/PrimitivesDrawn,TextureStreaming/RenderAssetStreamingUpdate,CsvProfiler/NumTimestampsProcessed,CsvProfiler/NumCustomStatsProcessed,CsvProfiler/NumEventsProcessed,CsvProfiler/ProcessCSVStats,Exclusive/RenderThread/EventWait/Shadows,Scheduler/RenderThread/SignalStandbyThread,Exclusive/GameThread/EventWait/StartPhysics,GPU/SlateUI,Scheduler/BackgroundThreadPool #1/SignalStandbyThread,BandwidthAllocator/EffectiveBandwidthKbps,BandwidthAllocator/NumRegisteredSystems,BandwidthAllocator/Enabled,BandwidthAllocator/Enforcing,BandwidthAllocator/InGameplay,BandwidthAllocator/BandwidthPercentage,BandwidthAllocator/MinGameplayReserveKbps,BandwidthAllocator/DecisionsPerTick,BandwidthAllocator/ReallocationsPerTick,BandwidthAllocator/ErrorsPerTick,BandwidthAllocator/MeasuredBandwidthKbps,BandwidthAllocator/MeasurementAverageKbps,BandwidthAllocator/MeasurementMinKbps,BandwidthAllocator/MeasurementMaxKbps,BandwidthAllocator/MeasurementVariancePct,Scheduler/RHIInterruptThread/SignalStandbyThread,ShadowCacheUsageMB,LightCount/UpdatedShadowMaps,Exclusive/GameThread/GarbageCollection,Exclusive/GameThread/EventWait/WorldTickMisc,FMsgLogf/FMsgLogfCount,GC/Count
[HasHeaderRowAtEnd],1,[EventTimestamps],1,[platform],Windows,[config],Development,[buildversion],++UE5+Release-5.8-CL-58210709,[engineversion],5.8.3-58210709+++UE5+Release-5.8,[enginereleaseversion],5.8.3,[os],Windows 11 (25H2) [10.0.26200.9457] ,[cpu],GenuineIntel|Intel(R) Core(TM) i7-14700K,[pgoenabled],0,[pgoprofilingenabled],0,[ltoenabled],0,[asan],0,[mergedmodules],0,[compacttset],0,[loginid],c58fd93b43ce60dc5c4fb2983a00db85,[llm],0,[zenstreaming],0,[systemresolution.resx],1600,[systemresolution.resy],900,[extradevelopmentmemorymb],0,[verbatimrhiname],D3D12,[rhiname],D3D12,[rhifeaturelevel],SM6,[shaderplatform],PCD3D_SM6,[gpu],NVIDIA GeForce RTX 4070 SUPER,[gpudriver],616.92,[deviceprofile],WindowsEditor,[largeworldcoordinates],1,[raytracing],1,[streamingpoolsizemb],1000,[csvid],7131338D40A65055DFEC31BA6E169129,[targetframerate],60,[starttimestamp],1790938978,[namedevents],0,[hasgtstalls],0,[vsyncenabled],0,[csvbench_timingstat_ns],66.605000,[csvbench_customstat_ns],35.020000,[csvbench_duration_ms],4.065400,[endtimestamp],1790938988,[captureduration],9.993731,[csvmaxfilebytesreached],0,[commandline]," "C:\Users\Cody\Documents\Unreal Projects\ArmoryLab\ArmoryLab.uproject" /Game/Armory/Maps/L_Armory -game -RenderOffscreen -ResX=1600 -ResY=900 -windowed -ExecCmds="py C:/Users/Cody/Desktop/Blender_Projects/Scripts/armory/unreal/ak_perf.py" -dx12 -unattended -nosplash -nop4 -NoSound -NoLiveCoding -dpcvars=r.GPUCsvStatsEnabled=1 -abslog=C:\Users\Cody\Desktop\Blender_Projects\WorkFiles\armory\build\unreal\perf\after\game\perf.log"