v1 top y 46 bottom 720
v1 48 (149, 249) (149, 200)
v1 54 (116, 254) (116, 254)
v1 60 (89, 259) (89, 259)
v1 66 (75, 261) (75, 261)
v1 72 (74, 262) (74, 262)
v1 78 (73, 262) (73, 262)
v1 84 (74, 261) (74, 261)
v1 90 (88, 263) (88, 263)
v1 96 (92, 264) (109, 264)
v1 102 (112, 276) (112, 276)
v1 108 (113, 286) (113, 286)
v1 114 (113, 293) (113, 293)
v1 120 (113, 300) (113, 300)
v1 126 (112, 305) (112, 305)
v1 132 (112, 310) (112, 310)
v1 138 (112, 314) (112, 314)
v1 144 (112, 317) (112, 317)
v1 150 (112, 320) (112, 320)
v1 156 (109, 323) (109, 323)
v1 162 (108, 325) (108, 325)
v1 168 (94, 327) (94, 327)
v1 174 (94, 328) (94, 328)
v1 180 (96, 329) (96, 329)
v1 186 (94, 330) (94, 330)
v1 192 (77, 332) (77, 332)
v1 198 (68, 332) (68, 332)
v1 204 (62, 332) (62, 332)
v1 210 (61, 330) (61, 330)
v1 216 (64, 329) (64, 329)
v1 222 (63, 328) (63, 328)
v1 228 (63, 326) (63, 326)
v1 234 (61, 322) (61, 322)
v1 240 (61, 320) (61, 320)
v1 246 (61, 318) (61, 318)
v1 252 (61, 315) (61, 315)
v1 258 (61, 310) (61, 310)
v1 264 (61, 306) (61, 306)
v1 270 (61, 302) (61, 302)
v1 276 (66, 303) (66, 303)
v1 282 (70, 303) (70, 303)
v1 288 (70, 302) (70, 258)
v1 294 (70, 301) (70, 247)
v1 300 (70, 301) (70, 247)
v1 306 (71, 301) (71, 247)
v1 312 (70, 302) (70, 247)
v1 318 (68, 301) (68, 249)
v1 324 (69, 300) (69, 249)
v1 330 (69, 301) (69, 249)
v1 336 (68, 301) (68, 249)
v1 342 (68, 301) (68, 249)
v1 348 (68, 301) (68, 249)
v1 354 (68, 299) (68, 249)
v1 360 (69, 299) (69, 249)
v1 366 (70, 300) (70, 249)
v1 372 (72, 300) (72, 249)
v1 378 (72, 299) (72, 249)
v1 384 (72, 298) (72, 249)
v1 390 (67, 298) (67, 249)
v1 396 (72, 298) (72, 249)
v1 402 (72, 298) (72, 249)
v1 408 (72, 298) (72, 249)
v1 414 (71, 297) (71, 248)
v1 420 (70, 297) (70, 248)
v1 426 (69, 297) (69, 248)
v1 432 (68, 297) (68, 248)
v1 438 (67, 297) (67, 248)
v1 444 (67, 298) (67, 248)
v1 450 (68, 297) (68, 248)
v1 456 (68, 296) (68, 248)
v1 462 (67, 296) (67, 249)
v1 468 (68, 296) (68, 248)
v1 474 (68, 297) (68, 248)
v1 480 (69, 296) (69, 248)
v1 486 (68, 296) (68, 248)
v1 492 (69, 295) (69, 248)
v1 498 (70, 295) (70, 248)
v1 504 (67, 296) (67, 249)
v1 510 (70, 296) (70, 248)
v1 516 (70, 296) (70, 248)
v1 522 (70, 296) (70, 248)
v1 528 (68, 296) (68, 248)
v1 534 (67, 294) (67, 248)
v1 540 (67, 294) (67, 248)
v1 546 (67, 294) (67, 248)
v1 552 (67, 295) (67, 248)
v1 558 (67, 295) (67, 248)
v1 564 (67, 295) (67, 248)
v1 570 (67, 295) (67, 248)
v1 576 (67, 295) (67, 248)
v1 582 (68, 295) (68, 248)
v1 588 (68, 248) (68, 248)
v1 594 (69, 248) (69, 248)
v1 600 (67, 248) (67, 248)
v1 606 (67, 248) (67, 248)
v1 612 (69, 249) (69, 249)
v1 618 (69, 248) (69, 248)
v1 624 (75, 248) (75, 248)
v1 630 (68, 250) (68, 250)
v1 636 (64, 256) (64, 256)
v1 642 (57, 257) (57, 257)
v1 648 (58, 257) (58, 257)
v1 654 (57, 257) (57, 257)
v1 660 (57, 257) (57, 257)
v1 666 (57, 257) (57, 257)
v1 672 (57, 255) (57, 255)
v1 678 (57, 255) (57, 255)
v1 684 (57, 254) (57, 254)
v1 690 (57, 255) (57, 255)
v1 696 (58, 344) (58, 286)
v1 702 (40, 344) (40, 344)
v1 708 (40, 344) (40, 250)
v1 714 (40, 247) (40, 247)
v1 720 (59, 220) (59, 212)
v2 top y 42 bottom 720
v2 42 (496, 500) None
v2 48 (439, 503) (439, 503)
v2 54 (429, 509) (429, 509)
v2 60 (405, 531) (405, 531)
v2 66 (403, 532) (403, 532)
v2 72 (402, 547) (402, 547)
v2 78 (402, 551) (402, 551)
v2 84 (402, 551) (402, 551)
v2 90 (400, 554) (400, 554)
v2 96 (400, 558) (400, 558)
v2 102 (400, 561) (400, 561)
v2 108 (400, 564) (400, 564)
v2 114 (400, 566) (400, 566)
v2 120 (398, 569) (398, 569)
v2 126 (398, 571) (398, 571)
v2 132 (398, 573) (398, 573)
v2 138 (396, 574) (396, 574)
v2 144 (393, 576) (393, 576)
v2 150 (390, 577) (390, 577)
v2 156 (386, 579) (386, 579)
v2 162 (382, 580) (382, 580)
v2 168 (380, 581) (380, 581)
v2 174 (377, 582) (377, 582)
v2 180 (377, 583) (377, 583)
v2 186 (374, 583) (374, 583)
v2 192 (372, 584) (372, 584)
v2 198 (372, 584) (372, 584)
v2 204 (372, 584) (372, 584)
v2 210 (370, 585) (370, 585)
v2 216 (370, 584) (370, 584)
v2 222 (368, 582) (368, 582)
v2 228 (368, 582) (368, 582)
v2 234 (368, 581) (368, 581)
v2 240 (369, 580) (369, 580)
v2 246 (370, 578) (370, 578)
v2 252 (371, 576) (371, 576)
v2 258 (371, 572) (371, 572)
v2 264 (374, 566) (374, 566)
v2 270 (377, 557) (377, 557)
v2 276 (379, 557) (379, 557)
v2 282 (379, 557) (379, 557)
v2 288 (379, 557) (379, 557)
v2 294 (379, 557) (379, 557)
v2 300 (379, 557) (379, 557)
v2 306 (379, 557) (379, 557)
v2 312 (379, 557) (379, 557)
v2 318 (379, 556) (379, 556)
v2 324 (379, 556) (379, 556)
v2 330 (379, 556) (379, 556)
v2 336 (379, 556) (379, 556)
v2 342 (379, 557) (379, 557)
v2 348 (381, 557) (381, 557)
v2 354 (379, 557) (379, 557)
v2 360 (379, 556) (379, 556)
v2 366 (379, 556) (379, 556)
v2 372 (379, 557) (379, 557)
v2 378 (379, 556) (379, 556)
v2 384 (378, 557) (378, 557)
v2 390 (379, 556) (379, 556)
v2 396 (379, 556) (379, 556)
v2 402 (379, 556) (379, 556)
v2 408 (379, 556) (379, 556)
v2 414 (379, 556) (379, 556)
v2 420 (379, 556) (379, 556)
v2 426 (380, 556) (380, 556)
v2 432 (380, 556) (380, 556)
v2 438 (380, 557) (380, 557)
v2 444 (380, 557) (380, 557)
v2 450 (379, 556) (379, 556)
v2 456 (379, 556) (379, 556)
v2 462 (379, 556) (379, 556)
v2 468 (379, 556) (379, 556)
v2 474 (379, 556) (379, 556)
v2 480 (381, 556) (381, 556)
v2 486 (379, 556) (379, 556)
v2 492 (379, 556) (379, 556)
v2 498 (379, 557) (379, 557)
v2 504 (378, 556) (378, 556)
v2 510 (379, 556) (379, 556)
v2 516 (379, 556) (379, 556)
v2 522 (379, 556) (379, 556)
v2 528 (383, 556) (383, 556)
v2 534 (381, 556) (381, 556)
v2 540 (381, 556) (381, 556)
v2 546 (380, 556) (380, 556)
v2 552 (380, 556) (380, 556)
v2 558 (378, 556) (378, 556)
v2 564 (378, 555) (378, 555)
v2 570 (378, 555) (378, 555)
v2 576 (378, 556) (378, 556)
v2 582 (378, 557) (378, 557)
v2 588 (379, 556) (379, 556)
v2 594 (381, 556) (381, 556)
v2 600 (380, 556) (380, 556)
v2 606 (378, 556) (378, 556)
v2 612 (378, 556) (378, 556)
v2 618 (378, 556) (378, 556)
v2 624 (378, 557) (378, 557)
v2 630 (374, 561) (374, 561)
v2 636 (370, 564) (370, 564)
v2 642 (370, 564) (370, 564)
v2 648 (370, 564) (370, 564)
v2 654 (370, 564) (370, 564)
v2 660 (370, 564) (370, 564)
v2 666 (370, 564) (370, 564)
v2 672 (370, 562) (370, 562)
v2 678 (370, 562) (370, 562)
v2 684 (370, 562) (370, 562)
v2 690 (370, 564) (370, 564)
v2 696 (345, 561) (354, 561)
v2 702 (345, 614) (345, 565)
v2 708 (345, 614) (345, 604)
v2 714 (360, 560) (360, 560)
v2 720 (383, 524) (383, 493)
v3 top y 44 bottom 720
v3 48 (722, 764) (734, 764)
v3 54 (692, 829) (692, 829)
v3 60 (688, 838) (688, 838)
v3 66 (677, 843) (677, 843)
v3 72 (677, 848) (677, 848)
v3 78 (676, 869) (676, 869)
v3 84 (678, 869) (678, 869)
v3 90 (690, 881) (690, 881)
v3 96 (691, 889) (691, 889)
v3 102 (693, 895) (693, 895)
v3 108 (693, 901) (693, 901)
v3 114 (693, 905) (693, 905)
v3 120 (693, 909) (693, 909)
v3 126 (693, 913) (693, 913)
v3 132 (693, 916) (693, 916)
v3 138 (693, 918) (693, 918)
v3 144 (693, 921) (693, 921)
v3 150 (693, 923) (693, 923)
v3 156 (689, 924) (689, 924)
v3 162 (681, 925) (681, 925)
v3 168 (675, 927) (675, 927)
v3 174 (675, 927) (675, 927)
v3 180 (675, 928) (675, 928)
v3 186 (675, 928) (675, 928)
v3 192 (662, 928) (662, 928)
v3 198 (653, 928) (653, 928)
v3 204 (650, 927) (650, 927)
v3 210 (650, 925) (650, 925)
v3 216 (650, 923) (650, 923)
v3 222 (650, 922) (650, 922)
v3 228 (650, 920) (650, 920)
v3 234 (650, 917) (650, 917)
v3 240 (650, 914) (650, 914)
v3 246 (650, 910) (650, 910)
v3 252 (650, 906) (650, 906)
v3 258 (650, 899) (650, 899)
v3 264 (650, 890) (650, 890)
v3 270 (653, 878) (653, 878)
v3 276 (656, 878) (656, 878)
v3 282 (656, 878) (656, 878)
v3 288 (656, 879) (656, 879)
v3 294 (656, 879) (656, 879)
v3 300 (656, 879) (656, 879)
v3 306 (656, 879) (656, 879)
v3 312 (657, 879) (657, 879)
v3 318 (657, 879) (657, 879)
v3 324 (657, 878) (657, 878)
v3 330 (657, 879) (657, 879)
v3 336 (657, 879) (657, 879)
v3 342 (657, 879) (657, 879)
v3 348 (657, 879) (657, 879)
v3 354 (657, 879) (657, 879)
v3 360 (657, 879) (657, 879)
v3 366 (657, 879) (657, 879)
v3 372 (657, 879) (657, 879)
v3 378 (657, 879) (657, 879)
v3 384 (656, 879) (656, 879)
v3 390 (657, 879) (657, 879)
v3 396 (657, 879) (657, 879)
v3 402 (657, 879) (657, 879)
v3 408 (657, 880) (657, 880)
v3 414 (659, 880) (659, 880)
v3 420 (658, 880) (658, 880)
v3 426 (659, 880) (659, 880)
v3 432 (658, 880) (658, 880)
v3 438 (657, 880) (657, 880)
v3 444 (657, 880) (657, 880)
v3 450 (658, 880) (658, 880)
v3 456 (657, 880) (657, 880)
v3 462 (657, 880) (657, 880)
v3 468 (659, 880) (659, 880)
v3 474 (659, 880) (659, 880)
v3 480 (659, 880) (659, 880)
v3 486 (659, 880) (659, 880)
v3 492 (659, 880) (659, 880)
v3 498 (657, 880) (657, 880)
v3 504 (656, 880) (656, 880)
v3 510 (657, 880) (657, 880)
v3 516 (659, 880) (659, 880)
v3 522 (663, 881) (663, 881)
v3 528 (662, 881) (662, 881)
v3 534 (662, 880) (662, 880)
v3 540 (661, 880) (661, 835)
v3 546 (660, 875) (660, 835)
v3 552 (660, 835) (660, 835)
v3 558 (658, 834) (658, 834)
v3 564 (658, 834) (658, 834)
v3 570 (659, 834) (659, 834)
v3 576 (659, 834) (659, 834)
v3 582 (659, 835) (659, 835)
v3 588 (662, 835) (662, 835)
v3 594 (659, 835) (659, 835)
v3 600 (660, 835) (660, 835)
v3 606 (660, 835) (660, 835)
v3 612 (657, 835) (657, 835)
v3 618 (656, 835) (656, 835)
v3 624 (657, 836) (657, 836)
v3 630 (652, 840) (652, 840)
v3 636 (648, 844) (648, 844)
v3 642 (647, 844) (647, 844)
v3 648 (647, 844) (647, 844)
v3 654 (647, 844) (647, 844)
v3 660 (647, 844) (647, 844)
v3 666 (647, 844) (647, 844)
v3 672 (647, 844) (647, 844)
v3 678 (647, 844) (647, 844)
v3 684 (648, 844) (648, 844)
v3 690 (648, 844) (648, 844)
v3 696 (628, 839) (628, 839)
v3 702 (615, 949) (615, 836)
v3 708 (615, 837) (615, 837)
v3 714 (646, 837) (646, 837)
v3 720 (666, 785) None
v4 top y 41 bottom 720
v4 42 (1099, 1130) (1099, 1113)
v4 48 (1054, 1161) (1054, 1161)
v4 54 (1015, 1163) (1015, 1163)
v4 60 (1013, 1165) (1013, 1165)
v4 66 (1012, 1172) (1012, 1172)
v4 72 (1012, 1173) (1012, 1173)
v4 78 (1016, 1170) (1016, 1170)
v4 84 (1022, 1171) (1022, 1171)
v4 90 (1015, 1173) (1015, 1173)
v4 96 (1009, 1172) (1009, 1172)
v4 102 (1006, 1173) (1006, 1173)
v4 108 (1001, 1174) (1001, 1174)
v4 114 (997, 1175) (997, 1175)
v4 120 (995, 1177) (995, 1177)
v4 126 (991, 1177) (991, 1177)
v4 132 (989, 1177) (989, 1177)
v4 138 (987, 1177) (987, 1177)
v4 144 (985, 1179) (985, 1179)
v4 150 (983, 1181) (983, 1181)
v4 156 (981, 1182) (981, 1182)
v4 162 (980, 1183) (980, 1183)
v4 168 (979, 1183) (979, 1183)
v4 174 (978, 1183) (978, 1183)
v4 180 (978, 1183) (978, 1183)
v4 186 (977, 1183) (977, 1183)
v4 192 (976, 1196) (976, 1196)
v4 198 (976, 1201) (976, 1201)
v4 204 (977, 1204) (977, 1204)
v4 210 (977, 1203) (977, 1203)
v4 216 (979, 1203) (979, 1203)
v4 222 (980, 1203) (980, 1203)
v4 228 (982, 1203) (982, 1203)
v4 234 (985, 1203) (985, 1203)
v4 240 (988, 1203) (988, 1203)
v4 246 (991, 1203) (991, 1203)
v4 252 (996, 1203) (996, 1203)
v4 258 (1003, 1203) (1003, 1203)
v4 264 (1005, 1203) (1005, 1203)
v4 270 (1008, 1198) (1008, 1198)
v4 276 (1011, 1196) (1011, 1196)
v4 282 (1011, 1196) (1011, 1196)
v4 288 (1013, 1197) (1013, 1197)
v4 294 (1013, 1197) (1013, 1197)
v4 300 (1013, 1196) (1013, 1196)
v4 306 (1013, 1195) (1013, 1195)
v4 312 (1012, 1195) (1012, 1195)
v4 318 (1012, 1194) (1012, 1194)
v4 324 (1012, 1195) (1012, 1195)
v4 330 (1012, 1195) (1012, 1195)
v4 336 (1013, 1195) (1013, 1195)
v4 342 (1012, 1195) (1012, 1195)
v4 348 (1012, 1195) (1012, 1195)
v4 354 (1012, 1196) (1012, 1196)
v4 360 (1014, 1196) (1014, 1196)
v4 366 (1016, 1196) (1016, 1196)
v4 372 (1013, 1195) (1013, 1195)
v4 378 (1012, 1195) (1012, 1195)
v4 384 (1013, 1196) (1013, 1196)
v4 390 (1011, 1196) (1011, 1196)
v4 396 (1012, 1195) (1012, 1195)
v4 402 (1014, 1195) (1014, 1195)
v4 408 (1015, 1195) (1015, 1195)
v4 414 (1014, 1196) (1014, 1196)
v4 420 (1013, 1195) (1013, 1195)
v4 426 (1012, 1195) (1012, 1195)
v4 432 (1013, 1194) (1013, 1194)
v4 438 (1012, 1195) (1012, 1195)
v4 444 (1012, 1195) (1012, 1195)
v4 450 (1012, 1195) (1012, 1195)
v4 456 (1011, 1195) (1011, 1195)
v4 462 (1012, 1195) (1012, 1195)
v4 468 (1012, 1196) (1012, 1196)
v4 474 (1013, 1196) (1013, 1196)
v4 480 (1014, 1195) (1014, 1195)
v4 486 (1014, 1195) (1014, 1195)
v4 492 (1014, 1195) (1014, 1195)
v4 498 (1014, 1195) (1014, 1195)
v4 504 (1012, 1196) (1012, 1196)
v4 510 (1016, 1195) (1016, 1195)
v4 516 (1017, 1195) (1017, 1195)
v4 522 (1014, 1195) (1014, 1195)
v4 528 (1014, 1196) (1014, 1196)
v4 534 (1014, 1195) (1014, 1195)
v4 540 (1012, 1195) (1012, 1195)
v4 546 (1012, 1194) (1012, 1194)
v4 552 (1012, 1195) (1012, 1195)
v4 558 (1013, 1194) (1013, 1194)
v4 564 (1013, 1194) (1013, 1194)
v4 570 (1012, 1195) (1012, 1195)
v4 576 (1011, 1195) (1011, 1195)
v4 582 (1012, 1195) (1012, 1195)
v4 588 (1013, 1196) (1013, 1196)
v4 594 (1013, 1196) (1013, 1196)
v4 600 (1013, 1196) (1013, 1196)
v4 606 (1014, 1196) (1014, 1196)
v4 612 (1014, 1196) (1014, 1196)
v4 618 (1012, 1196) (1012, 1196)
v4 624 (1012, 1196) (1012, 1196)
v4 630 (1008, 1200) (1008, 1200)
v4 636 (1003, 1204) (1003, 1204)
v4 642 (1002, 1204) (1002, 1204)
v4 648 (1002, 1204) (1002, 1204)
v4 654 (1002, 1204) (1002, 1204)
v4 660 (1002, 1204) (1002, 1204)
v4 666 (1002, 1204) (1002, 1204)
v4 672 (1002, 1204) (1002, 1204)
v4 678 (1002, 1204) (1002, 1204)
v4 684 (1002, 1204) (1002, 1204)
v4 690 (1003, 1204) (1003, 1204)
v4 696 (950, 1200) (950, 1200)
v4 702 (950, 1197) (950, 1197)
v4 708 (967, 1197) (967, 1197)
v4 714 (996, 1189) (996, 1189)
v4 720 (1021, 1160) (1021, 1160)
