y    v2c  v2web    v3c    v1c    v4c
35  0.193  0.188  0.193  0.175  0.184   d: +0.00 +0.00 +0.00 +0.00 +0.00
36  0.195  0.190  0.193  0.176  0.186   d: +0.00 +0.00 +0.00 +0.00 +0.00
37  0.194  0.189  0.194  0.176  0.185   d: +0.00 -0.00 +0.00 +0.00 -0.00
38  0.196  0.190  0.194  0.177  0.185   d: +0.00 -0.00 -0.00 +0.00 +0.00
39  0.195  0.189  0.193  0.176  0.185   d: +0.00 -0.00 +0.00 -0.00 +0.00
40  0.197  0.190  0.194  0.177  0.186   d: +0.00 +0.00 +0.00 +0.00 +0.00
41  0.196  0.189  0.194  0.177  0.186   d: -0.00 -0.00 +0.00 -0.00 +0.00
42  0.197  0.189  0.196  0.176  0.187   d: +0.01 -0.00 +0.00 +0.00 +0.00
43  0.204  0.189  0.195  0.177  0.186   d: -0.02 -0.00 -0.00 +0.00 +0.00
44  0.181  0.189  0.194  0.178  0.188   d: +0.03 +0.00 +0.01 +0.00 +0.00
45  0.239  0.189  0.207  0.178  0.189   d: +0.08 -0.00 -0.03 +0.00 +0.00
46  0.260  0.188  0.166  0.179  0.188   d: -0.00 -0.00 +0.06 -0.00 +0.00
47  0.234  0.185  0.263  0.178  0.192   d: +0.02 -0.00 +0.27 +0.00 -0.01
48  0.276  0.186  0.434  0.180  0.181   d: +0.09 -0.00 +0.02 +0.00 +0.09
49  0.328  0.183  0.282  0.180  0.283   d: +0.10 +0.00 -0.15 +0.00 +0.11
50  0.375  0.186  0.280  0.185  0.291   d: +0.16 +0.00 +0.06 -0.01 -0.01
51  0.484  0.185  0.341  0.173  0.275   d: +0.16 +0.00 +0.01 +0.02 +0.06
52  0.531  0.187  0.294  0.201  0.353   d: -0.06 +0.00 -0.06 +0.10 +0.04
53  0.426  0.187  0.279  0.268  0.315   d: -0.17 +0.00 -0.02 +0.04 -0.12
54  0.361  0.190  0.270  0.243  0.231   d: -0.16 -0.00 -0.08 -0.07 -0.11
55  0.271  0.186  0.201  0.198  0.206   d: -0.14 -0.00 -0.02 -0.07 -0.01
56  0.221  0.189  0.247  0.169  0.218   d: -0.09 +0.03 +0.05 -0.05 -0.01
57  0.184  0.216  0.253  0.145  0.197   d: -0.04 +0.02 -0.04 -0.00 +0.00
58  0.183  0.208  0.204  0.165  0.222   d: +0.00 -0.00 -0.02 -0.01 +0.05
59  0.185  0.214  0.231  0.139  0.251   d: -0.02 +0.18 +0.09 -0.08 +0.01
60  0.166  0.388  0.299  0.083  0.235   d: -0.03 +0.14 +0.05 -0.10 +0.01
61  0.157  0.351  0.282  0.042  0.258   d: +0.00 -0.17 -0.02 -0.06 +0.02
62  0.171  0.219  0.282  0.022  0.251   d: -0.01 -0.19 -0.02 -0.02 -0.05
63  0.150  0.164  0.262  0.021  0.210   d: -0.03 -0.07 -0.04 +0.01 -0.05
64  0.142  0.149  0.240  0.032  0.202   d: +0.00 +0.03 -0.04 +0.03 -0.04
65  0.155  0.196  0.227  0.049  0.171   d: +0.06 +0.10 -0.02 +0.03 -0.03
66  0.203  0.250  0.218  0.060  0.175   d: +0.03 +0.06 -0.06 +0.01 -0.00
67  0.182  0.254  0.165  0.061  0.167   d: -0.10 +0.02 -0.09 +0.01 +0.01
68  0.101  0.272  0.129  0.075  0.185   d: -0.14 +0.02 -0.05 +0.04 +0.02
69  0.044  0.276  0.114  0.106  0.189   d: -0.06 +0.01 -0.02 +0.05 -0.03
70  0.039  0.278  0.107  0.124  0.154   d: -0.01 -0.02 -0.01 +0.03 -0.06
71  0.037  0.251  0.103  0.139  0.126   d: +0.00 -0.01 -0.00 +0.02 +0.01
72  0.041  0.268  0.105  0.144  0.165   d: +0.00 +0.07 -0.00 -0.01 +0.07
73  0.041  0.317  0.099  0.131  0.198   d: -0.02 +0.00 -0.00 -0.01 +0.07
74  0.024  0.270  0.101  0.130  0.236   d: -0.03 -0.10 +0.00 -0.01 +0.06
75  0.010  0.217  0.102  0.125  0.260   d: -0.01 -0.06 -0.00 -0.00 -0.06
76  0.013  0.208  0.096  0.129  0.178   d: +0.01 -0.04 -0.01 +0.00 -0.12
77  0.016  0.179  0.097  0.126  0.136   d: +0.01 -0.04 +0.01 -0.00 -0.04
78  0.026  0.167  0.107  0.127  0.134   d: +0.02 -0.03 +0.02 +0.00 -0.03
79  0.032  0.148  0.118  0.130  0.108   d: +0.02 -0.02 +0.04 +0.02 -0.04
80  0.042  0.146  0.143  0.146  0.092   d: +0.01 +0.00 +0.04 +0.01 -0.00
81  0.046  0.150  0.154  0.144  0.104   d: +0.01 -0.00 +0.00 -0.01 +0.04
82  0.055  0.143  0.144  0.132  0.129   d: +0.02 -0.02 -0.02 -0.01 +0.02
83  0.062  0.126  0.139  0.137  0.122   d: +0.02 -0.02 +0.01 +0.03 -0.02
84  0.070  0.124  0.153  0.158  0.106   d: +0.03 +0.00 +0.01 +0.02 -0.03
85  0.088  0.126  0.154  0.161  0.096   d: +0.03 +0.01 +0.00 +0.02 -0.01
86  0.096  0.132  0.157  0.180  0.096   d: +0.01 +0.01 -0.01 +0.03 -0.01
87  0.096  0.138  0.148  0.186  0.089   d: +0.01 +0.01 -0.02 -0.01 -0.01
88  0.108  0.138  0.140  0.172  0.084   d: +0.01 -0.01 -0.00 -0.02 -0.01
89  0.110  0.123  0.146  0.167  0.078   d: +0.01 -0.01 +0.01 +0.00 +0.01
90  0.115  0.124  0.153  0.177  0.091   d: +0.02 +0.00 -0.00 +0.01 +0.04
91  0.127  0.124  0.143  0.176  0.114   d: +0.03 +0.00 +0.00 +0.00 +0.04
92  0.143  0.126  0.155  0.179  0.132   d: +0.02 +0.00 +0.03 -0.00 +0.03
93  0.148  0.128  0.174  0.175  0.147   d: +0.01 -0.02 +0.01 -0.01 +0.01
94  0.157  0.106  0.168  0.173  0.140   d: +0.02 -0.06 -0.03 -0.01 -0.03
95  0.166  0.069  0.148  0.166  0.117   d: +0.01 -0.05 +0.04 -0.02 -0.03
96  0.171  0.054  0.206  0.155  0.105   d: +0.01 -0.02 +0.13 -0.02 -0.04
97  0.180  0.049  0.278  0.144  0.081   d: +0.02 -0.01 +0.04 -0.01 -0.03
98  0.193  0.045  0.247  0.145  0.077   d: +0.02 -0.00 -0.07 +0.00 +0.01
99  0.196  0.047  0.213  0.148  0.096   d: +0.01 +0.00 -0.01 +0.00 +0.02
100  0.199  0.048  0.234  0.148  0.098   d: -0.00 +0.00 +0.03 -0.00 -0.03
101  0.195  0.048  0.247  0.147  0.069   d: -0.01 +0.00 +0.01 +0.03 -0.05
102  0.190  0.052  0.241  0.183  0.046   d: -0.01 +0.01 -0.02 +0.09 -0.02
103  0.186  0.053  0.222  0.237  0.047   d: +0.01 -0.00 -0.02 +0.06 -0.00
104  0.198  0.051  0.225  0.242  0.046   d: +0.03 -0.00 +0.01 +0.02 -0.01
105  0.217  0.050  0.231  0.254  0.042   d: +0.01 -0.00 +0.01 +0.03 -0.00
106  0.204  0.050  0.236  0.271  0.041   d: -0.02 +0.00 +0.03 -0.01 +0.00
107  0.193  0.052  0.263  0.241  0.043   d: -0.01 +0.00 +0.02 -0.05 +0.01
108  0.197  0.053  0.255  0.223  0.047   d: -0.00 +0.00 -0.03 -0.02 +0.01
109  0.189  0.054  0.232  0.226  0.051   d: +0.01 +0.00 -0.02 +0.00 +0.01
110  0.203  0.054  0.233  0.226  0.056   d: +0.03 -0.00 +0.01 -0.00 +0.01
111  0.223  0.052  0.239  0.221  0.065   d: +0.02 -0.00 +0.01 -0.02 +0.02
112  0.220  0.052  0.247  0.201  0.073   d: +0.01 +0.00 +0.02 -0.02 +0.02
113  0.230  0.054  0.255  0.200  0.081   d: +0.01 +0.01 -0.01 +0.00 +0.01
114  0.230  0.057  0.236  0.204  0.084   d: -0.02 +0.01 -0.04 +0.00 +0.01
115  0.214  0.060  0.219  0.202  0.094   d: -0.01 +0.01 -0.01 -0.01 +0.02
116  0.220  0.066  0.221  0.198  0.104   d: +0.03 +0.02 +0.00 +0.00 +0.02
117  0.246  0.078  0.223  0.204  0.109   d: +0.03 +0.02 -0.01 +0.01 +0.01
118  0.247  0.089  0.215  0.207  0.117   d: -0.01 +0.02 -0.00 -0.01 +0.04
119  0.238  0.095  0.219  0.193  0.146   d: -0.01 +0.02 +0.00 -0.02 +0.04
120  0.239  0.105  0.219  0.190  0.157   d: +0.01 +0.03 +0.01 +0.03 -0.01
121  0.243  0.122  0.229  0.218  0.141   d: -0.01 +0.02 +0.02 -0.01 -0.03
122  0.228  0.130  0.241  0.182  0.129   d: -0.03 +0.01 +0.03 -0.05 -0.01
123  0.209  0.135  0.261  0.167  0.132   d: -0.04 +0.01 +0.02 -0.00 +0.00
124  0.189  0.137  0.257  0.182  0.134   d: -0.03 +0.01 -0.01 +0.01 +0.00
125  0.184  0.141  0.254  0.174  0.137   d: -0.01 +0.01 -0.01 -0.02 +0.00
126  0.180  0.142  0.248  0.160  0.138   d: -0.00 +0.01 +0.00 -0.02 +0.01
127  0.183  0.150  0.255  0.157  0.143   d: -0.01 +0.00 +0.01 -0.00 +0.01
128  0.172  0.147  0.256  0.160  0.147   d: -0.01 -0.00 +0.00 +0.00 +0.01
129  0.172  0.147  0.259  0.159  0.156   d: +0.00 +0.00 -0.00 -0.01 +0.01
130  0.173  0.148  0.253  0.149  0.152   d: +0.01 +0.00 -0.01 -0.00 -0.01
131  0.182  0.152  0.249  0.155  0.149   d: +0.01 +0.00 -0.01 +0.01 +0.00
132  0.184  0.151  0.239  0.161  0.153   d: +0.00 +0.01 -0.01 +0.02 +0.02
133  0.187  0.159  0.239  0.171  0.168   d: +0.00 +0.01 +0.00 -0.01 +0.01
134  0.188  0.165  0.240  0.155  0.166   d: +0.01 +0.01 +0.02 -0.02 -0.00
135  0.197  0.169  0.254  0.148  0.166   d: +0.00 +0.01 -0.01 +0.00 +0.00
136  0.189  0.171  0.233  0.158  0.166   d: -0.00 +0.02 -0.03 +0.01 +0.01
137  0.196  0.188  0.228  0.160  0.172   d: +0.02 +0.01 +0.01 -0.00 +0.01
138  0.204  0.183  0.240  0.154  0.173   d: +0.01 -0.01 +0.02 -0.00 +0.01
139  0.209  0.178  0.243  0.157  0.180   d: +0.01 +0.00 -0.00 +0.00 +0.01
140  0.210  0.185  0.240  0.156  0.180   d: +0.02 +0.01 +0.01 +0.01 -0.00
141  0.229  0.191  0.256  0.166  0.177   d: +0.03 -0.00 +0.02 +0.01 -0.01
142  0.239  0.181  0.258  0.168  0.172   d: +0.08 -0.02 +0.00 +0.01 +0.00
143  0.308  0.174  0.256  0.171  0.182   d: +0.09 -0.02 -0.01 +0.00 -0.00
144  0.328  0.158  0.244  0.170  0.171   d: -0.05 -0.02 -0.01 +0.00 -0.01
145  0.262  0.155  0.248  0.171  0.174   d: -0.08 -0.01 -0.01 -0.02 +0.02
146  0.246  0.145  0.234  0.155  0.191   d: -0.05 -0.02 +0.02 -0.01 -0.05
147  0.211  0.135  0.265  0.165  0.123   d: -0.05 +0.00 +0.10 +0.02 -0.09
148  0.193  0.148  0.334  0.178  0.103   d: -0.00 +0.08 +0.10 -0.01 +0.11
149  0.209  0.215  0.360  0.158  0.230   d: +0.00 +0.07 -0.03 -0.02 +0.10
150  0.193  0.217  0.307  0.154  0.203   d: -0.02 -0.04 -0.17 +0.04 -0.08
151  0.193  0.172  0.191  0.200  0.154   d: +0.00 -0.04 -0.15 +0.01 -0.03
152  0.197  0.177  0.157  0.160  0.169   d: -0.02 +0.01 -0.03 -0.07 +0.00
153  0.172  0.181  0.161  0.129  0.156   d: -0.10 +0.00 +0.00 +0.08 -0.01
154  0.094  0.182  0.161  0.241  0.158   d: +0.05 +0.02 +0.02 +0.06 +0.03
155  0.219  0.204  0.176  0.187  0.184   d: +0.47 -0.04 +0.01 -0.15 +0.01
156  0.566  0.146  0.175  0.091  0.170   d: +0.15 +0.05 -0.00 -0.08 -0.10
157  0.369  0.250  0.174  0.110  0.082   d: -0.47 +0.61 -0.05 +0.02 -0.16
158  0.093  0.760  0.128  0.106  0.008   d: -0.25 +0.38 +0.13 -0.01 +0.18
159  0.117  0.627  0.307  0.102  0.260   d: +0.02 -0.43 +0.41 -0.00 +0.71
160  0.117  0.334  0.539  0.106  0.719   d: -0.01 -0.28 -0.17 -0.01 +0.16
161  0.111  0.349  0.140  0.088  0.421   d: +0.00 -0.02 -0.43 -0.03 -0.52
162  0.119  0.315  0.113  0.080  0.198   d: +0.03 -0.04 -0.02 +0.26 -0.16
163  0.137  0.307  0.124  0.347  0.263   d: +0.03 +0.01 -0.01 +0.39 +0.08
164  0.151  0.327  0.103  0.475  0.276   d: +0.09 +0.02 -0.01 -0.09 +0.01
165  0.225  0.326  0.115  0.261  0.275   d: +0.13 -0.02 +0.01 -0.27 -0.02
166  0.282  0.305  0.114  0.205  0.255   d: -0.03 +0.01 -0.01 -0.05 -0.03
167  0.190  0.332  0.105  0.207  0.248   d: -0.12 +0.04 +0.04 -0.01 -0.01
168  0.159  0.350  0.158  0.197  0.245   d: -0.04 -0.03 +0.13 -0.00 +0.03
169  0.149  0.299  0.232  0.205  0.274   d: -0.03 -0.06 +0.01 -0.01 -0.00
170  0.133  0.290  0.166  0.187  0.242   d: -0.01 +0.00 -0.06 +0.00 -0.06
171  0.138  0.304  0.170  0.208  0.219   d: +0.00 -0.00 +0.02 +0.02 -0.02
172  0.135  0.285  0.190  0.205  0.224   d: +0.01 -0.00 -0.01 -0.07 +0.02
173  0.151  0.302  0.164  0.142  0.237   d: +0.02 +0.02 -0.04 -0.06 +0.02
174  0.150  0.308  0.150  0.149  0.244   d: +0.01 +0.10 +0.00 +0.02 +0.01
175  0.163  0.405  0.164  0.159  0.249   d: -0.06 +0.20 +0.01 -0.01 -0.03
176  0.095  0.509  0.157  0.139  0.216   d: -0.15 -0.00 -0.00 -0.01 -0.03
177  0.015  0.401  0.161  0.147  0.215   d: -0.07 -0.45 -0.00 +0.00 +0.17
178  0.027  0.055  0.154  0.141  0.386   d: -0.00 -0.37 -0.01 +0.01 +0.20
179  0.011  0.026  0.149  0.152  0.416   d: +0.11 -0.03 -0.10 +0.01 -0.37
180  0.140  0.025  0.051  0.147  0.020   d: +0.45 +0.01 -0.14 +0.03 -0.39
181  0.461  0.041  0.006  0.185  0.024   d: +0.08 +0.43 -0.05 +0.09 +0.00
182  0.223  0.457  0.003  0.232  0.022   d: -0.21 +0.60 +0.09 -0.07 -0.01
183  0.253  0.641  0.093  0.116  0.017   d: +0.18 -0.07 +0.43 -0.22 +0.22
184  0.402  0.389  0.435  0.010  0.245   d: +0.09 -0.19 +0.12 -0.11 +0.53
185  0.340  0.454  0.215  0.011  0.542   d: -0.08 +0.11 -0.27 -0.01 +0.13
186  0.322  0.495  0.169  0.002  0.376   d: -0.02 +0.07 +0.08 +0.08 -0.25
187  0.320  0.526  0.294  0.091  0.288   d: -0.01 -0.01 +0.19 +0.35 -0.16
188  0.316  0.482  0.356  0.353  0.219   d: -0.00 -0.06 +0.09 +0.26 -0.08
189  0.319  0.469  0.386  0.349  0.204   d: +0.00 -0.03 +0.01 -0.07 -0.01
190  0.317  0.449  0.369  0.283  0.205   d: -0.06 +0.00 -0.03 -0.09 +0.02
191  0.262  0.471  0.352  0.255  0.227   d: +0.08 -0.04 -0.05 +0.04 +0.01
192  0.398  0.408  0.314  0.319  0.217   d: +0.31 -0.04 -0.05 +0.07 -0.01
193  0.571  0.433  0.305  0.324  0.218   d: -0.17 +0.34 -0.04 -0.01 -0.01
194  0.229  0.743  0.270  0.312  0.204   d: -0.34 +0.22 +0.06 +0.02 -0.02
195  0.232  0.656  0.364  0.341  0.198   d: +0.01 -0.23 +0.25 +0.03 +0.01
196  0.241  0.511  0.523  0.338  0.215   d: -0.03 -0.08 -0.14 +0.01 +0.30
197  0.198  0.581  0.223  0.350  0.501   d: -0.03 +0.08 -0.35 -0.03 +0.22
198  0.215  0.594  0.173  0.303  0.439   d: +0.02 -0.01 -0.02 -0.08 -0.18
199  0.215  0.572  0.206  0.271  0.323   d: -0.04 -0.10 +0.02 +0.12 -0.09
200  0.173  0.493  0.197  0.428  0.344   d: -0.02 -0.11 +0.00 +0.19 -0.03
201  0.197  0.458  0.210  0.459  0.294   d: +0.02 -0.04 -0.02 -0.09 -0.07
202  0.197  0.450  0.174  0.335  0.278   d: +0.02 +0.01 -0.03 -0.14 -0.00
203  0.215  0.466  0.184  0.319  0.292   d: +0.03 -0.02 +0.02 -0.02 +0.02
204  0.224  0.429  0.193  0.314  0.295   d: +0.02 -0.02 +0.01 -0.01 +0.02
205  0.230  0.446  0.189  0.307  0.315   d: -0.01 +0.03 -0.01 -0.04 -0.01
206  0.212  0.455  0.188  0.274  0.287   d: +0.02 +0.02 +0.03 -0.02 -0.01
207  0.247  0.470  0.219  0.284  0.305   d: +0.04 -0.00 +0.04 +0.01 +0.02
208  0.255  0.454  0.225  0.282  0.303   d: +0.01 -0.01 +0.02 +0.02 -0.01
209  0.260  0.465  0.243  0.301  0.299   d: -0.00 +0.00 +0.01 -0.01 -0.02
210  0.250  0.455  0.239  0.273  0.279   d: +0.00 +0.00 +0.00 +0.00 -0.00
211  0.263  0.469  0.244  0.303  0.297   d: +0.01 +0.01 +0.01 +0.01 +0.01
212  0.258  0.463  0.247  0.282  0.290   d: -0.00 +0.04 +0.02 -0.05 -0.01
213  0.260  0.506  0.260  0.250  0.289   d: -0.00 +0.02 +0.01 +0.00 -0.01
214  0.255  0.479  0.260  0.283  0.278   d: +0.01 -0.05 +0.01 +0.04 +0.01
215  0.267  0.458  0.273  0.294  0.301   d: +0.00 +0.04 +0.01 -0.01 +0.00
216  0.259  0.521  0.268  0.270  0.281   d: -0.00 +0.05 -0.00 -0.01 -0.03
217  0.264  0.506  0.270  0.282  0.272   d: +0.02 -0.05 -0.01 -0.00 -0.00
218  0.274  0.473  0.259  0.268  0.281   d: -0.00 -0.00 -0.01 -0.01 +0.02
219  0.262  0.505  0.259  0.276  0.289   d: -0.05 +0.04 -0.01 -0.00 +0.00
220  0.229  0.511  0.252  0.268  0.283   d: -0.03 +0.01 -0.00 -0.02 +0.00
221  0.230  0.514  0.256  0.256  0.289   d: -0.03 -0.01 -0.01 -0.02 +0.00
222  0.199  0.504  0.237  0.248  0.283   d: -0.03 -0.02 -0.03 +0.02 +0.01
223  0.196  0.497  0.228  0.272  0.298   d: +0.01 -0.00 -0.01 +0.01 +0.01
224  0.205  0.500  0.231  0.262  0.296   d: +0.02 +0.00 +0.00 -0.01 +0.01
225  0.211  0.501  0.232  0.260  0.308   d: -0.01 -0.03 -0.02 -0.00 +0.00
226  0.196  0.470  0.211  0.261  0.297   d: -0.00 -0.02 -0.01 +0.02 -0.01
227  0.208  0.486  0.219  0.281  0.301   d: -0.01 +0.00 -0.00 +0.01 +0.00
228  0.182  0.474  0.207  0.271  0.300   d: -0.03 +0.01 -0.01 -0.00 +0.01
229  0.176  0.496  0.205  0.281  0.310   d: -0.00 +0.01 -0.02 +0.01 -0.00
230  0.178  0.485  0.185  0.285  0.299   d: +0.03 -0.01 -0.00 +0.01 -0.01
231  0.206  0.484  0.201  0.295  0.299   d: +0.01 -0.02 +0.00 -0.00 -0.01
232  0.189  0.469  0.188  0.280  0.292   d: +0.00 +0.02 -0.00 -0.01 +0.00
233  0.211  0.507  0.199  0.283  0.304   d: +0.02 +0.01 +0.01 +0.01 +0.01
234  0.211  0.475  0.197  0.294  0.298   d: -0.03 -0.03 -0.01 +0.01 +0.00
235  0.179  0.481  0.185  0.291  0.306   d: -0.01 +0.04 -0.02 -0.02 +0.00
236  0.198  0.516  0.172  0.272  0.302   d: +0.06 -0.00 -0.02 -0.00 -0.01
237  0.237  0.477  0.170  0.289  0.300   d: +0.01 -0.05 -0.02 +0.01 -0.00
238  0.213  0.462  0.153  0.286  0.301   d: -0.01 +0.01 +0.00 -0.00 +0.01
239  0.231  0.489  0.170  0.287  0.310   d: +0.01 -0.03 +0.06 -0.00 -0.00
240  0.219  0.434  0.210  0.282  0.301   d: -0.00 -0.04 +0.08 +0.01 +0.00
241  0.229  0.446  0.251  0.295  0.313   d: -0.00 +0.02 +0.04 +0.01 +0.01
242  0.217  0.452  0.245  0.290  0.309   d: -0.02 +0.01 -0.02 +0.00 -0.02
243  0.209  0.460  0.228  0.296  0.292   d: -0.03 -0.01 -0.06 -0.00 -0.03
244  0.183  0.446  0.189  0.287  0.283   d: -0.04 -0.01 -0.04 +0.00 +0.02
245  0.171  0.446  0.192  0.296  0.312   d: -0.01 +0.01 +0.02 +0.01 +0.02
246  0.176  0.451  0.206  0.293  0.303   d: +0.05 +0.00 +0.03 +0.01 -0.01
247  0.216  0.449  0.222  0.304  0.304   d: +0.05 -0.03 +0.02 +0.01 -0.00
248  0.229  0.418  0.228  0.304  0.299   d: +0.03 -0.01 +0.03 +0.00 +0.00
249  0.247  0.441  0.249  0.306  0.308   d: +0.01 +0.03 +0.02 -0.00 +0.00
250  0.240  0.448  0.246  0.299  0.299   d: +0.00 -0.00 +0.00 -0.01 +0.00
251  0.249  0.439  0.250  0.301  0.310   d: -0.01 -0.03 -0.00 -0.01 +0.00
252  0.227  0.417  0.245  0.289  0.301   d: -0.02 -0.01 -0.01 -0.01 -0.01
253  0.226  0.433  0.244  0.289  0.295   d: -0.00 -0.00 -0.01 -0.01 -0.01
254  0.224  0.416  0.237  0.282  0.288   d: +0.05 -0.04 +0.00 -0.02 +0.00
255  0.278  0.396  0.248  0.272  0.296   d: +0.03 -0.03 +0.01 -0.02 +0.00
256  0.254  0.386  0.251  0.261  0.290   d: -0.16 -0.03 +0.01 +0.01 -0.00
257  0.119  0.368  0.256  0.284  0.293   d: -0.15 -0.22 -0.02 +0.03 -0.01
258  0.104  0.164  0.231  0.291  0.285   d: +0.00 -0.25 -0.10 +0.01 -0.00
259  0.120  0.121  0.155  0.297  0.291   d: +0.01 +0.03 -0.13 -0.00 +0.01
260  0.118  0.195  0.102  0.288  0.295   d: -0.00 +0.07 -0.06 -0.02 +0.05
261  0.120  0.189  0.098  0.281  0.345   d: -0.01 -0.02 +0.00 -0.01 -0.10
262  0.106  0.176  0.104  0.275  0.199   d: -0.01 +0.00 +0.02 -0.01 -0.28
263  0.106  0.192  0.120  0.269  0.069   d: +0.03 +0.01 +0.02 -0.00 -0.11
264  0.139  0.187  0.119  0.272  0.091   d: +0.09 +0.07 -0.01 +0.08 +0.04
265  0.196  0.260  0.110  0.352  0.110   d: +0.08 +0.21 -0.00 -0.02 +0.01
266  0.217  0.398  0.116  0.248  0.101   d: +0.04 +0.21 +0.06 -0.26 -0.02
267  0.239  0.468  0.171  0.090  0.090   d: +0.03 +0.09 +0.09 -0.16 -0.01
268  0.243  0.492  0.203  0.090  0.088   d: -0.01 +0.01 +0.05 +0.02 +0.03
269  0.232  0.478  0.217  0.108  0.118   d: -0.01 -0.04 +0.02 +0.03 +0.07
270  0.229  0.451  0.221  0.119  0.154   d: +0.02 -0.01 +0.02 +0.01 +0.13
271  0.256  0.466  0.235  0.118  0.247   d: +0.03 +0.01 +0.01 -0.02 +0.15
272  0.256  0.461  0.232  0.099  0.309   d: +0.01 -0.00 +0.00 -0.01 +0.06
273  0.265  0.466  0.236  0.106  0.307   d: +0.01 -0.00 -0.00 +0.04 -0.02
274  0.265  0.461  0.228  0.140  0.284   d: +0.00 +0.02 -0.00 +0.10 -0.02
275  0.266  0.489  0.232  0.205  0.283   d: +0.02 +0.04 -0.00 +0.11 -0.00
276  0.281  0.497  0.227  0.246  0.284   d: +0.01 -0.01 +0.00 +0.06 +0.01
277  0.280  0.477  0.237  0.269  0.294   d: -0.01 -0.04 +0.02 +0.02 +0.00
278  0.272  0.458  0.252  0.263  0.285   d: +0.01 +0.02 +0.03 -0.03 -0.01
279  0.289  0.495  0.269  0.236  0.288   d: +0.02 +0.04 +0.01 -0.03 +0.00
280  0.292  0.498  0.266  0.236  0.289   d: +0.01 -0.00 -0.00 +0.02 +0.02
281  0.295  0.495  0.268  0.259  0.303   d: -0.00 +0.04 +0.02 +0.02 +0.00
282  0.289  0.533  0.284  0.251  0.290   d: -0.01 -0.02 +0.03 -0.01 -0.01
283  0.283  0.474  0.295  0.253  0.293   d: -0.01 -0.07 +0.01 +0.01 +0.01
284  0.276  0.468  0.295  0.263  0.296   d: -0.02 +0.03 -0.01 +0.02 +0.01
285  0.267  0.508  0.287  0.278  0.308   d: +0.00 +0.02 -0.01 +0.00 +0.01
286  0.279  0.490  0.284  0.266  0.302   d: +0.00 -0.01 +0.01 -0.01 +0.00
287  0.272  0.494  0.294  0.266  0.311   d: +0.00 -0.00 -0.00 -0.00 +0.01
288  0.282  0.485  0.283  0.261  0.312   d: -0.02 -0.02 -0.02 +0.01 -0.02
289  0.253  0.470  0.274  0.275  0.295   d: -0.17 -0.02 -0.02 +0.00 -0.04
290  0.109  0.470  0.264  0.264  0.269   d: -0.21 -0.02 -0.02 -0.01 -0.02
291  0.039  0.451  0.259  0.260  0.274   d: -0.06 -0.07 -0.02 +0.02 +0.02
292  0.053  0.400  0.241  0.288  0.284   d: -0.00 -0.04 -0.02 +0.03 -0.00
293  0.038  0.416  0.236  0.290  0.270   d: -0.04 +0.04 -0.01 -0.01 -0.02
294  0.016  0.436  0.235  0.277  0.266   d: -0.03 +0.04 -0.03 -0.00 +0.01
295  0.013  0.458  0.206  0.289  0.281   d: -0.00 +0.03 -0.07 +0.01 +0.01
296  0.015  0.463  0.166  0.289  0.280   d: +0.00 -0.00 -0.06 +0.01 -0.01
297  0.017  0.456  0.145  0.294  0.272   d: +0.00 +0.02 -0.03 -0.00 -0.01
298  0.017  0.482  0.135  0.286  0.267   d: +0.00 +0.07 -0.02 -0.02 -0.00
299  0.018  0.525  0.126  0.277  0.271   d: +0.00 +0.04 -0.02 -0.01 +0.01
300  0.019  0.527  0.111  0.275  0.275   d: +0.00 -0.02 -0.03 -0.02 +0.01
301  0.020  0.504  0.092  0.259  0.278   d: +0.00 -0.04 -0.03 -0.03 -0.01
302  0.021  0.484  0.079  0.241  0.268   d: +0.00 -0.02 -0.01 -0.03 -0.01
303  0.021  0.483  0.082  0.233  0.266   d: +0.00 -0.01 -0.00 +0.00 +0.00
304  0.022  0.474  0.078  0.241  0.269   d: +0.00 -0.01 -0.01 +0.03 +0.01
305  0.023  0.469  0.074  0.266  0.275   d: +0.00 -0.00 -0.00 +0.02 +0.00
306  0.023  0.470  0.073  0.266  0.274   d: +0.00 +0.01 -0.01 -0.00 -0.00
307  0.024  0.480  0.067  0.264  0.271   d: +0.00 +0.01 -0.01 -0.00 -0.00
308  0.026  0.483  0.058  0.265  0.271   d: +0.00 -0.00 -0.01 -0.00 +0.01
309  0.027  0.476  0.055  0.261  0.277   d: +0.00 -0.00 -0.00 -0.01 +0.01
310  0.029  0.483  0.053  0.257  0.278   d: +0.00 +0.01 -0.00 -0.00 +0.00
311  0.031  0.486  0.052  0.260  0.277   d: +0.00 -0.01 -0.00 +0.01 +0.00
312  0.032  0.476  0.051  0.265  0.280   d: +0.00 -0.02 +0.00 +0.00 +0.01
313  0.033  0.471  0.053  0.261  0.283   d: +0.00 -0.00 +0.00 -0.01 +0.00
314  0.034  0.472  0.053  0.258  0.282   d: +0.00 +0.00 -0.00 +0.00 -0.00
315  0.038  0.472  0.050  0.265  0.281   d: +0.01 -0.01 -0.00 +0.01 -0.00
316  0.040  0.464  0.051  0.270  0.280   d: +0.01 -0.01 +0.00 +0.00 -0.00
317  0.044  0.464  0.052  0.270  0.279   d: +0.01 +0.03 +0.00 +0.00 +0.00
318  0.049  0.493  0.055  0.275  0.282   d: +0.01 +0.03 +0.00 -0.00 -0.00
319  0.054  0.493  0.056  0.267  0.274   d: +0.01 -0.04 +0.00 +0.00 +0.00
320  0.057  0.456  0.058  0.275  0.284   d: +0.00 -0.03 +0.00 +0.01 +0.01
321  0.056  0.458  0.060  0.278  0.286   d: +0.00 +0.04 +0.00 -0.01 -0.01
322  0.061  0.495  0.063  0.266  0.274   d: +0.01 +0.01 +0.02 -0.01 -0.01
323  0.065  0.470  0.076  0.272  0.276   d: +0.00 -0.07 +0.03 +0.01 +0.00
324  0.064  0.420  0.092  0.279  0.277   d: +0.00 -0.05 +0.00 +0.01 +0.01
325  0.070  0.415  0.078  0.281  0.283   d: +0.02 +0.00 -0.02 +0.00 +0.01
326  0.079  0.424  0.071  0.284  0.283   d: +0.01 +0.01 +0.01 -0.00 -0.02
327  0.078  0.427  0.090  0.277  0.267   d: +0.00 +0.00 +0.03 -0.00 -0.01
328  0.080  0.429  0.097  0.281  0.274   d: +0.00 +0.00 +0.01 +0.00 +0.02
329  0.083  0.428  0.101  0.282  0.282   d: +0.01 +0.01 +0.01 -0.01 +0.01
330  0.087  0.442  0.108  0.267  0.280   d: +0.01 +0.01 +0.01 -0.02 -0.01
331  0.090  0.436  0.113  0.266  0.273   d: +0.01 +0.00 +0.01 +0.03 +0.01
332  0.095  0.443  0.119  0.293  0.289   d: +0.01 +0.00 +0.01 +0.01 +0.02
333  0.101  0.439  0.122  0.272  0.292   d: +0.01 -0.00 +0.01 -0.03 -0.01
334  0.107  0.439  0.126  0.259  0.280   d: +0.00 +0.01 +0.00 +0.00 -0.00
335  0.105  0.454  0.126  0.272  0.288   d: -0.00 +0.02 -0.00 +0.01 +0.02
336  0.105  0.459  0.126  0.274  0.299   d: +0.00 -0.00 -0.00 +0.00 +0.00
337  0.107  0.450  0.124  0.273  0.290   d: +0.00 -0.00 -0.00 +0.01 -0.01
338  0.109  0.455  0.122  0.279  0.292   d: +0.00 -0.02 -0.01 +0.00 -0.00
339  0.109  0.433  0.118  0.277  0.289   d: +0.00 -0.03 +0.00 -0.00 -0.00
340  0.110  0.420  0.122  0.276  0.291   d: -0.00 -0.02 +0.01 -0.00 +0.02
341  0.108  0.416  0.128  0.276  0.308   d: -0.00 +0.01 +0.01 +0.01 +0.03
342  0.108  0.428  0.136  0.281  0.325   d: -0.00 +0.01 +0.01 -0.00 -0.03
343  0.107  0.425  0.140  0.271  0.278   d: +0.00 +0.00 +0.01 -0.00 -0.05
344  0.109  0.428  0.150  0.276  0.278   d: -0.00 +0.00 +0.02 +0.01 +0.02
345  0.106  0.428  0.160  0.280  0.297   d: -0.00 +0.02 +0.02 +0.00 -0.01
346  0.105  0.444  0.171  0.281  0.270   d: +0.00 -0.00 +0.02 -0.01 -0.02
347  0.107  0.424  0.180  0.272  0.273   d: +0.01 -0.03 +0.03 -0.00 +0.01
348  0.113  0.413  0.201  0.278  0.278   d: +0.01 +0.00 +0.02 -0.00 -0.01
349  0.114  0.428  0.199  0.272  0.267   d: +0.00 +0.02 +0.01 -0.01 -0.01
350  0.117  0.435  0.208  0.270  0.269   d: -0.00 -0.01 +0.02 -0.00 -0.01
351  0.111  0.417  0.216  0.270  0.262   d: -0.01 -0.00 +0.03 +0.01 +0.00
352  0.109  0.434  0.236  0.279  0.271   d: -0.01 +0.03 +0.03 +0.01 +0.01
353  0.106  0.442  0.248  0.277  0.276   d: -0.01 +0.02 +0.03 -0.02 -0.00
354  0.102  0.451  0.270  0.264  0.270   d: -0.01 -0.00 +0.04 -0.02 -0.04
355  0.094  0.441  0.283  0.255  0.241   d: +0.05 +0.01 +0.04 -0.01 -0.02
356  0.156  0.465  0.309  0.252  0.250   d: +0.21 +0.03 +0.05 -0.01 +0.02
357  0.307  0.473  0.333  0.249  0.265   d: +0.28 +0.02 +0.05 +0.02 +0.03
358  0.434  0.484  0.359  0.269  0.283   d: +0.06 +0.01 +0.01 +0.02 +0.02
359  0.364  0.488  0.347  0.268  0.281   d: -0.23 +0.02 -0.07 +0.01 +0.01
360  0.199  0.503  0.287  0.281  0.293   d: -0.11 -0.00 -0.09 +0.00 -0.00
361  0.258  0.488  0.262  0.269  0.281   d: +0.07 -0.01 -0.01 +0.01 -0.00
362  0.272  0.490  0.281  0.288  0.290   d: +0.02 -0.00 +0.01 +0.02 +0.00
363  0.282  0.486  0.273  0.286  0.282   d: +0.02 -0.00 -0.01 -0.01 +0.00
364  0.290  0.486  0.275  0.280  0.294   d: -0.00 -0.01 -0.02 -0.01 +0.00
365  0.281  0.472  0.252  0.281  0.286   d: -0.00 -0.00 -0.01 +0.01 -0.01
366  0.288  0.481  0.262  0.291  0.287   d: +0.00 +0.00 +0.01 +0.01 +0.01
367  0.281  0.476  0.261  0.290  0.296   d: +0.01 +0.01 +0.00 +0.01 +0.02
368  0.298  0.488  0.263  0.297  0.308   d: +0.02 -0.00 -0.01 -0.01 -0.00
369  0.300  0.473  0.255  0.285  0.293   d: -0.01 +0.00 +0.01 +0.01 -0.01
370  0.284  0.492  0.274  0.311  0.300   d: -0.04 +0.01 +0.00 -0.00 -0.01
371  0.264  0.485  0.257  0.284  0.279   d: -0.02 -0.00 -0.05 -0.04 -0.01
372  0.262  0.490  0.225  0.275  0.292   d: -0.01 -0.00 -0.02 +0.03 +0.01
373  0.254  0.481  0.238  0.312  0.289   d: -0.00 -0.01 +0.05 +0.03 -0.01
374  0.258  0.479  0.278  0.305  0.285   d: -0.00 +0.01 +0.04 -0.03 -0.01
375  0.253  0.487  0.278  0.279  0.274   d: +0.02 +0.04 -0.01 -0.02 +0.02
376  0.275  0.519  0.273  0.283  0.306   d: +0.02 +0.03 -0.01 +0.00 +0.03
377  0.270  0.520  0.265  0.282  0.308   d: -0.01 +0.01 +0.00 +0.01 -0.00
378  0.268  0.528  0.278  0.288  0.301   d: +0.02 -0.01 +0.01 -0.00 -0.00
379  0.287  0.513  0.279  0.282  0.307   d: +0.05 -0.02 +0.01 +0.00 -0.01
380  0.317  0.511  0.286  0.291  0.296   d: +0.00 -0.03 +0.00 -0.01 -0.02
381  0.291  0.486  0.280  0.274  0.286   d: -0.06 +0.11 +0.02 -0.02 +0.01
382  0.258  0.620  0.307  0.275  0.310   d: -0.10 -0.17 -0.02 +0.02 +0.01
383  0.194  0.318  0.260  0.290  0.299   d: -0.03 -0.26 -0.13 +0.01 +0.01
384  0.226  0.359  0.179  0.285  0.317   d: +0.06 +0.14 -0.03 +0.01 +0.08
385  0.257  0.454  0.232  0.299  0.382   d: +0.06 +0.07 +0.08 +0.07 +0.05
386  0.281  0.432  0.259  0.354  0.370   d: +0.03 +0.03 +0.01 +0.04 -0.09
387  0.289  0.487  0.246  0.336  0.288   d: +0.02 +0.06 -0.01 -0.05 -0.03
388  0.305  0.487  0.251  0.306  0.343   d: -0.01 -0.01 +0.01 -0.04 -0.03
389  0.283  0.474  0.251  0.300  0.260   d: -0.01 +0.00 -0.00 +0.02 -0.12
390  0.293  0.490  0.248  0.324  0.224   d: -0.01 -0.03 -0.02 -0.06 +0.02
391  0.274  0.441  0.234  0.239  0.277   d: -0.01 -0.04 -0.00 -0.09 +0.07
392  0.278  0.455  0.248  0.235  0.297   d: +0.01 +0.06 +0.02 +0.06 +0.00
393  0.279  0.502  0.250  0.295  0.279   d: +0.01 +0.03 +0.02 +0.07 +0.00
394  0.286  0.484  0.271  0.300  0.301   d: -0.01 -0.04 +0.02 +0.00 +0.02
395  0.273  0.458  0.267  0.299  0.295   d: -0.01 +0.03 +0.00 +0.03 -0.02
396  0.275  0.510  0.274  0.326  0.284   d: -0.01 +0.06 +0.00 -0.01 -0.04
397  0.267  0.517  0.269  0.287  0.255   d: +0.01 -0.02 -0.00 -0.06 -0.00
398  0.281  0.494  0.269  0.269  0.281   d: +0.01 -0.02 +0.01 -0.02 +0.03
399  0.276  0.493  0.280  0.267  0.281   d: -0.01 -0.00 +0.04 +0.03 -0.02
400  0.273  0.494  0.307  0.303  0.265   d: -0.03 -0.02 -0.00 +0.03 -0.01
401  0.249  0.471  0.278  0.293  0.276   d: -0.00 -0.02 -0.01 -0.02 +0.04
402  0.269  0.470  0.295  0.286  0.305   d: +0.02 -0.02 +0.02 +0.00 +0.00
403  0.273  0.453  0.293  0.294  0.278   d: -0.00 -0.01 -0.01 +0.02 -0.02
404  0.266  0.465  0.285  0.302  0.285   d: -0.04 +0.01 -0.01 -0.01 -0.01
405  0.238  0.458  0.282  0.279  0.272   d: -0.19 +0.01 -0.01 -0.02 -0.02
406  0.076  0.474  0.275  0.283  0.265   d: -0.21 +0.02 -0.01 -0.00 -0.03
407  0.031  0.474  0.268  0.278  0.244   d: -0.03 -0.01 -0.01 -0.01 -0.01
408  0.047  0.464  0.265  0.275  0.253   d: -0.01 -0.03 -0.05 -0.03 +0.00
409  0.024  0.442  0.214  0.249  0.244   d: -0.03 -0.03 -0.06 +0.00 +0.02
410  0.013  0.437  0.208  0.277  0.272   d: -0.01 -0.01 -0.02 +0.04 +0.02
411  0.017  0.430  0.196  0.285  0.268   d: +0.01 -0.01 -0.02 +0.03 -0.01
412  0.019  0.431  0.185  0.303  0.263   d: +0.00 -0.02 -0.03 +0.02 +0.02
413  0.020  0.413  0.163  0.305  0.285   d: +0.00 -0.00 -0.04 -0.01 +0.02
414  0.023  0.428  0.145  0.294  0.282   d: +0.00 +0.02 -0.04 -0.02 -0.03
415  0.022  0.434  0.124  0.288  0.259   d: +0.00 -0.00 -0.03 -0.00 -0.01
416  0.026  0.427  0.116  0.290  0.275   d: +0.00 -0.02 -0.02 -0.03 +0.00
417  0.026  0.411  0.101  0.257  0.264   d: +0.00 +0.01 -0.02 -0.02 -0.00
418  0.029  0.438  0.097  0.266  0.273   d: +0.00 +0.02 -0.01 +0.01 +0.00
419  0.028  0.430  0.087  0.264  0.268   d: -0.00 +0.00 -0.01 +0.02 +0.00
420  0.029  0.443  0.091  0.285  0.278   d: +0.00 -0.01 -0.00 +0.01 +0.00
421  0.028  0.419  0.084  0.275  0.270   d: +0.00 -0.01 -0.01 -0.00 +0.00
422  0.030  0.432  0.076  0.284  0.282   d: +0.00 +0.01 -0.02 +0.01 +0.01
423  0.031  0.431  0.060  0.284  0.275   d: +0.00 -0.01 -0.02 +0.01 -0.00
424  0.033  0.420  0.056  0.292  0.277   d: +0.00 -0.01 -0.01 -0.01 -0.01
425  0.032  0.425  0.051  0.278  0.270   d: +0.00 +0.01 -0.00 -0.02 -0.00
426  0.035  0.430  0.055  0.275  0.273   d: +0.00 +0.00 -0.00 -0.01 +0.00
427  0.036  0.428  0.051  0.272  0.272   d: +0.01 +0.02 -0.00 +0.02 +0.00
428  0.041  0.445  0.052  0.290  0.275   d: +0.01 -0.00 -0.00 +0.01 -0.01
429  0.041  0.428  0.049  0.285  0.261   d: +0.00 -0.00 +0.00 -0.02 +0.00
430  0.043  0.442  0.053  0.274  0.276   d: +0.00 -0.00 +0.00 -0.02 +0.01
431  0.041  0.423  0.054  0.266  0.271   d: +0.00 -0.01 +0.01 +0.00 -0.00
432  0.046  0.436  0.061  0.277  0.273   d: +0.01 +0.00 +0.01 +0.01 +0.00
433  0.047  0.428  0.065  0.273  0.275   d: +0.01 +0.00 +0.01 -0.00 +0.00
434  0.052  0.440  0.071  0.277  0.275   d: +0.01 -0.00 +0.01 +0.00 -0.01
435  0.055  0.428  0.070  0.278  0.268   d: +0.01 +0.01 +0.00 -0.02 +0.01
436  0.062  0.453  0.075  0.259  0.284   d: +0.01 +0.02 +0.01 -0.03 +0.01
437  0.064  0.450  0.076  0.249  0.275   d: +0.01 -0.00 +0.00 +0.02 -0.03
438  0.072  0.449  0.079  0.282  0.258   d: +0.01 -0.02 +0.00 +0.04 -0.01
439  0.070  0.426  0.080  0.293  0.267   d: -0.01 -0.04 -0.01 +0.01 +0.02
440  0.063  0.405  0.066  0.293  0.276   d: +0.00 -0.04 -0.01 -0.01 -0.01
441  0.072  0.387  0.066  0.281  0.262   d: +0.02 +0.00 +0.03 -0.00 -0.01
442  0.086  0.408  0.098  0.291  0.267   d: +0.01 +0.01 +0.03 -0.02 -0.00
443  0.085  0.395  0.094  0.263  0.259   d: +0.00 +0.00 -0.01 -0.02 -0.00
444  0.086  0.410  0.092  0.272  0.266   d: -0.00 +0.00 -0.00 +0.02 +0.01
445  0.085  0.398  0.091  0.286  0.272   d: +0.00 +0.02 +0.00 +0.02 +0.00
446  0.089  0.425  0.097  0.288  0.270   d: +0.01 +0.04 +0.01 +0.01 -0.01
447  0.090  0.433  0.099  0.298  0.260   d: +0.01 +0.01 +0.01 -0.02 -0.01
448  0.096  0.438  0.105  0.271  0.265   d: +0.01 -0.01 +0.00 -0.03 +0.00
449  0.096  0.426  0.103  0.264  0.261   d: +0.00 -0.03 +0.01 -0.00 +0.00
450  0.101  0.413  0.110  0.267  0.268   d: +0.00 -0.00 +0.01 -0.01 +0.00
451  0.099  0.423  0.110  0.254  0.262   d: -0.00 +0.01 +0.01 +0.01 +0.00
452  0.097  0.418  0.117  0.275  0.272   d: -0.01 -0.02 +0.01 +0.02 -0.00
453  0.092  0.407  0.122  0.275  0.262   d: -0.00 +0.01 +0.00 -0.00 -0.00
454  0.095  0.426  0.117  0.274  0.271   d: +0.00 +0.00 -0.01 -0.00 +0.01
455  0.094  0.409  0.108  0.271  0.271   d: +0.01 -0.01 -0.00 +0.01 +0.00
456  0.100  0.421  0.116  0.281  0.272   d: +0.00 +0.03 +0.01 +0.01 +0.00
457  0.099  0.437  0.115  0.281  0.273   d: +0.00 +0.00 +0.00 +0.00 +0.01
458  0.103  0.423  0.119  0.286  0.284   d: +0.00 -0.04 +0.01 +0.00 -0.01
459  0.103  0.398  0.122  0.284  0.261   d: +0.00 -0.00 +0.02 -0.01 -0.02
460  0.106  0.420  0.138  0.276  0.267   d: -0.00 +0.01 +0.02 -0.02 +0.01
461  0.099  0.412  0.143  0.267  0.273   d: -0.00 -0.00 +0.02 -0.00 +0.01
462  0.104  0.418  0.161  0.272  0.274   d: +0.00 +0.01 +0.03 +0.01 -0.01
463  0.103  0.420  0.175  0.277  0.260   d: +0.00 +0.02 +0.03 -0.01 -0.01
464  0.108  0.434  0.192  0.262  0.269   d: +0.00 +0.01 +0.02 -0.04 +0.01
465  0.104  0.433  0.194  0.241  0.271   d: -0.00 +0.00 +0.01 -0.00 +0.01
466  0.104  0.438  0.206  0.259  0.275   d: -0.01 -0.02 +0.02 -0.00 -0.01
467  0.099  0.417  0.212  0.236  0.259   d: -0.00 -0.05 +0.02 -0.03 -0.01
468  0.103  0.386  0.223  0.233  0.265   d: +0.00 -0.04 +0.02 +0.02 -0.01
469  0.102  0.379  0.230  0.252  0.251   d: -0.00 +0.01 +0.01 +0.04 -0.01
470  0.102  0.395  0.238  0.269  0.256   d: -0.00 -0.01 +0.01 -0.01 -0.00
471  0.101  0.367  0.244  0.242  0.247   d: +0.00 -0.01 +0.03 -0.04 -0.00
472  0.102  0.387  0.264  0.233  0.256   d: -0.02 +0.04 +0.05 -0.01 +0.00
473  0.077  0.406  0.290  0.233  0.248   d: +0.05 +0.03 +0.05 +0.01 +0.00
474  0.149  0.422  0.318  0.245  0.259   d: +0.19 +0.04 +0.06 +0.01 -0.00
475  0.272  0.446  0.347  0.242  0.247   d: +0.26 +0.04 +0.04 +0.03 -0.00
476  0.404  0.464  0.354  0.272  0.258   d: +0.32 -0.01 +0.00 +0.01 +0.02
477  0.590  0.433  0.350  0.253  0.266   d: -0.04 -0.03 -0.07 -0.03 -0.02
478  0.367  0.432  0.287  0.243  0.234   d: -0.36 +0.03 -0.10 -0.00 -0.06
479  0.234  0.463  0.250  0.252  0.210   d: -0.10 +0.02 -0.01 +0.01 +0.00
480  0.271  0.452  0.281  0.257  0.236   d: +0.03 -0.05 +0.04 +0.00 +0.04
481  0.267  0.416  0.294  0.253  0.246   d: +0.01 -0.03 +0.00 +0.00 +0.02
482  0.280  0.418  0.282  0.262  0.257   d: +0.01 -0.01 -0.03 -0.01 +0.01
483  0.273  0.404  0.268  0.243  0.252   d: -0.00 +0.02 -0.01 +0.01 -0.00
484  0.277  0.434  0.274  0.271  0.255   d: +0.01 +0.02 +0.00 +0.02 +0.01
485  0.283  0.419  0.269  0.263  0.261   d: +0.00 -0.00 -0.01 -0.04 +0.01
486  0.277  0.431  0.263  0.233  0.269   d: -0.03 +0.05 -0.01 -0.01 +0.00
487  0.256  0.465  0.260  0.256  0.265   d: -0.02 +0.02 -0.02 +0.05 -0.01
488  0.260  0.451  0.244  0.282  0.263   d: +0.01 -0.01 -0.02 +0.01 -0.01
489  0.264  0.453  0.242  0.270  0.251   d: +0.01 +0.03 +0.00 -0.01 +0.02
490  0.272  0.484  0.248  0.276  0.278   d: +0.00 +0.03 -0.02 -0.00 +0.02
491  0.267  0.479  0.223  0.265  0.273   d: +0.01 -0.00 -0.01 -0.02 -0.02
492  0.278  0.480  0.239  0.259  0.258   d: +0.02 -0.00 +0.03 -0.01 -0.04
493  0.284  0.475  0.252  0.257  0.238   d: +0.01 -0.00 +0.01 +0.01 -0.00
494  0.287  0.478  0.246  0.272  0.255   d: -0.00 +0.00 -0.01 +0.01 +0.04
495  0.281  0.478  0.245  0.266  0.279   d: -0.01 +0.00 +0.01 -0.00 +0.02
496  0.275  0.480  0.261  0.269  0.279   d: -0.00 +0.02 +0.01 +0.02 -0.02
497  0.281  0.502  0.258  0.291  0.256   d: +0.04 -0.00 +0.01 +0.04 -0.03
498  0.311  0.477  0.269  0.306  0.253   d: +0.06 -0.09 +0.02 -0.00 +0.00
499  0.344  0.415  0.280  0.288  0.258   d: +0.01 -0.11 +0.02 -0.02 -0.00
500  0.323  0.368  0.285  0.284  0.250   d: -0.05 -0.12 -0.00 -0.00 -0.01
501  0.297  0.296  0.276  0.287  0.253   d: -0.03 +0.04 -0.01 +0.02 +0.07
502  0.289  0.408  0.276  0.305  0.315   d: -0.06 +0.15 -0.04 +0.04 +0.10
503  0.237  0.442  0.237  0.325  0.351   d: -0.06 -0.04 -0.09 +0.01 +0.04
504  0.234  0.367  0.186  0.318  0.354   d: +0.03 -0.02 -0.02 -0.03 -0.04
505  0.267  0.425  0.220  0.294  0.310   d: +0.04 +0.13 +0.08 +0.01 -0.04
506  0.278  0.497  0.264  0.327  0.319   d: +0.02 +0.05 +0.05 +0.05 +0.07
507  0.283  0.474  0.267  0.348  0.378   d: +0.02 -0.04 +0.02 -0.07 -0.05
508  0.302  0.453  0.280  0.257  0.273   d: +0.02 -0.01 +0.01 +0.01 -0.20
509  0.305  0.463  0.281  0.357  0.182   d: -0.00 -0.00 -0.01 +0.08 -0.05
510  0.299  0.453  0.271  0.334  0.221   d: -0.03 -0.02 -0.01 -0.18 +0.06
511  0.279  0.443  0.272  0.173  0.238   d: -0.03 -0.00 +0.00 -0.13 +0.03
512  0.266  0.448  0.274  0.207  0.246   d: -0.02 -0.01 -0.02 +0.09 +0.01
513  0.255  0.434  0.257  0.259  0.252   d: -0.02 -0.01 -0.02 +0.07 +0.00
514  0.249  0.435  0.254  0.273  0.249   d: +0.01 +0.00 +0.00 +0.02 -0.02
515  0.265  0.436  0.259  0.278  0.236   d: +0.02 +0.01 +0.00 +0.01 -0.01
516  0.273  0.444  0.254  0.285  0.239   d: -0.00 +0.00 -0.01 -0.00 +0.01
517  0.262  0.440  0.251  0.277  0.243   d: -0.00 -0.00 +0.01 -0.02 +0.00
518  0.268  0.441  0.260  0.261  0.241   d: +0.02 +0.04 +0.02 -0.02 +0.01
519  0.280  0.475  0.273  0.255  0.253   d: +0.00 +0.02 +0.01 +0.04 +0.03
520  0.273  0.457  0.270  0.302  0.270   d: -0.02 -0.05 -0.02 +0.07 +0.03
521  0.261  0.428  0.257  0.326  0.280   d: -0.02 -0.02 -0.00 -0.00 +0.01
522  0.255  0.442  0.267  0.301  0.281   d: -0.01 +0.02 +0.03 -0.03 -0.02
523  0.254  0.444  0.284  0.294  0.264   d: +0.03 +0.00 +0.00 -0.02 -0.03
524  0.284  0.446  0.270  0.281  0.254   d: -0.00 +0.02 -0.03 -0.03 +0.01
525  0.253  0.462  0.256  0.269  0.274   d: -0.18 +0.02 -0.01 -0.01 +0.03
526  0.105  0.468  0.259  0.271  0.280   d: -0.22 -0.00 +0.00 +0.01 -0.01
527  0.033  0.457  0.261  0.276  0.262   d: -0.07 -0.01 -0.02 +0.00 -0.02
528  0.037  0.454  0.242  0.273  0.260   d: -0.01 -0.00 -0.05 -0.00 +0.01
529  0.025  0.457  0.211  0.271  0.273   d: -0.01 -0.03 -0.04 -0.01 +0.01
530  0.023  0.422  0.198  0.267  0.274   d: +0.00 -0.06 -0.02 -0.00 -0.00
531  0.025  0.399  0.188  0.267  0.270   d: +0.00 -0.00 -0.02 +0.01 +0.01
532  0.025  0.417  0.176  0.272  0.280   d: +0.00 +0.02 -0.03 +0.01 +0.03
533  0.026  0.424  0.157  0.280  0.297   d: +0.00 +0.00 -0.04 +0.01 -0.01
534  0.026  0.417  0.132  0.282  0.270   d: +0.00 -0.00 -0.04 +0.00 -0.04
535  0.027  0.423  0.119  0.280  0.260   d: +0.00 -0.00 -0.02 +0.00 +0.00
536  0.029  0.417  0.108  0.283  0.270   d: +0.00 -0.02 -0.02 -0.00 +0.01
537  0.030  0.405  0.096  0.278  0.268   d: +0.00 -0.02 -0.02 -0.02 -0.01
538  0.030  0.395  0.083  0.265  0.261   d: +0.00 +0.00 -0.01 -0.02 -0.00
539  0.032  0.409  0.085  0.261  0.265   d: +0.00 +0.03 +0.00 -0.02 -0.00
540  0.032  0.424  0.086  0.244  0.259   d: +0.00 +0.02 -0.01 -0.01 +0.01
541  0.033  0.430  0.077  0.250  0.270   d: +0.00 +0.00 -0.01 +0.02 +0.01
542  0.034  0.427  0.072  0.261  0.270   d: +0.00 +0.01 -0.01 +0.01 -0.01
543  0.037  0.437  0.068  0.261  0.262   d: +0.00 +0.01 -0.02 -0.00 -0.02
544  0.038  0.438  0.057  0.258  0.253   d: +0.00 -0.00 -0.01 +0.01 +0.01
545  0.040  0.436  0.054  0.270  0.269   d: +0.00 -0.01 -0.01 +0.01 +0.02
546  0.040  0.423  0.050  0.266  0.269   d: +0.00 -0.02 -0.00 -0.01 -0.00
547  0.042  0.418  0.051  0.255  0.265   d: +0.00 +0.00 +0.00 -0.01 -0.02
548  0.043  0.424  0.051  0.253  0.253   d: +0.00 -0.00 +0.00 -0.00 -0.00
549  0.046  0.416  0.055  0.254  0.262   d: +0.00 -0.02 +0.00 -0.01 +0.02
550  0.045  0.403  0.056  0.247  0.269   d: +0.00 +0.00 +0.01 +0.00 -0.00
551  0.046  0.416  0.062  0.259  0.260   d: +0.00 +0.01 +0.01 +0.01 -0.01
552  0.049  0.415  0.065  0.259  0.257   d: +0.01 -0.00 +0.00 +0.00 +0.00
553  0.053  0.414  0.067  0.260  0.260   d: +0.01 +0.01 +0.00 -0.01 -0.00
554  0.054  0.420  0.068  0.253  0.254   d: +0.01 +0.01 +0.00 -0.01 +0.00
555  0.058  0.428  0.071  0.252  0.260   d: +0.00 -0.01 +0.00 -0.00 +0.01
556  0.059  0.414  0.072  0.248  0.260   d: -0.01 -0.02 +0.01 +0.00 -0.00
557  0.051  0.407  0.081  0.253  0.260   d: -0.00 -0.01 +0.01 +0.00 -0.00
558  0.056  0.404  0.085  0.252  0.259   d: +0.02 +0.03 +0.00 +0.01 -0.00
559  0.072  0.432  0.083  0.258  0.259   d: +0.01 +0.02 -0.01 +0.00 -0.01
560  0.063  0.422  0.078  0.255  0.251   d: -0.01 -0.03 -0.00 -0.00 -0.01
561  0.067  0.399  0.083  0.258  0.253   d: +0.01 -0.02 +0.02 +0.01 -0.00
562  0.072  0.402  0.094  0.261  0.249   d: +0.01 +0.03 +0.01 +0.01 -0.01
563  0.074  0.427  0.092  0.266  0.242   d: -0.00 +0.01 -0.00 -0.00 -0.02
564  0.071  0.415  0.090  0.257  0.226   d: +0.00 -0.02 -0.00 +0.00 -0.00
565  0.075  0.404  0.092  0.266  0.241   d: +0.00 -0.02 +0.00 -0.00 +0.01
566  0.074  0.399  0.091  0.254  0.238   d: +0.01 +0.02 +0.00 -0.00 -0.02
567  0.081  0.424  0.095  0.264  0.224   d: +0.01 +0.01 +0.00 +0.01 -0.01
568  0.085  0.408  0.095  0.264  0.229   d: +0.01 -0.01 +0.00 -0.01 +0.03
569  0.090  0.410  0.098  0.255  0.259   d: +0.00 +0.02 +0.00 -0.01 +0.05
570  0.089  0.429  0.099  0.251  0.279   d: +0.00 +0.01 +0.01 +0.01 -0.00
571  0.092  0.416  0.106  0.267  0.258   d: +0.00 -0.03 +0.01 +0.01 -0.05
572  0.089  0.399  0.105  0.256  0.232   d: +0.00 +0.00 +0.00 -0.00 -0.01
573  0.094  0.417  0.108  0.267  0.249   d: +0.00 +0.01 -0.00 +0.00 +0.02
574  0.094  0.412  0.105  0.261  0.251   d: +0.01 +0.00 +0.00 -0.02 -0.02
575  0.099  0.421  0.111  0.249  0.234   d: +0.00 -0.00 +0.01 -0.01 -0.03
576  0.098  0.412  0.111  0.253  0.223   d: -0.00 -0.01 +0.01 +0.01 +0.00
577  0.097  0.409  0.118  0.262  0.237   d: -0.01 -0.01 +0.01 -0.00 +0.03
578  0.091  0.399  0.125  0.253  0.249   d: -0.01 +0.01 +0.02 +0.00 +0.01
579  0.090  0.420  0.138  0.266  0.247   d: -0.01 +0.01 +0.02 -0.01 -0.00
580  0.085  0.413  0.148  0.246  0.247   d: -0.00 -0.02 +0.02 -0.02 -0.00
581  0.086  0.396  0.163  0.242  0.246   d: -0.00 -0.01 +0.02 +0.02 -0.01
582  0.082  0.400  0.166  0.262  0.239   d: -0.00 +0.02 +0.02 +0.02 -0.00
583  0.083  0.412  0.186  0.264  0.244   d: -0.00 +0.00 +0.03 -0.01 +0.00
584  0.081  0.402  0.200  0.255  0.242   d: +0.00 -0.00 +0.03 -0.00 +0.01
585  0.083  0.411  0.213  0.263  0.253   d: -0.00 -0.01 +0.02 +0.01 +0.01
586  0.080  0.393  0.216  0.261  0.247   d: -0.00 -0.02 +0.01 -0.01 -0.01
587  0.082  0.393  0.221  0.255  0.238   d: +0.00 -0.01 -0.00 -0.03 -0.01
588  0.081  0.382  0.215  0.231  0.235   d: +0.00 +0.00 +0.01 +0.00 +0.01
589  0.083  0.396  0.231  0.257  0.247   d: -0.00 +0.01 +0.03 +0.04 +0.01
590  0.079  0.387  0.245  0.268  0.240   d: -0.01 +0.01 +0.03 +0.01 -0.00
591  0.077  0.410  0.259  0.267  0.243   d: -0.01 -0.01 +0.02 -0.02 +0.02
592  0.070  0.378  0.269  0.245  0.256   d: -0.02 -0.03 +0.02 -0.02 -0.00
593  0.055  0.381  0.284  0.248  0.241   d: +0.05 +0.02 +0.04 +0.00 -0.02
594  0.120  0.396  0.310  0.249  0.233   d: +0.24 +0.02 +0.04 +0.00 +0.00
595  0.291  0.402  0.324  0.251  0.243   d: +0.26 +0.04 +0.02 -0.01 +0.01
596  0.382  0.437  0.327  0.237  0.247   d: +0.24 +0.16 +0.00 -0.00 +0.00
597  0.534  0.558  0.328  0.248  0.245   d: +0.05 +0.09 -0.06 -0.00 -0.02
598  0.433  0.526  0.269  0.234  0.227   d: -0.27 -0.06 -0.06 -0.00 +0.00
599  0.259  0.495  0.273  0.246  0.249   d: -0.16 -0.04 +0.02 -0.00 +0.02
600  0.268  0.485  0.290  0.231  0.250   d: +0.02 -0.04 +0.01 -0.02 +0.00
601  0.276  0.457  0.283  0.222  0.253   d: -0.01 -0.04 -0.06 +0.02 +0.01
602  0.262  0.444  0.231  0.250  0.260   d: -0.00 -0.02 -0.07 +0.08 +0.02
603  0.274  0.442  0.217  0.300  0.272   d: +0.00 -0.01 -0.03 +0.06 -0.01
604  0.267  0.431  0.204  0.307  0.246   d: -0.00 +0.02 +0.01 +0.03 -0.03
605  0.274  0.460  0.223  0.328  0.242   d: +0.00 +0.01 +0.02 +0.01 -0.02
606  0.268  0.438  0.225  0.318  0.229   d: +0.00 -0.05 +0.01 -0.02 -0.00
607  0.274  0.407  0.236  0.308  0.242   d: +0.00 -0.01 -0.00 -0.04 +0.01
608  0.269  0.430  0.225  0.277  0.240   d: -0.00 +0.02 -0.01 -0.04 -0.00
609  0.270  0.429  0.228  0.267  0.241   d: -0.01 -0.04 -0.01 -0.03 -0.01
610  0.261  0.391  0.211  0.251  0.227   d: -0.00 -0.04 -0.00 -0.00 -0.00
611  0.268  0.391  0.224  0.265  0.240   d: +0.01 +0.01 +0.01 -0.01 +0.01
612  0.269  0.398  0.222  0.245  0.234   d: -0.00 -0.01 +0.01 -0.02 +0.01
613  0.265  0.379  0.231  0.248  0.246   d: -0.03 -0.07 -0.01 -0.01 +0.01
614  0.239  0.325  0.213  0.239  0.239   d: -0.03 -0.04 -0.03 +0.00 -0.01
615  0.233  0.341  0.205  0.249  0.239   d: -0.01 -0.00 -0.02 +0.02 -0.01
616  0.232  0.323  0.197  0.254  0.234   d: +0.01 +0.00 -0.01 +0.01 +0.00
617  0.242  0.343  0.196  0.256  0.242   d: +0.00 +0.04 -0.01 -0.01 +0.03
618  0.235  0.360  0.185  0.240  0.263   d: -0.01 -0.03 -0.01 +0.00 +0.01
619  0.235  0.310  0.185  0.258  0.257   d: -0.03 -0.03 +0.02 +0.01 -0.02
620  0.207  0.335  0.208  0.246  0.240   d: -0.02 +0.07 +0.02 -0.00 -0.02
621  0.218  0.375  0.200  0.258  0.240   d: +0.03 -0.00 -0.03 +0.04 -0.02
622  0.237  0.332  0.176  0.283  0.220   d: +0.02 -0.05 -0.01 -0.00 -0.00
623  0.242  0.327  0.194  0.257  0.237   d: +0.00 +0.01 +0.00 -0.07 +0.00
624  0.242  0.338  0.181  0.214  0.224   d: +0.01 +0.02 -0.02 -0.05 +0.01
625  0.255  0.351  0.173  0.206  0.252   d: -0.02 +0.02 -0.02 -0.03 +0.04
626  0.221  0.354  0.165  0.185  0.266   d: -0.04 +0.02 -0.00 -0.00 +0.01
627  0.216  0.367  0.171  0.203  0.261   d: -0.03 +0.02 +0.01 +0.02 -0.03
628  0.196  0.377  0.174  0.208  0.239   d: -0.01 +0.09 +0.02 +0.03 -0.03
629  0.210  0.455  0.193  0.233  0.232   d: +0.02 +0.15 +0.02 +0.01 +0.00
630  0.212  0.527  0.196  0.221  0.240   d: +0.08 +0.22 +0.04 -0.00 +0.01
631  0.286  0.676  0.231  0.230  0.241   d: +0.19 +0.22 +0.08 -0.00 +0.03
632  0.403  0.752  0.271  0.220  0.266   d: +0.17 -0.03 +0.14 -0.00 +0.21
633  0.457  0.641  0.368  0.228  0.453   d: +0.10 -0.30 +0.15 +0.00 +0.18
634  0.503  0.456  0.425  0.221  0.444   d: -0.05 -0.30 +0.10 +0.05 -0.14
635  0.409  0.342  0.471  0.279  0.313   d: -0.28 -0.11 -0.05 +0.19 -0.08
636  0.224  0.346  0.375  0.408  0.364   d: -0.18 -0.00 -0.20 +0.16 +0.07
637  0.231  0.339  0.270  0.434  0.381   d: +0.01 +0.01 -0.08 +0.05 -0.16
638  0.239  0.355  0.292  0.453  0.201   d: +0.00 +0.07 +0.01 -0.08 -0.21
639  0.233  0.406  0.284  0.351  0.172   d: -0.01 +0.02 +0.00 -0.10 -0.02
640  0.232  0.371  0.295  0.353  0.181   d: -0.05 -0.14 -0.01 +0.02 +0.00
641  0.183  0.268  0.278  0.371  0.174   d: +0.11 +0.31 -0.06 -0.15 +0.01
642  0.339  0.685  0.237  0.203  0.194   d: +0.31 +0.37 +0.11 -0.16 -0.00
643  0.493  0.633  0.388  0.212  0.172   d: -0.14 -0.28 +0.09 +0.01 +0.00
644  0.198  0.409  0.327  0.216  0.199   d: -0.35 -0.24 -0.28 -0.03 +0.46
645  0.147  0.391  0.112  0.177  0.637   d: -0.05 -0.04 -0.20 -0.03 +0.11
646  0.146  0.373  0.125  0.189  0.309   d: -0.03 +0.03 +0.01 -0.02 -0.46
647  0.119  0.416  0.125  0.156  0.176   d: -0.04 +0.04 -0.01 +0.02 -0.14
648  0.103  0.416  0.114  0.214  0.165   d: -0.00 -0.05 +0.00 +0.38 -0.02
649  0.116  0.369  0.126  0.538  0.152   d: +0.00 -0.08 -0.01 +0.00 -0.01
650  0.105  0.334  0.099  0.218  0.153   d: -0.01 -0.04 -0.04 -0.37 +0.01
651  0.108  0.333  0.083  0.165  0.163   d: -0.01 -0.03 -0.02 -0.03 -0.01
652  0.096  0.303  0.078  0.184  0.147   d: -0.00 -0.01 +0.01 +0.01 -0.00
653  0.105  0.327  0.096  0.177  0.161   d: +0.00 -0.00 +0.01 -0.02 +0.01
654  0.100  0.302  0.083  0.165  0.157   d: -0.01 -0.03 -0.01 -0.00 -0.01
655  0.096  0.295  0.083  0.176  0.154   d: -0.01 +0.01 -0.00 +0.01 -0.01
656  0.087  0.311  0.079  0.170  0.151   d: -0.00 +0.03 -0.00 -0.00 +0.00
657  0.095  0.329  0.079  0.172  0.158   d: +0.03 -0.01 -0.00 -0.01 -0.00
658  0.118  0.297  0.075  0.156  0.149   d: +0.02 -0.04 +0.00 -0.02 -0.00
659  0.118  0.286  0.082  0.157  0.158   d: -0.03 -0.01 -0.00 -0.01 +0.00
660  0.092  0.291  0.071  0.146  0.149   d: +0.00 -0.00 +0.00 +0.00 -0.01
661  0.121  0.285  0.086  0.158  0.145   d: +0.02 -0.02 +0.01 +0.00 -0.00
662  0.109  0.270  0.078  0.151  0.146   d: -0.01 +0.01 -0.00 -0.01 +0.00
663  0.110  0.299  0.086  0.147  0.148   d: +0.00 +0.04 +0.01 -0.01 -0.00
664  0.111  0.309  0.092  0.137  0.141   d: +0.00 -0.02 +0.01 -0.01 +0.01
665  0.115  0.277  0.092  0.137  0.157   d: +0.00 -0.04 +0.00 -0.00 +0.01
666  0.115  0.267  0.095  0.133  0.148   d: +0.04 +0.02 -0.00 +0.01 -0.01
667  0.157  0.296  0.090  0.146  0.148   d: +0.02 +0.04 -0.01 +0.01 -0.01
668  0.134  0.308  0.086  0.140  0.141   d: -0.03 +0.02 -0.01 -0.01 +0.00
669  0.130  0.314  0.076  0.140  0.149   d: -0.01 -0.04 -0.01 -0.00 +0.00
670  0.127  0.268  0.074  0.138  0.144   d: -0.02 -0.00 +0.00 +0.01 +0.00
671  0.105  0.310  0.079  0.145  0.150   d: -0.04 +0.01 -0.00 +0.01 +0.00
672  0.091  0.276  0.069  0.145  0.146   d: -0.00 -0.04 -0.01 -0.00 +0.00
673  0.100  0.265  0.072  0.145  0.152   d: +0.02 -0.01 +0.01 -0.01 +0.00
674  0.116  0.267  0.078  0.137  0.147   d: +0.01 +0.03 +0.01 +0.01 +0.00
675  0.112  0.296  0.081  0.152  0.157   d: -0.03 +0.03 -0.00 +0.02 +0.01
676  0.081  0.301  0.076  0.152  0.153   d: -0.03 +0.02 +0.00 -0.02 -0.00
677  0.086  0.320  0.081  0.133  0.153   d: +0.01 +0.02 +0.01 -0.02 +0.02
678  0.090  0.317  0.085  0.129  0.169   d: +0.01 +0.00 +0.01 +0.04 +0.02
679  0.096  0.320  0.091  0.169  0.171   d: +0.01 +0.01 +0.00 +0.03 -0.01
680  0.100  0.327  0.088  0.159  0.162   d: +0.01 +0.00 +0.02 -0.03 -0.00
681  0.104  0.325  0.113  0.141  0.167   d: -0.00 -0.02 +0.03 -0.01 -0.00
682  0.097  0.304  0.122  0.153  0.159   d: +0.02 +0.00 -0.01 +0.02 -0.00
683  0.122  0.327  0.105  0.164  0.166   d: +0.01 +0.03 -0.03 -0.00 -0.00
684  0.107  0.332  0.093  0.151  0.156   d: -0.03 -0.00 +0.00 -0.00 +0.00
685  0.094  0.324  0.106  0.161  0.170   d: -0.02 -0.03 +0.01 +0.00 +0.02
686  0.087  0.300  0.104  0.155  0.171   d: -0.00 -0.02 +0.00 +0.01 -0.00
687  0.094  0.303  0.108  0.172  0.166   d: -0.00 +0.02 -0.01 +0.01 -0.02
688  0.084  0.315  0.098  0.163  0.154   d: -0.01 +0.03 -0.02 -0.03 -0.01
689  0.084  0.333  0.089  0.143  0.160   d: +0.01 -0.00 -0.01 -0.01 +0.00
690  0.096  0.313  0.085  0.152  0.156   d: +0.02 -0.03 +0.00 +0.03 -0.01
691  0.099  0.302  0.090  0.168  0.151   d: -0.01 -0.02 -0.00 +0.00 -0.01
692  0.090  0.292  0.082  0.154  0.143   d: -0.00 -0.02 +0.00 -0.00 +0.00
693  0.095  0.283  0.093  0.165  0.155   d: -0.00 -0.00 +0.02 +0.02 +0.02
694  0.090  0.287  0.099  0.172  0.164   d: +0.00 +0.01 -0.00 +0.02 -0.00
695  0.096  0.298  0.093  0.182  0.153   d: +0.01 +0.02 -0.01 -0.00 -0.03
696  0.101  0.303  0.090  0.171  0.138   d: +0.01 +0.01 +0.02 -0.02 -0.00
697  0.109  0.308  0.109  0.162  0.151   d: -0.00 +0.00 +0.01 -0.00 +0.01
698  0.100  0.307  0.103  0.168  0.146   d: -0.01 +0.00 +0.00 +0.02 -0.01
699  0.100  0.308  0.109  0.180  0.139   d: +0.03 -0.16 +0.04 +0.00 -0.01
700  0.127  0.147  0.141  0.172  0.131   d: +0.06 -0.25 +0.03 -0.01 +0.00
701  0.158  0.058  0.139  0.174  0.140   d: -0.03 -0.06 -0.03 -0.01 +0.01
702  0.101  0.083  0.108  0.161  0.140   d: -0.11 +0.02 -0.04 -0.02 +0.01
703  0.045  0.081  0.100  0.159  0.152   d: -0.06 -0.01 -0.02 +0.02 +0.03
704  0.038  0.076  0.091  0.177  0.166   d: -0.01 +0.00 -0.01 +0.02 +0.03
705  0.039  0.082  0.087  0.181  0.184   d: +0.00 +0.00 +0.03 -0.02 +0.00
706  0.040  0.078  0.121  0.158  0.170   d: +0.01 -0.00 +0.01 -0.01 -0.09
707  0.046  0.078  0.098  0.167  0.092   d: +0.00 -0.00 -0.09 -0.00 -0.13
708  0.042  0.075  0.032  0.157  0.036   d: -0.01 -0.01 -0.08 -0.02 -0.06
709  0.039  0.072  0.020  0.150  0.031   d: -0.00 -0.00 -0.01 +0.01 -0.00
710  0.038  0.071  0.023  0.166  0.032   d: -0.00 -0.02 -0.00 -0.03 +0.00
711  0.037  0.056  0.018  0.118  0.032   d: -0.01 -0.00 -0.01 -0.12 +0.00
712  0.033  0.068  0.015  0.049  0.033   d: -0.01 +0.03 -0.00 -0.08 -0.00
713  0.025  0.090  0.014  0.033  0.028   d: -0.00 -0.03 +0.00 -0.02 -0.01
714  0.032  0.034  0.017  0.034  0.020   d: +0.00 -0.04 -0.00 -0.00 -0.02
715  0.028  0.053  0.012  0.029  0.010   d: -0.03 +0.10 -0.01 -0.01 +0.01
716  0.006  0.129  0.002  0.022  0.026   d: +0.04 +0.09 +0.04 -0.01 +0.07
717  0.070  0.144  0.056  0.018  0.078   d: +0.12 +0.02 +0.12 -0.00 +0.09
718  0.127  0.148  0.122  0.019  0.114   d: +0.06 +0.02 +0.09 -0.01 +0.05
719  0.130  0.161  0.141  0.012  0.127   d: +0.01 +0.02 +0.03 -0.01 +0.02
720  0.135  0.172  0.149  0.008  0.138   d: +0.01 +0.03 +0.02 +0.05 +0.02
721  0.144  0.188  0.157  0.058  0.149   d: +0.02 +0.03 +0.01 +0.09 +0.02
722  0.150  0.200  0.159  0.103  0.159   d: +0.02 +0.02 +0.01 +0.06 +0.02
723  0.165  0.208  0.163  0.118  0.171   d: +0.03 +0.01 +0.01 +0.03 +0.02
724  0.177  0.214  0.168  0.133  0.180   d: +0.01 +0.01 +0.01 +0.03 +0.01
